0 0.1814903846153846 0.7560096153846154 0.021634615384615384 0.06129807692307692
0 0.4855769230769231 0.38822115384615385 0.019230769230769232 0.052884615384615384
0 0.46033653846153844 0.7896634615384616 0.036057692307692304 0.04807692307692308
0 0.18629807692307693 0.8990384615384616 0.016826923076923076 0.046875
0 0.3293269230769231 0.25600961538461536 0.027644230769230768 0.046875
0 0.4014423076923077 0.8076923076923077 0.021634615384615384 0.046875
0 0.39903846153846156 0.25721153846153844 0.030048076923076924 0.046875
0 0.42788461538461536 0.859375 0.020432692307692308 0.04326923076923077
0 0.4074519230769231 0.3786057692307692 0.02403846153846154 0.042067307692307696
0 0.43509615384615385 0.2536057692307692 0.038461538461538464 0.042067307692307696
0 0.7704326923076923 0.27884615384615385 0.05889423076923077 0.042067307692307696
0 0.27283653846153844 0.890625 0.036057692307692304 0.037259615384615384
0 0.4951923076923077 0.3401442307692308 0.025240384615384616 0.036057692307692304
0 0.25600961538461536 0.8293269230769231 0.056490384615384616 0.037259615384615384
0 0.6730769230769231 0.27163461538461536 0.019230769230769232 0.03485576923076923
0 0.44591346153846156 0.32211538461538464 0.020432692307692308 0.03485576923076923
0 0.12379807692307693 0.5973557692307693 0.037259615384615384 0.036057692307692304
0 0.5504807692307693 0.17548076923076922 0.030048076923076924 0.03485576923076923
0 0.14182692307692307 0.7536057692307693 0.046875 0.03245192307692308
0 0.17668269230769232 0.9326923076923077 0.019230769230769232 0.030048076923076924
4 0.46153846153846156 0.08173076923076923 0.0733173076923077 0.03125
0 0.2536057692307692 0.8100961538461539 0.025240384615384616 0.026442307692307692
0 0.18509615384615385 0.4987980769230769 0.026442307692307692 0.025240384615384616
0 0.9855769230769231 0.3245192307692308 0.010817307692307692 0.02403846153846154
0 0.5300480769230769 0.3894230769230769 0.03485576923076923 0.02403846153846154
0 0.4579326923076923 0.41586538461538464 0.009615384615384616 0.021634615384615384
0 0.2403846153846154 0.5012019230769231 0.020432692307692308 0.021634615384615384
0 0.2091346153846154 0.9230769230769231 0.030048076923076924 0.021634615384615384
0 0.5673076923076923 0.4338942307692308 0.03245192307692308 0.021634615384615384
0 0.5 0.3737980769230769 0.02403846153846154 0.021634615384615384
0 0.34375 0.4807692307692308 0.021634615384615384 0.021634615384615384
0 0.14903846153846154 0.5120192307692307 0.027644230769230768 0.021634615384615384
0 0.47836538461538464 0.48197115384615385 0.02403846153846154 0.020432692307692308
0 0.33413461538461536 0.37740384615384615 0.015625 0.019230769230769232
0 0.6610576923076923 0.16706730769230768 0.04567307692307692 0.020432692307692308
0 0.5612980769230769 0.4074519230769231 0.019230769230769232 0.019230769230769232
0 0.7127403846153846 0.1310096153846154 0.016826923076923076 0.019230769230769232
0 0.6177884615384616 0.13701923076923078 0.015625 0.016826923076923076
0 0.3112980769230769 0.5036057692307693 0.016826923076923076 0.015625
0 0.7235576923076923 0.28725961538461536 0.019230769230769232 0.015625
0 0.5949519230769231 0.22596153846153846 0.019230769230769232 0.014423076923076924
0 0.6838942307692307 0.18389423076923078 0.010817307692307692 0.010817307692307692