0 0.19831730769230768 0.9206730769230769 0.2536057692307692 0.15745192307692307
0 0.5024038461538461 0.9134615384615384 0.25600961538461536 0.171875
0 0.7379807692307693 0.7151442307692307 0.45913461538461536 0.203125
0 0.6598557692307693 0.11057692307692307 0.34375 0.18389423076923078
0 0.53125 0.9098557692307693 0.27163461538461536 0.1778846153846154
0 0.9399038461538461 0.5853365384615384 0.11778846153846154 0.15745192307692307
0 0.27524038461538464 0.5480769230769231 0.234375 0.140625
0 0.8786057692307693 0.32211538461538464 0.24278846153846154 0.140625
0 0.47115384615384615 0.7403846153846154 0.1201923076923077 0.12860576923076922
0 0.3545673076923077 0.4074519230769231 0.21153846153846154 0.12139423076923077
0 0.203125 0.40024038461538464 0.2091346153846154 0.11778846153846154
0 0.05048076923076923 0.8125 0.10096153846153846 0.11298076923076923
0 0.4206730769230769 0.3762019230769231 0.2848557692307692 0.109375
0 0.9459134615384616 0.19110576923076922 0.10576923076923077 0.11298076923076923
0 0.8485576923076923 0.3798076923076923 0.3016826923076923 0.10817307692307693
0 0.125 0.7872596153846154 0.13221153846153846 0.1045673076923077
0 0.5877403846153846 0.8269230769230769 0.4338942307692308 0.10336538461538461
0 0.8064903846153846 0.9867788461538461 0.2439903846153846 0.02403846153846154
0 0.5492788461538461 0.26802884615384615 0.2403846153846154 0.09975961538461539
0 0.27163461538461536 0.6959134615384616 0.1971153846153846 0.0985576923076923
0 0.039663461538461536 0.15264423076923078 0.078125 0.09375
0 0.5444711538461539 0.5757211538461539 0.2608173076923077 0.08413461538461539
0 0.3786057692307692 0.3137019230769231 0.25600961538461536 0.0829326923076923
0 0.8365384615384616 0.03245192307692308 0.32211538461538464 0.06490384615384616
0 0.11057692307692307 0.5901442307692307 0.1778846153846154 0.07211538461538461
0 0.007211538461538462 0.9002403846153846 0.014423076923076924 0.06850961538461539
0 0.0673076923076923 0.27163461538461536 0.056490384615384616 0.06850961538461539
0 0.039663461538461536 0.44471153846153844 0.07932692307692307 0.06850961538461539
0 0.10336538461538461 0.5360576923076923 0.1658653846153846 0.06610576923076923
0 0.13701923076923078 0.36778846153846156 0.14423076923076922 0.0625
0 0.5288461538461539 0.027644230769230768 0.2403846153846154 0.055288461538461536
0 0.04567307692307692 0.6165865384615384 0.09134615384615384 0.055288461538461536
0 0.013221153846153846 0.013221153846153846 0.026442307692307692 0.026442307692307692
0 0.2692307692307692 0.009615384615384616 0.08774038461538461 0.019230769230769232
0 0.2247596153846154 0.15264423076923078 0.25961538461538464 0.09375