4 0.42788461538461536 0.6730769230769231 0.4074519230769231 0.24519230769230768
4 0.4098557692307692 0.41586538461538464 0.6009615384615384 0.2439903846153846
4 0.9050480769230769 0.9014423076923077 0.18629807692307693 0.15625
0 0.9290865384615384 0.578125 0.1310096153846154 0.0829326923076923
0 0.17307692307692307 0.18509615384615385 0.18389423076923078 0.07692307692307693
0 0.4170673076923077 0.2439903846153846 0.16706730769230768 0.06850961538461539
0 0.9375 0.19471153846153846 0.08653846153846154 0.06610576923076923
0 0.8425480769230769 0.2704326923076923 0.1778846153846154 0.06610576923076923
0 0.5336538461538461 0.18389423076923078 0.14182692307692307 0.06129807692307692
0 0.171875 0.2439903846153846 0.17548076923076922 0.0625
0 0.41346153846153844 0.11177884615384616 0.1310096153846154 0.056490384615384616
6 0.796875 0.703125 0.12860576923076922 0.056490384615384616
0 0.3401442307692308 0.18028846153846154 0.140625 0.055288461538461536
0 0.41225961538461536 0.025240384615384616 0.12620192307692307 0.05048076923076923
0 0.3870192307692308 0.1622596153846154 0.1045673076923077 0.046875
4 0.10216346153846154 0.7620192307692307 0.17548076923076922 0.10336538461538461