4 0.5612980769230769 0.6322115384615384 0.6670673076923077 0.2704326923076923
4 0.5997596153846154 0.375 0.6887019230769231 0.2403846153846154
0 0.7223557692307693 0.8557692307692307 0.20673076923076922 0.11057692307692307
0 0.7067307692307693 0.6201923076923077 0.109375 0.07451923076923077
0 0.20673076923076922 0.1935096153846154 0.1935096153846154 0.07211538461538461
4 0.4182692307692308 0.47596153846153844 0.11538461538461539 0.06610576923076923
0 0.06370192307692307 0.19951923076923078 0.10096153846153846 0.0625
0 0.5637019230769231 0.27884615384615385 0.17668269230769232 0.06610576923076923
0 0.30528846153846156 0.20432692307692307 0.10576923076923077 0.057692307692307696
0 0.9567307692307693 0.3173076923076923 0.08413461538461539 0.05889423076923077
0 0.4963942307692308 0.21875 0.16105769230769232 0.05889423076923077
0 0.6141826923076923 0.2247596153846154 0.1141826923076923 0.055288461538461536
0 0.3894230769230769 0.25 0.18629807692307693 0.057692307692307696
0 0.6526442307692307 0.27163461538461536 0.1201923076923077 0.04807692307692308
0 0.055288461538461536 0.2247596153846154 0.0829326923076923 0.046875
0 0.45913461538461536 0.18629807692307693 0.1502403846153846 0.04807692307692308
0 0.14783653846153846 0.09975961538461539 0.13221153846153846 0.046875
0 0.6802884615384616 0.3605769230769231 0.15625 0.046875