4 0.21995192307692307 0.28846153846153844 0.078125 0.15745192307692307
4 0.5096153846153846 0.12139423076923077 0.1141826923076923 0.09735576923076923
4 0.3269230769230769 0.5733173076923077 0.09254807692307693 0.08413461538461539
0 0.4411057692307692 0.8064903846153846 0.03125 0.05889423076923077
0 0.24879807692307693 0.9182692307692307 0.027644230769230768 0.055288461538461536
0 0.4699519230769231 0.49759615384615385 0.021634615384615384 0.05048076923076923
0 0.6802884615384616 0.6947115384615384 0.015625 0.04567307692307692
0 0.27403846153846156 0.6598557692307693 0.020432692307692308 0.037259615384615384
0 0.24278846153846154 0.6262019230769231 0.019230769230769232 0.03125
0 0.6995192307692307 0.7836538461538461 0.015625 0.027644230769230768
0 0.6141826923076923 0.7103365384615384 0.025240384615384616 0.026442307692307692
0 0.38100961538461536 0.84375 0.03245192307692308 0.026442307692307692
0 0.3713942307692308 0.3425480769230769 0.010817307692307692 0.026442307692307692
0 0.36538461538461536 0.4338942307692308 0.010817307692307692 0.026442307692307692
0 0.3016826923076923 0.6514423076923077 0.015625 0.025240384615384616
0 0.3449519230769231 0.36778846153846156 0.01201923076923077 0.019230769230769232
0 0.3713942307692308 0.2620192307692308 0.010817307692307692 0.016826923076923076
0 0.2932692307692308 0.890625 0.030048076923076924 0.015625
0 0.19110576923076922 0.1935096153846154 0.006009615384615385 0.010817307692307692
0 0.6334134615384616 0.6947115384615384 0.020432692307692308 0.010817307692307692
4 0.5721153846153846 0.6634615384615384 0.06610576923076923 0.18028846153846154