4 0.6875 0.47596153846153844 0.4254807692307692 0.16346153846153846
0 0.375 0.7584134615384616 0.4651442307692308 0.140625
0 0.0733173076923077 0.45072115384615385 0.14543269230769232 0.08173076923076923
4 0.052884615384615384 0.8317307692307693 0.1045673076923077 0.07451923076923077
0 0.3401442307692308 0.5913461538461539 0.22956730769230768 0.07211538461538461
0 0.18389423076923078 0.8245192307692307 0.1622596153846154 0.07211538461538461
0 0.1310096153846154 0.6153846153846154 0.140625 0.06850961538461539
0 0.1346153846153846 0.5396634615384616 0.11778846153846154 0.0673076923076923
0 0.28725961538461536 0.6177884615384616 0.18629807692307693 0.06610576923076923
0 0.7824519230769231 0.9879807692307693 0.25721153846153844 0.02403846153846154
0 0.5192307692307693 0.6382211538461539 0.07692307692307693 0.04807692307692308
0 0.7439903846153846 0.5829326923076923 0.15264423076923078 0.046875
0 0.9387019230769231 0.90625 0.12139423076923077 0.04326923076923077
0 0.4326923076923077 0.6658653846153846 0.04807692307692308 0.042067307692307696
0 0.9603365384615384 0.6646634615384616 0.07692307692307693 0.038461538461538464
0 0.6670673076923077 0.6141826923076923 0.09375 0.03485576923076923
0 0.9134615384615384 0.6814903846153846 0.10336538461538461 0.03485576923076923
6 0.9495192307692307 0.9939903846153846 0.09735576923076923 0.01201923076923077