1 0.8245192307692307 0.640625 0.21754807692307693 0.12860576923076922
1 0.5685096153846154 0.5889423076923077 0.29086538461538464 0.12139423076923077
1 0.15625 0.7716346153846154 0.11899038461538461 0.09014423076923077
1 0.3798076923076923 0.6442307692307693 0.203125 0.09375
1 0.33413461538461536 0.84375 0.13701923076923078 0.0829326923076923
1 0.31850961538461536 0.6117788461538461 0.24879807692307693 0.08413461538461539
1 0.27403846153846156 0.7487980769230769 0.11899038461538461 0.06850961538461539
1 0.7103365384615384 0.45552884615384615 0.16346153846153846 0.0625
1 0.9615384615384616 0.5012019230769231 0.07451923076923077 0.04807692307692308
1 0.8557692307692307 0.30288461538461536 0.09495192307692307 0.042067307692307696
1 0.04326923076923077 0.6802884615384616 0.06971153846153846 0.038461538461538464
1 0.9591346153846154 0.6706730769230769 0.078125 0.037259615384615384
1 0.14423076923076922 0.6935096153846154 0.17548076923076922 0.05889423076923077