0 0.5721153846153846 0.671875 0.19951923076923078 0.30528846153846156
0 0.12860576923076922 0.5721153846153846 0.18629807692307693 0.2800480769230769
0 0.7668269230769231 0.5540865384615384 0.11298076923076923 0.25600961538461536
0 0.4651442307692308 0.29086538461538464 0.14182692307692307 0.21514423076923078
0 0.4879807692307692 0.39663461538461536 0.07932692307692307 0.15504807692307693
0 0.5793269230769231 0.5024038461538461 0.11057692307692307 0.09375
0 0.2860576923076923 0.7067307692307693 0.1658653846153846 0.09014423076923077
0 0.40384615384615385 0.796875 0.23918269230769232 0.08774038461538461
0 0.8185096153846154 0.8293269230769231 0.057692307692307696 0.08173076923076923
0 0.75 0.8329326923076923 0.0733173076923077 0.07692307692307693
0 0.5925480769230769 0.8954326923076923 0.15144230769230768 0.078125
0 0.7463942307692307 0.7620192307692307 0.07451923076923077 0.07211538461538461
0 0.7463942307692307 0.9699519230769231 0.09975961538461539 0.056490384615384616
0 0.9314903846153846 0.9098557692307693 0.12139423076923077 0.07211538461538461
0 0.8954326923076923 0.9651442307692307 0.056490384615384616 0.06370192307692307
0 0.8377403846153846 0.9026442307692307 0.09495192307692307 0.057692307692307696