4 0.5180288461538461 0.7307692307692307 0.7355769230769231 0.2920673076923077
0 0.7524038461538461 0.15144230769230768 0.22355769230769232 0.21394230769230768
0 0.9278846153846154 0.5408653846153846 0.14182692307692307 0.1971153846153846
0 0.7151442307692307 0.4026442307692308 0.1622596153846154 0.19471153846153846
0 0.19471153846153846 0.23076923076923078 0.23557692307692307 0.16826923076923078
0 0.6947115384615384 0.27403846153846156 0.1875 0.15264423076923078
4 0.1045673076923077 0.5264423076923077 0.2091346153846154 0.13701923076923078
0 0.9338942307692307 0.4675480769230769 0.12980769230769232 0.109375
0 0.33413461538461536 0.3473557692307692 0.15264423076923078 0.10096153846153846
0 0.5588942307692307 0.3557692307692308 0.1141826923076923 0.07932692307692307
0 0.7175480769230769 0.4495192307692308 0.1814903846153846 0.0829326923076923
0 0.44471153846153844 0.3713942307692308 0.056490384615384616 0.07211538461538461
0 0.34375 0.6322115384615384 0.1502403846153846 0.0733173076923077
4 0.48677884615384615 0.44591346153846156 0.1310096153846154 0.0673076923076923
0 0.6153846153846154 0.4074519230769231 0.15745192307692307 0.06610576923076923
0 0.4206730769230769 0.4831730769230769 0.13701923076923078 0.0625
0 0.14903846153846154 0.4338942307692308 0.08653846153846154 0.052884615384615384
0 0.3473557692307692 0.43990384615384615 0.10336538461538461 0.05048076923076923
0 0.028846153846153848 0.4254807692307692 0.052884615384615384 0.042067307692307696
0 0.09735576923076923 0.43149038461538464 0.0673076923076923 0.042067307692307696
0 0.22235576923076922 0.4735576923076923 0.036057692307692304 0.036057692307692304
0 0.3425480769230769 0.40625 0.09975961538461539 0.055288461538461536