3 0.7524038461538461 0.625 0.35096153846153844 0.15745192307692307
3 0.7235576923076923 0.3317307692307692 0.15625 0.1141826923076923
3 0.90625 0.34375 0.09375 0.0985576923076923
3 0.9663461538461539 0.3401442307692308 0.06370192307692307 0.09735576923076923
3 0.8064903846153846 0.3293269230769231 0.052884615384615384 0.07932692307692307
3 0.1875 0.2800480769230769 0.0733173076923077 0.078125
3 0.5408653846153846 0.27163461538461536 0.0673076923076923 0.078125
3 0.9771634615384616 0.19110576923076922 0.042067307692307696 0.07692307692307693
3 0.2860576923076923 0.29086538461538464 0.04807692307692308 0.0673076923076923
3 0.35096153846153844 0.28725961538461536 0.07932692307692307 0.06370192307692307
3 0.14182692307692307 0.3293269230769231 0.09975961538461539 0.046875