0 0.19230769230769232 0.8689903846153846 0.16105769230769232 0.10817307692307693
4 0.31850961538461536 0.4170673076923077 0.17548076923076922 0.08413461538461539
0 0.3545673076923077 0.051682692307692304 0.11298076923076923 0.07692307692307693
0 0.03485576923076923 0.1778846153846154 0.06971153846153846 0.07451923076923077
4 0.41225961538461536 0.5733173076923077 0.20793269230769232 0.07211538461538461
4 0.7776442307692307 0.4411057692307692 0.2439903846153846 0.0733173076923077
0 0.43149038461538464 0.04807692307692308 0.14543269230769232 0.06850961538461539
0 0.43028846153846156 0.4723557692307692 0.1658653846153846 0.0673076923076923
0 0.08052884615384616 0.6009615384615384 0.15264423076923078 0.06610576923076923
0 0.44350961538461536 0.20072115384615385 0.12139423076923077 0.05048076923076923
0 0.038461538461538464 0.42427884615384615 0.07692307692307693 0.051682692307692304
0 0.3605769230769231 0.1778846153846154 0.109375 0.042067307692307696
0 0.4411057692307692 0.010817307692307692 0.14423076923076922 0.021634615384615384
0 0.9831730769230769 0.2644230769230769 0.01201923076923077 0.07451923076923077