0 0.24278846153846154 0.09975961538461539 0.15144230769230768 0.18389423076923078
0 0.30408653846153844 0.25961538461538464 0.27403846153846156 0.12860576923076922
4 0.47836538461538464 0.5072115384615384 0.3449519230769231 0.12860576923076922
0 0.12620192307692307 0.4254807692307692 0.07692307692307693 0.09014423076923077
0 0.8894230769230769 0.28846153846153844 0.20793269230769232 0.09014423076923077
0 0.06850961538461539 0.3581730769230769 0.13701923076923078 0.08774038461538461
4 0.41586538461538464 0.6081730769230769 0.2403846153846154 0.078125
0 0.9543269230769231 0.4026442307692308 0.08413461538461539 0.06129807692307692
0 0.03485576923076923 0.42788461538461536 0.06971153846153846 0.06129807692307692
0 0.6418269230769231 0.3317307692307692 0.16706730769230768 0.052884615384615384
0 0.39903846153846156 0.3401442307692308 0.15504807692307693 0.051682692307692304
0 0.25961538461538464 0.4050480769230769 0.16105769230769232 0.051682692307692304
0 0.13341346153846154 0.4326923076923077 0.14182692307692307 0.05048076923076923
0 0.43028846153846156 0.4026442307692308 0.15264423076923078 0.05048076923076923
0 0.8209134615384616 0.35336538461538464 0.17307692307692307 0.05048076923076923
0 0.8389423076923077 0.3317307692307692 0.1310096153846154 0.046875
0 0.7127403846153846 0.3557692307692308 0.12860576923076922 0.04567307692307692
0 0.6201923076923077 0.15865384615384615 0.34975961538461536 0.140625