0 0.8966346153846154 0.234375 0.10576923076923077 0.08774038461538461
4 0.9495192307692307 0.3894230769230769 0.0985576923076923 0.078125
6 0.35216346153846156 0.5132211538461539 0.1875 0.0733173076923077
4 0.7608173076923077 0.09615384615384616 0.09495192307692307 0.06850961538461539
4 0.9651442307692307 0.10096153846153846 0.06610576923076923 0.07211538461538461
0 0.8125 0.046875 0.14423076923076922 0.06129807692307692
0 0.5216346153846154 0.07451923076923077 0.051682692307692304 0.055288461538461536
0 0.8269230769230769 0.42788461538461536 0.06610576923076923 0.052884615384615384
6 0.7560096153846154 0.5060096153846154 0.1502403846153846 0.055288461538461536
0 0.6442307692307693 0.09254807692307693 0.09495192307692307 0.05048076923076923
0 0.8112980769230769 0.040865384615384616 0.10336538461538461 0.046875
0 0.4855769230769231 0.17548076923076922 0.0829326923076923 0.04567307692307692
0 0.6225961538461539 0.20072115384615385 0.05889423076923077 0.042067307692307696
0 0.41586538461538464 0.1814903846153846 0.06850961538461539 0.04326923076923077
0 0.5504807692307693 0.11778846153846154 0.07211538461538461 0.042067307692307696
0 0.6394230769230769 0.12379807692307693 0.07692307692307693 0.040865384615384616
0 0.6105769230769231 0.04567307692307692 0.10336538461538461 0.040865384615384616
0 0.21153846153846154 0.08173076923076923 0.11298076923076923 0.038461538461538464
0 0.36778846153846156 0.0733173076923077 0.10336538461538461 0.038461538461538464
0 0.11298076923076923 0.07692307692307693 0.06129807692307692 0.036057692307692304
0 0.36899038461538464 0.13822115384615385 0.09735576923076923 0.037259615384615384
0 0.5408653846153846 0.040865384615384616 0.0733173076923077 0.036057692307692304
0 0.44711538461538464 0.09975961538461539 0.09014423076923077 0.036057692307692304
0 0.1875 0.17307692307692307 0.10817307692307693 0.037259615384615384
0 0.8473557692307693 0.4651442307692308 0.042067307692307696 0.03245192307692308
0 0.12860576923076922 0.11538461538461539 0.06850961538461539 0.03485576923076923
0 0.28966346153846156 0.12860576923076922 0.0733173076923077 0.03245192307692308
0 0.2512019230769231 0.15745192307692307 0.10817307692307693 0.036057692307692304
0 0.4699519230769231 0.34975961538461536 0.0673076923076923 0.03125
0 0.3605769230769231 0.09615384615384616 0.10096153846153846 0.030048076923076924