6 0.4387019230769231 0.7091346153846154 0.20793269230769232 0.0985576923076923
0 0.3173076923076923 0.0829326923076923 0.078125 0.08173076923076923
4 0.359375 0.21394230769230768 0.17668269230769232 0.05889423076923077
0 0.2620192307692308 0.20192307692307693 0.06370192307692307 0.057692307692307696
4 0.7716346153846154 0.2980769230769231 0.0625 0.04807692307692308
0 0.03245192307692308 0.10096153846153846 0.06490384615384616 0.04807692307692308
4 0.22115384615384615 0.14182692307692307 0.18028846153846154 0.046875
0 0.0673076923076923 0.13701923076923078 0.1045673076923077 0.04326923076923077
4 0.6995192307692307 0.33052884615384615 0.07692307692307693 0.04326923076923077
4 0.5480769230769231 0.33653846153846156 0.057692307692307696 0.042067307692307696
6 0.8197115384615384 0.5132211538461539 0.1201923076923077 0.042067307692307696
4 0.4987980769230769 0.47596153846153844 0.19951923076923078 0.040865384615384616
0 0.11899038461538461 0.1935096153846154 0.09495192307692307 0.038461538461538464
0 0.6346153846153846 0.17427884615384615 0.10336538461538461 0.03485576923076923
0 0.49399038461538464 0.19831730769230768 0.0889423076923077 0.03125
0 0.3137019230769231 0.20192307692307693 0.06850961538461539 0.030048076923076924
0 0.22235576923076922 0.17548076923076922 0.09014423076923077 0.030048076923076924
0 0.5540865384615384 0.25 0.0829326923076923 0.030048076923076924
4 0.32091346153846156 0.4266826923076923 0.10576923076923077 0.027644230769230768
0 0.6814903846153846 0.22956730769230768 0.0889423076923077 0.027644230769230768
0 0.7223557692307693 0.1778846153846154 0.09014423076923077 0.027644230769230768
0 0.7716346153846154 0.19831730769230768 0.10096153846153846 0.027644230769230768
0 0.5072115384615384 0.22956730769230768 0.0829326923076923 0.026442307692307692
0 0.3545673076923077 0.17668269230769232 0.07211538461538461 0.025240384615384616
0 0.5877403846153846 0.2247596153846154 0.06129807692307692 0.02403846153846154
0 0.8353365384615384 0.18990384615384615 0.0733173076923077 0.02403846153846154
0 0.5997596153846154 0.21514423076923078 0.0625 0.02403846153846154
0 0.7680288461538461 0.21995192307692307 0.08413461538461539 0.02403846153846154
0 0.6310096153846154 0.19831730769230768 0.07211538461538461 0.021634615384615384
0 0.8762019230769231 0.33413461538461536 0.03485576923076923 0.016826923076923076
0 0.8365384615384616 0.3293269230769231 0.01201923076923077 0.01201923076923077
0 0.9182692307692307 0.33413461538461536 0.010817307692307692 0.010817307692307692