2 0.5480769230769231 0.4987980769230769 0.11778846153846154 0.1346153846153846
2 0.4170673076923077 0.39903846153846156 0.038461538461538464 0.06610576923076923
2 0.6370192307692307 0.40024038461538464 0.038461538461538464 0.06129807692307692
2 0.8052884615384616 0.3954326923076923 0.037259615384615384 0.056490384615384616
2 0.6947115384615384 0.36538461538461536 0.04326923076923077 0.046875
2 0.7512019230769231 0.40625 0.05889423076923077 0.04326923076923077
2 0.8545673076923077 0.3894230769230769 0.036057692307692304 0.042067307692307696
2 0.8774038461538461 0.38461538461538464 0.025240384615384616 0.037259615384615384
2 0.5913461538461539 0.38822115384615385 0.025240384615384616 0.03125
2 0.9735576923076923 0.3942307692307692 0.025240384615384616 0.02403846153846154
2 0.5372596153846154 0.3918269230769231 0.036057692307692304 0.040865384615384616