2 0.45913461538461536 0.5012019230769231 0.2247596153846154 0.11899038461538461
2 0.9519230769230769 0.3004807692307692 0.09254807692307693 0.1201923076923077
2 0.125 0.2512019230769231 0.109375 0.09375
2 0.7932692307692307 0.21514423076923078 0.08173076923076923 0.0625
2 0.3798076923076923 0.18870192307692307 0.037259615384615384 0.056490384615384616
2 0.6213942307692307 0.21754807692307693 0.05889423076923077 0.052884615384615384
2 0.39903846153846156 0.20192307692307693 0.04567307692307692 0.04807692307692308
2 0.44711538461538464 0.21394230769230768 0.04567307692307692 0.04326923076923077
2 0.5372596153846154 0.21754807692307693 0.06971153846153846 0.04326923076923077
2 0.3004807692307692 0.2091346153846154 0.021634615384615384 0.037259615384615384
2 0.6923076923076923 0.21995192307692307 0.057692307692307696 0.037259615384615384
2 0.23557692307692307 0.19831730769230768 0.026442307692307692 0.03125
2 0.2704326923076923 0.19831730769230768 0.03125 0.03125
2 0.055288461538461536 0.19951923076923078 0.02403846153846154 0.027644230769230768
2 0.19951923076923078 0.21153846153846154 0.036057692307692304 0.027644230769230768