0 0.6658653846153846 0.1502403846153846 0.052884615384615384 0.15504807692307693
0 0.6838942307692307 0.6742788461538461 0.04326923076923077 0.12860576923076922
0 0.7019230769230769 0.1814903846153846 0.06129807692307692 0.12620192307692307
0 0.7872596153846154 0.5637019230769231 0.036057692307692304 0.125
0 0.7872596153846154 0.6502403846153846 0.078125 0.11538461538461539
0 0.8185096153846154 0.5877403846153846 0.040865384615384616 0.10336538461538461
0 0.7560096153846154 0.5324519230769231 0.05048076923076923 0.10336538461538461
0 0.9495192307692307 0.640625 0.03485576923076923 0.10096153846153846
0 0.4723557692307692 0.43149038461538464 0.038461538461538464 0.09735576923076923
0 0.8713942307692307 0.6466346153846154 0.038461538461538464 0.09735576923076923
0 0.6706730769230769 0.49038461538461536 0.07932692307692307 0.09254807692307693
0 0.6838942307692307 0.34975961538461536 0.04567307692307692 0.0889423076923077
0 0.8473557692307693 0.7560096153846154 0.04567307692307692 0.0889423076923077
0 0.8846153846153846 0.8737980769230769 0.042067307692307696 0.0889423076923077
0 0.6394230769230769 0.39663461538461536 0.038461538461538464 0.0889423076923077
0 0.7127403846153846 0.9098557692307693 0.037259615384615384 0.08653846153846154
0 0.8966346153846154 0.7692307692307693 0.030048076923076924 0.08653846153846154
0 0.8701923076923077 0.6995192307692307 0.03485576923076923 0.08653846153846154
0 0.7055288461538461 0.6081730769230769 0.027644230769230768 0.08413461538461539
0 0.8461538461538461 0.6947115384615384 0.027644230769230768 0.07692307692307693
0 0.7427884615384616 0.37259615384615385 0.0673076923076923 0.06610576923076923
0 0.6394230769230769 0.28846153846153844 0.05048076923076923 0.06370192307692307
0 0.8161057692307693 0.9591346153846154 0.03245192307692308 0.0625
0 0.7572115384615384 0.21394230769230768 0.025240384615384616 0.05889423076923077
0 0.7896634615384616 0.9134615384615384 0.04326923076923077 0.055288461538461536
0 0.609375 0.12620192307692307 0.03245192307692308 0.055288461538461536
0 0.9254807692307693 0.9795673076923077 0.026442307692307692 0.037259615384615384
0 0.9278846153846154 0.09254807692307693 0.021634615384615384 0.04326923076923077