0 0.7463942307692307 0.1346153846153846 0.1466346153846154 0.1778846153846154
0 0.6983173076923077 0.2932692307692308 0.2620192307692308 0.125
4 0.5480769230769231 0.5444711538461539 0.3329326923076923 0.12379807692307693
0 0.8822115384615384 0.4411057692307692 0.07451923076923077 0.08774038461538461
0 0.12379807692307693 0.3605769230769231 0.22355769230769232 0.08653846153846154
0 0.9314903846153846 0.37259615384615385 0.12980769230769232 0.0829326923076923
4 0.6129807692307693 0.6370192307692307 0.23317307692307693 0.07692307692307693
0 0.0625 0.47475961538461536 0.125 0.0625
0 0.9675480769230769 0.4362980769230769 0.0625 0.056490384615384616
0 0.3786057692307692 0.38461538461538464 0.16105769230769232 0.051682692307692304
0 0.6129807692307693 0.3786057692307692 0.1502403846153846 0.05048076923076923
0 0.7524038461538461 0.43028846153846156 0.15625 0.04807692307692308
0 0.8762019230769231 0.4483173076923077 0.13701923076923078 0.04807692307692308
0 0.5865384615384616 0.4387019230769231 0.14903846153846154 0.04807692307692308
0 0.20673076923076922 0.4182692307692308 0.16826923076923078 0.04807692307692308
0 0.1875 0.39783653846153844 0.12860576923076922 0.04567307692307692
0 0.3112980769230769 0.41346153846153844 0.12379807692307693 0.04326923076923077
0 0.010817307692307692 0.3894230769230769 0.021634615384615384 0.04567307692307692
0 0.3870192307692308 0.21754807692307693 0.3389423076923077 0.13581730769230768