1 0.19110576923076922 0.6754807692307693 0.20673076923076922 0.12139423076923077
1 0.42788461538461536 0.6009615384615384 0.27524038461538464 0.11538461538461539
1 0.8341346153846154 0.7319711538461539 0.11298076923076923 0.08653846153846154
1 0.6105769230769231 0.6346153846153846 0.19230769230769232 0.0889423076923077
1 0.6742788461538461 0.8185096153846154 0.12980769230769232 0.07932692307692307
1 0.6658653846153846 0.5973557692307693 0.23557692307692307 0.07932692307692307
1 0.7211538461538461 0.7223557692307693 0.11057692307692307 0.06610576923076923
1 0.2800480769230769 0.49038461538461536 0.15504807692307693 0.05889423076923077
1 0.04567307692307692 0.5564903846153846 0.07692307692307693 0.04326923076923077
1 0.12860576923076922 0.3605769230769231 0.09014423076923077 0.040865384615384616
1 0.9483173076923077 0.6334134615384616 0.09975961538461539 0.042067307692307696
1 0.06129807692307692 0.7163461538461539 0.08653846153846154 0.03245192307692308
1 0.8377403846153846 0.6574519230769231 0.16346153846153846 0.056490384615384616