1 0.24519230769230768 0.6550480769230769 0.2824519230769231 0.17307692307692307
1 0.6466346153846154 0.6838942307692307 0.27403846153846156 0.14182692307692307
1 0.7283653846153846 0.49038461538461536 0.234375 0.15264423076923078
1 0.5901442307692307 0.6129807692307693 0.21394230769230768 0.10096153846153846
1 0.21514423076923078 0.8569711538461539 0.16826923076923078 0.12860576923076922
1 0.10817307692307693 0.9735576923076923 0.18389423076923078 0.05048076923076923
1 0.5805288461538461 0.9002403846153846 0.2283653846153846 0.13701923076923078
1 0.7019230769230769 0.8653846153846154 0.28846153846153844 0.15144230769230768
1 0.8185096153846154 0.7908653846153846 0.23076923076923078 0.11899038461538461
1 0.8545673076923077 0.9507211538461539 0.28725961538461536 0.08653846153846154
1 0.8978365384615384 0.3401442307692308 0.19471153846153846 0.14423076923076922
1 0.6213942307692307 0.17548076923076922 0.3605769230769231 0.13942307692307693
1 0.15384615384615385 0.09014423076923077 0.3076923076923077 0.16706730769230768
1 0.30528846153846156 0.19471153846153846 0.22235576923076922 0.15144230769230768
1 0.08052884615384616 0.34134615384615385 0.16105769230769232 0.15745192307692307
1 0.04807692307692308 0.1778846153846154 0.09615384615384616 0.10576923076923077
1 0.5444711538461539 0.04807692307692308 0.2764423076923077 0.09615384615384616
1 0.5084134615384616 0.39783653846153844 0.15985576923076922 0.2439903846153846
1 0.3401442307692308 0.4543269230769231 0.15264423076923078 0.1201923076923077
1 0.9014423076923077 0.10216346153846154 0.17548076923076922 0.20432692307692307
1 0.051682692307692304 0.7391826923076923 0.09014423076923077 0.1045673076923077
1 0.13221153846153846 0.7151442307692307 0.2548076923076923 0.14182692307692307
1 0.4230769230769231 0.7175480769230769 0.25721153846153844 0.12620192307692307
1 0.9014423076923077 0.6370192307692307 0.17668269230769232 0.12139423076923077
1 0.5913461538461539 0.25 0.25721153846153844 0.07692307692307693
1 0.5877403846153846 0.36177884615384615 0.0889423076923077 0.046875
1 0.6454326923076923 0.3112980769230769 0.2091346153846154 0.10096153846153846
1 0.9903846153846154 0.6454326923076923 0.015625 0.078125
1 0.31850961538461536 0.8341346153846154 0.13942307692307693 0.057692307692307696
1 0.03365384615384615 0.6899038461538461 0.056490384615384616 0.06850961538461539