0 0.9927884615384616 0.2439903846153846 0.01201923076923077 0.027644230769230768
0 0.9338942307692307 0.25240384615384615 0.025240384615384616 0.027644230769230768
0 0.8100961538461539 0.3401442307692308 0.05048076923076923 0.10336538461538461
0 0.7560096153846154 0.46153846153846156 0.06971153846153846 0.08653846153846154
0 0.7379807692307693 0.4519230769230769 0.051682692307692304 0.0985576923076923
0 0.6730769230769231 0.43509615384615385 0.04807692307692308 0.08413461538461539
0 0.7007211538461539 0.5805288461538461 0.06610576923076923 0.08653846153846154
0 0.5769230769230769 0.5240384615384616 0.07451923076923077 0.10817307692307693
0 0.5973557692307693 0.546875 0.06971153846153846 0.0829326923076923
0 0.5192307692307693 0.5793269230769231 0.08774038461538461 0.10096153846153846
0 0.5108173076923077 0.4831730769230769 0.06129807692307692 0.036057692307692304
0 0.42908653846153844 0.5456730769230769 0.040865384615384616 0.0829326923076923
0 0.31971153846153844 0.5432692307692307 0.12860576923076922 0.08653846153846154
0 0.24158653846153846 0.7163461538461539 0.0829326923076923 0.1141826923076923
0 0.038461538461538464 0.7872596153846154 0.06370192307692307 0.05889423076923077
0 0.2247596153846154 0.4014423076923077 0.04807692307692308 0.10817307692307693
0 0.13942307692307693 0.47475961538461536 0.06610576923076923 0.10576923076923077
0 0.5336538461538461 0.6129807692307693 0.05889423076923077 0.07451923076923077