2 0.41466346153846156 0.48677884615384615 0.23798076923076922 0.13701923076923078
2 0.9182692307692307 0.24639423076923078 0.1346153846153846 0.1310096153846154
2 0.05889423076923077 0.25721153846153844 0.11778846153846154 0.10096153846153846
2 0.734375 0.17307692307692307 0.08653846153846154 0.06971153846153846
2 0.3112980769230769 0.17548076923076922 0.040865384615384616 0.05889423076923077
2 0.5588942307692307 0.18629807692307693 0.06370192307692307 0.057692307692307696
2 0.33413461538461536 0.18870192307692307 0.05048076923076923 0.051682692307692304
2 0.38221153846153844 0.19591346153846154 0.04807692307692308 0.046875
2 0.47475961538461536 0.1935096153846154 0.07451923076923077 0.05048076923076923
2 0.23317307692307693 0.20192307692307693 0.02403846153846154 0.040865384615384616
2 0.6310096153846154 0.18509615384615385 0.0625 0.042067307692307696
2 0.16706730769230768 0.19591346153846154 0.030048076923076924 0.03485576923076923
2 0.20192307692307693 0.1935096153846154 0.03245192307692308 0.03485576923076923
2 0.1310096153846154 0.21153846153846154 0.038461538461538464 0.03125