0 0.5504807692307693 0.13701923076923078 0.11538461538461539 0.20673076923076922
0 0.13942307692307693 0.17067307692307693 0.038461538461538464 0.09735576923076923
0 0.28125 0.04807692307692308 0.040865384615384616 0.07451923076923077
0 0.3557692307692308 0.22355769230769232 0.06129807692307692 0.078125
0 0.546875 0.625 0.05048076923076923 0.06850961538461539
0 0.5300480769230769 0.02283653846153846 0.07451923076923077 0.04567307692307692
0 0.3293269230769231 0.5997596153846154 0.06370192307692307 0.06610576923076923
0 0.4182692307692308 0.2644230769230769 0.030048076923076924 0.057692307692307696
0 0.24879807692307693 0.04567307692307692 0.03125 0.056490384615384616
0 0.22956730769230768 0.27524038461538464 0.026442307692307692 0.04807692307692308
0 0.21514423076923078 0.04326923076923077 0.030048076923076924 0.046875
0 0.1875 0.025240384615384616 0.037259615384615384 0.020432692307692308
0 0.4699519230769231 0.2932692307692308 0.027644230769230768 0.04567307692307692
0 0.4266826923076923 0.39783653846153844 0.05889423076923077 0.04567307692307692
0 0.27524038461538464 0.23197115384615385 0.030048076923076924 0.042067307692307696
0 0.1622596153846154 0.2776442307692308 0.026442307692307692 0.040865384615384616
0 0.34375 0.5360576923076923 0.03485576923076923 0.037259615384615384
0 0.3112980769230769 0.6911057692307693 0.04326923076923077 0.042067307692307696