0 0.9795673076923077 0.6514423076923077 0.037259615384615384 0.16826923076923078
0 0.8762019230769231 0.28846153846153844 0.0625 0.14423076923076922
0 0.7391826923076923 0.46153846153846156 0.13221153846153846 0.12139423076923077
0 0.8100961538461539 0.5348557692307693 0.19471153846153846 0.14182692307692307
0 0.5180288461538461 0.43990384615384615 0.140625 0.1466346153846154
0 0.5865384615384616 0.1778846153846154 0.13221153846153846 0.15144230769230768
0 0.6213942307692307 0.14423076923076922 0.06850961538461539 0.06370192307692307
0 0.3317307692307692 0.10336538461538461 0.12620192307692307 0.06850961538461539
0 0.33653846153846156 0.5024038461538461 0.12860576923076922 0.16105769230769232
0 0.08413461538461539 0.36538461538461536 0.0829326923076923 0.10096153846153846
0 0.10817307692307693 0.24278846153846154 0.0733173076923077 0.10817307692307693
0 0.07211538461538461 0.1658653846153846 0.06610576923076923 0.08173076923076923
0 0.7860576923076923 0.09615384615384616 0.10336538461538461 0.056490384615384616