2 0.3425480769230769 0.4735576923076923 0.09495192307692307 0.10817307692307693
2 0.30288461538461536 0.47475961538461536 0.038461538461538464 0.09495192307692307
2 0.7716346153846154 0.5252403846153846 0.056490384615384616 0.06370192307692307
2 0.9338942307692307 0.5372596153846154 0.10096153846153846 0.0625
2 0.025240384615384616 0.5348557692307693 0.05048076923076923 0.06009615384615385
2 0.7331730769230769 0.5324519230769231 0.0625 0.051682692307692304
2 0.5769230769230769 0.49399038461538464 0.051682692307692304 0.051682692307692304
2 0.5276442307692307 0.5048076923076923 0.06129807692307692 0.05048076923076923
2 0.4675480769230769 0.49399038461538464 0.05048076923076923 0.042067307692307696
2 0.6574519230769231 0.6574519230769231 0.18870192307692307 0.037259615384615384
2 0.07932692307692307 0.5192307692307693 0.02403846153846154 0.030048076923076924
2 0.057692307692307696 0.515625 0.020432692307692308 0.03485576923076923