4 0.1346153846153846 0.7548076923076923 0.04567307692307692 0.23918269230769232
0 0.5576923076923077 0.5997596153846154 0.0985576923076923 0.16706730769230768
0 0.7379807692307693 0.6358173076923077 0.056490384615384616 0.0985576923076923
0 0.24639423076923078 0.051682692307692304 0.027644230769230768 0.09014423076923077
0 0.22355769230769232 0.06971153846153846 0.026442307692307692 0.09014423076923077
0 0.41346153846153844 0.07451923076923077 0.03125 0.08413461538461539
0 0.20432692307692307 0.026442307692307692 0.03245192307692308 0.052884615384615384
0 0.46153846153846156 0.04447115384615385 0.019230769230769232 0.07211538461538461
0 0.3870192307692308 0.9795673076923077 0.02403846153846154 0.03485576923076923
0 0.9182692307692307 0.4567307692307692 0.037259615384615384 0.055288461538461536
0 0.8521634615384616 0.6670673076923077 0.02403846153846154 0.052884615384615384
0 0.7355769230769231 0.7283653846153846 0.03125 0.040865384615384616
0 0.05048076923076923 0.1971153846153846 0.014423076923076924 0.038461538461538464
0 0.6394230769230769 0.7728365384615384 0.051682692307692304 0.036057692307692304
0 0.5432692307692307 0.23197115384615385 0.014423076923076924 0.030048076923076924
0 0.3112980769230769 0.7403846153846154 0.030048076923076924 0.030048076923076924
0 0.02403846153846154 0.19471153846153846 0.01201923076923077 0.026442307692307692
0 0.14903846153846154 0.2548076923076923 0.019230769230769232 0.020432692307692308
0 0.3762019230769231 0.4651442307692308 0.030048076923076924 0.020432692307692308
0 0.09254807692307693 0.23677884615384615 0.020432692307692308 0.020432692307692308
0 0.7307692307692307 0.7668269230769231 0.04567307692307692 0.016826923076923076
0 0.6730769230769231 0.4230769230769231 0.03245192307692308 0.040865384615384616