4 0.20673076923076922 0.07692307692307693 0.3233173076923077 0.1310096153846154
4 0.04567307692307692 0.18028846153846154 0.09014423076923077 0.12139423076923077
4 0.2247596153846154 0.4182692307692308 0.1814903846153846 0.09735576923076923
4 0.5180288461538461 0.25721153846153844 0.1310096153846154 0.08774038461538461
4 0.8197115384615384 0.3293269230769231 0.2620192307692308 0.09254807692307693
0 0.18269230769230768 0.1045673076923077 0.13221153846153846 0.06370192307692307
0 0.546875 0.09735576923076923 0.10336538461538461 0.057692307692307696
0 0.8449519230769231 0.08173076923076923 0.0829326923076923 0.05048076923076923
0 0.38221153846153844 0.20793269230769232 0.12139423076923077 0.051682692307692304
0 0.6947115384615384 0.13701923076923078 0.09495192307692307 0.04807692307692308
0 0.9362980769230769 0.20552884615384615 0.07932692307692307 0.046875
0 0.24519230769230768 0.15985576923076922 0.14423076923076922 0.05048076923076923
0 0.4050480769230769 0.18870192307692307 0.1201923076923077 0.046875
0 0.6574519230769231 0.16826923076923078 0.1045673076923077 0.04567307692307692
0 0.6274038461538461 0.13942307692307693 0.125 0.046875
0 0.8293269230769231 0.1466346153846154 0.09495192307692307 0.04326923076923077
0 0.22596153846153846 0.17067307692307693 0.125 0.046875
0 0.7427884615384616 0.14423076923076922 0.06850961538461539 0.040865384615384616
0 0.6286057692307693 0.125 0.09254807692307693 0.040865384615384616
6 0.5420673076923077 0.4951923076923077 0.0985576923076923 0.042067307692307696
0 0.9098557692307693 0.11057692307692307 0.08774038461538461 0.040865384615384616
0 0.7091346153846154 0.42788461538461536 0.09014423076923077 0.038461538461538464
0 0.5612980769230769 0.12379807692307693 0.08653846153846154 0.038461538461538464
0 0.7872596153846154 0.10817307692307693 0.09014423076923077 0.037259615384615384
0 0.8004807692307693 0.41225961538461536 0.07692307692307693 0.03125