6 0.5480769230769231 0.7091346153846154 0.20192307692307693 0.09254807692307693
0 0.65625 0.09495192307692307 0.07451923076923077 0.078125
4 0.6177884615384616 0.22355769230769232 0.171875 0.056490384615384616
0 0.7127403846153846 0.2091346153846154 0.06129807692307692 0.055288461538461536
4 0.21514423076923078 0.3125 0.05889423076923077 0.04567307692307692
0 0.9507211538461539 0.10697115384615384 0.09495192307692307 0.04567307692307692
4 0.7512019230769231 0.1502403846153846 0.17548076923076922 0.042067307692307696
0 0.9867788461538461 0.12860576923076922 0.025240384615384616 0.042067307692307696
0 0.9014423076923077 0.14302884615384615 0.10336538461538461 0.040865384615384616
4 0.2860576923076923 0.3425480769230769 0.07451923076923077 0.040865384615384616
4 0.4338942307692308 0.34615384615384615 0.056490384615384616 0.040865384615384616
6 0.17067307692307693 0.5240384615384616 0.11778846153846154 0.038461538461538464
4 0.484375 0.48197115384615385 0.19471153846153846 0.036057692307692304
0 0.8509615384615384 0.19951923076923078 0.09375 0.036057692307692304
0 0.3473557692307692 0.18870192307692307 0.09975961538461539 0.03125
0 0.4855769230769231 0.21153846153846154 0.08774038461538461 0.030048076923076924
0 0.6610576923076923 0.21153846153846154 0.0673076923076923 0.027644230769230768
0 0.7512019230769231 0.18389423076923078 0.08774038461538461 0.027644230769230768
0 0.4266826923076923 0.2620192307692308 0.07932692307692307 0.027644230769230768
4 0.6574519230769231 0.43149038461538464 0.10336538461538461 0.025240384615384616
0 0.3016826923076923 0.2439903846153846 0.08774038461538461 0.025240384615384616
0 0.2608173076923077 0.19471153846153846 0.08774038461538461 0.025240384615384616
0 0.2127403846153846 0.21514423076923078 0.0985576923076923 0.025240384615384616
0 0.4723557692307692 0.24158653846153846 0.08173076923076923 0.025240384615384616
0 0.6213942307692307 0.1875 0.06850961538461539 0.02403846153846154
0 0.3942307692307692 0.23798076923076922 0.05889423076923077 0.021634615384615384
0 0.1502403846153846 0.2091346153846154 0.07211538461538461 0.021634615384615384
0 0.38100961538461536 0.2283653846153846 0.06129807692307692 0.021634615384615384
0 0.21754807692307693 0.23557692307692307 0.0829326923076923 0.021634615384615384
0 0.35096153846153844 0.2127403846153846 0.06850961538461539 0.021634615384615384
0 0.11298076923076923 0.34975961538461536 0.03485576923076923 0.016826923076923076
0 0.15144230769230768 0.3449519230769231 0.01201923076923077 0.01201923076923077
0 0.07211538461538461 0.34975961538461536 0.010817307692307692 0.010817307692307692