3 0.5661057692307693 0.30528846153846156 0.0673076923076923 0.0985576923076923
3 0.49399038461538464 0.3137019230769231 0.06370192307692307 0.09375
3 0.9170673076923077 0.18389423076923078 0.08413461538461539 0.09014423076923077
3 0.40024038461538464 0.3161057692307692 0.0625 0.08413461538461539
3 0.3545673076923077 0.5516826923076923 0.2932692307692308 0.09014423076923077
3 0.5757211538461539 0.1778846153846154 0.03485576923076923 0.06971153846153846
3 0.4495192307692308 0.20072115384615385 0.04807692307692308 0.06850961538461539
3 0.09975961538461539 0.28966346153846156 0.08653846153846154 0.0625
3 0.53125 0.17908653846153846 0.05889423076923077 0.06129807692307692
3 0.33533653846153844 0.33653846153846156 0.06850961538461539 0.056490384615384616
3 0.7620192307692307 0.015625 0.056490384615384616 0.03125
3 0.06009615384615385 0.36658653846153844 0.0829326923076923 0.05889423076923077