1 0.3245192307692308 0.7512019230769231 0.14903846153846154 0.24519230769230768
1 0.3233173076923077 0.12740384615384615 0.08653846153846154 0.22355769230769232
1 0.2512019230769231 0.8557692307692307 0.15504807692307693 0.21153846153846154
1 0.7127403846153846 0.8137019230769231 0.09495192307692307 0.20432692307692307
1 0.22235576923076922 0.4963942307692308 0.14543269230769232 0.20192307692307693
1 0.7800480769230769 0.9074519230769231 0.1045673076923077 0.16826923076923078
1 0.8713942307692307 0.53125 0.11538461538461539 0.1971153846153846
1 0.13822115384615385 0.5757211538461539 0.125 0.18629807692307693
1 0.3870192307692308 0.7836538461538461 0.1141826923076923 0.1814903846153846
1 0.2764423076923077 0.17307692307692307 0.07451923076923077 0.17307692307692307
1 0.5420673076923077 0.14182692307692307 0.057692307692307696 0.17307692307692307
1 0.6442307692307693 0.4387019230769231 0.1466346153846154 0.17307692307692307
1 0.6310096153846154 0.8954326923076923 0.08413461538461539 0.17067307692307693
1 0.5973557692307693 0.2247596153846154 0.05889423076923077 0.16826923076923078
1 0.6730769230769231 0.5396634615384616 0.11778846153846154 0.17067307692307693
1 0.44591346153846156 0.28365384615384615 0.1310096153846154 0.16706730769230768
1 0.4387019230769231 0.20673076923076922 0.07692307692307693 0.1622596153846154
1 0.7644230769230769 0.5264423076923077 0.11057692307692307 0.15985576923076922
1 0.8401442307692307 0.4098557692307692 0.0829326923076923 0.15745192307692307
1 0.9122596153846154 0.36899038461538464 0.07692307692307693 0.15625
1 0.9447115384615384 0.7115384615384616 0.0889423076923077 0.15625
1 0.14543269230769232 0.8149038461538461 0.11899038461538461 0.15625
1 0.5372596153846154 0.703125 0.1201923076923077 0.15625
1 0.3605769230769231 0.9471153846153846 0.09975961538461539 0.10096153846153846
1 0.07211538461538461 0.08413461538461539 0.14423076923076922 0.14182692307692307
1 0.42788461538461536 0.6622596153846154 0.0985576923076923 0.14903846153846154
1 0.3713942307692308 0.45552884615384615 0.16826923076923078 0.14423076923076922
1 0.7872596153846154 0.10697115384615384 0.10576923076923077 0.13942307692307693
1 0.8353365384615384 0.26802884615384615 0.11298076923076923 0.13942307692307693
1 0.7596153846153846 0.7403846153846154 0.057692307692307696 0.1346153846153846
1 0.5372596153846154 0.5180288461538461 0.09014423076923077 0.12980769230769232
1 0.6622596153846154 0.29086538461538464 0.0625 0.12980769230769232
1 0.6153846153846154 0.052884615384615384 0.07451923076923077 0.10576923076923077
1 0.5168269230769231 0.052884615384615384 0.06610576923076923 0.10576923076923077
1 0.7403846153846154 0.4362980769230769 0.08173076923076923 0.1201923076923077
1 0.37740384615384615 0.9867788461538461 0.12980769230769232 0.02403846153846154
1 0.27163461538461536 0.5841346153846154 0.08653846153846154 0.11899038461538461
1 0.9675480769230769 0.4026442307692308 0.055288461538461536 0.11778846153846154
1 0.9387019230769231 0.8473557692307693 0.10336538461538461 0.11538461538461539
1 0.8064903846153846 0.36538461538461536 0.04807692307692308 0.10817307692307693
1 0.4519230769230769 0.5324519230769231 0.0673076923076923 0.10096153846153846
1 0.9627403846153846 0.32572115384615385 0.06610576923076923 0.10336538461538461
1 0.3605769230769231 0.5432692307692307 0.09375 0.0985576923076923
1 0.8173076923076923 0.037259615384615384 0.09975961538461539 0.0733173076923077
1 0.22235576923076922 0.20072115384615385 0.08653846153846154 0.09735576923076923
1 0.24759615384615385 0.39302884615384615 0.06850961538461539 0.09254807692307693
1 0.3605769230769231 0.3641826923076923 0.09014423076923077 0.09014423076923077
1 0.7247596153846154 0.6622596153846154 0.0625 0.08413461538461539
1 0.6887019230769231 0.7920673076923077 0.10576923076923077 0.0829326923076923
1 0.6189903846153846 0.9855769230769231 0.052884615384615384 0.021634615384615384
1 0.546875 0.41346153846153844 0.10336538461538461 0.08173076923076923
1 0.39783653846153844 0.9026442307692307 0.11538461538461539 0.07932692307692307
1 0.7199519230769231 0.3605769230769231 0.04807692307692308 0.0733173076923077
1 0.9891826923076923 0.6995192307692307 0.019230769230769232 0.06971153846153846
1 0.21995192307692307 0.5997596153846154 0.03485576923076923 0.06129807692307692