0 0.8052884615384616 0.038461538461538464 0.22115384615384615 0.07692307692307693
0 0.5300480769230769 0.7043269230769231 0.24879807692307693 0.11298076923076923
0 0.9375 0.03485576923076923 0.08173076923076923 0.06971153846153846
0 0.0889423076923077 0.1141826923076923 0.1778846153846154 0.109375
0 0.07932692307692307 0.8533653846153846 0.12620192307692307 0.10096153846153846
0 0.8629807692307693 0.17548076923076922 0.2439903846153846 0.10576923076923077
0 0.953125 0.9615384615384616 0.09014423076923077 0.036057692307692304
0 0.6682692307692307 0.9807692307692307 0.20432692307692307 0.03125
0 0.8100961538461539 0.9362980769230769 0.18269230769230768 0.09495192307692307
0 0.5372596153846154 0.07932692307692307 0.3245192307692308 0.09975961538461539
0 0.30408653846153844 0.6394230769230769 0.20192307692307693 0.09375
0 0.9387019230769231 0.8125 0.11899038461538461 0.09014423076923077
0 0.7451923076923077 0.4110576923076923 0.2800480769230769 0.09735576923076923
0 0.4206730769230769 0.6153846153846154 0.2848557692307692 0.09735576923076923
0 0.15865384615384615 0.21875 0.27403846153846156 0.09495192307692307
0 0.7836538461538461 0.2980769230769231 0.25 0.09375
0 0.9447115384615384 0.6105769230769231 0.10817307692307693 0.0889423076923077
0 0.6081730769230769 0.7932692307692307 0.2512019230769231 0.09254807692307693
0 0.9627403846153846 0.8882211538461539 0.07211538461538461 0.08653846153846154
0 0.6887019230769231 0.6971153846153846 0.17548076923076922 0.0889423076923077
0 0.054086538461538464 0.953125 0.06610576923076923 0.08173076923076923
0 0.9074519230769231 0.7211538461538461 0.18269230769230768 0.0889423076923077
0 0.3473557692307692 0.984375 0.1935096153846154 0.027644230769230768
0 0.5528846153846154 0.8293269230769231 0.22956730769230768 0.08774038461538461
0 0.4651442307692308 0.4014423076923077 0.24519230769230768 0.08653846153846154
0 0.9038461538461539 0.6454326923076923 0.18870192307692307 0.08413461538461539
0 0.6911057692307693 0.3112980769230769 0.16346153846153846 0.078125
0 0.6574519230769231 0.6310096153846154 0.20192307692307693 0.08173076923076923
0 0.546875 0.9158653846153846 0.1875 0.07932692307692307
0 0.8293269230769231 0.4495192307692308 0.25 0.0829326923076923
0 0.7848557692307693 0.8461538461538461 0.19831730769230768 0.07932692307692307
0 0.6225961538461539 0.02283653846153846 0.18269230769230768 0.04567307692307692
0 0.021634615384615384 0.20432692307692307 0.042067307692307696 0.0733173076923077
0 0.6478365384615384 0.2127403846153846 0.25 0.078125
0 0.052884615384615384 0.39903846153846156 0.10576923076923077 0.0733173076923077
0 0.25721153846153844 0.2764423076923077 0.21153846153846154 0.07451923076923077
0 0.1502403846153846 0.41586538461538464 0.1658653846153846 0.0733173076923077
0 0.6069711538461539 0.17067307692307693 0.22235576923076922 0.07451923076923077
0 0.8064903846153846 0.5528846153846154 0.3161057692307692 0.07932692307692307
0 0.4182692307692308 0.4723557692307692 0.18870192307692307 0.07211538461538461
0 0.3918269230769231 0.8786057692307693 0.234375 0.0733173076923077
0 0.47836538461538464 0.3233173076923077 0.24879807692307693 0.0733173076923077
0 0.006009615384615385 0.296875 0.01201923076923077 0.0625
0 0.25240384615384615 0.9603365384615384 0.17307692307692307 0.06850961538461539
0 0.1502403846153846 0.3605769230769231 0.23557692307692307 0.06971153846153846
0 0.17548076923076922 0.5300480769230769 0.30528846153846156 0.07211538461538461
0 0.9615384615384616 0.44350961538461536 0.0733173076923077 0.05889423076923077
0 0.07692307692307693 0.6514423076923077 0.14182692307692307 0.0625
0 0.19951923076923078 0.7800480769230769 0.22596153846153846 0.06610576923076923
0 0.026442307692307692 0.4807692307692308 0.052884615384615384 0.055288461538461536
0 0.7992788461538461 0.4987980769230769 0.23317307692307693 0.0625
0 0.9699519230769231 0.4074519230769231 0.052884615384615384 0.051682692307692304
0 0.25240384615384615 0.49759615384615385 0.20432692307692307 0.055288461538461536
0 0.9759615384615384 0.6862980769230769 0.04567307692307692 0.07451923076923077