0 0.9242788461538461 0.6502403846153846 0.140625 0.17307692307692307
0 0.9519230769230769 0.47475961538461536 0.09375 0.19110576923076922
0 0.8052884615384616 0.2800480769230769 0.06850961538461539 0.14543269230769232
0 0.6538461538461539 0.4387019230769231 0.13701923076923078 0.12860576923076922
0 0.7175480769230769 0.5168269230769231 0.20192307692307693 0.1502403846153846
0 0.4362980769230769 0.39783653846153844 0.14543269230769232 0.15264423076923078
0 0.5276442307692307 0.14423076923076922 0.13942307692307693 0.15745192307692307
0 0.5661057692307693 0.11538461538461539 0.07211538461538461 0.06610576923076923
0 0.2824519230769231 0.04807692307692308 0.12980769230769232 0.0733173076923077
0 0.2512019230769231 0.44350961538461536 0.13581730769230768 0.16706730769230768
0 0.03245192307692308 0.28846153846153844 0.04567307692307692 0.10336538461538461
0 0.052884615384615384 0.16706730769230768 0.06850961538461539 0.11057692307692307
0 0.039663461538461536 0.09014423076923077 0.030048076923076924 0.08173076923076923
0 0.7307692307692307 0.07932692307692307 0.1045673076923077 0.06129807692307692