2 0.44350961538461536 0.4495192307692308 0.12139423076923077 0.13581730769230768
2 0.5757211538461539 0.3605769230769231 0.042067307692307696 0.06610576923076923
2 0.36177884615384615 0.34975961538461536 0.040865384615384616 0.06129807692307692
2 0.1971153846153846 0.33653846153846156 0.038461538461538464 0.057692307692307696
2 0.30649038461538464 0.3137019230769231 0.046875 0.04807692307692308
2 0.24879807692307693 0.34975961538461536 0.06129807692307692 0.04567307692307692
2 0.1502403846153846 0.328125 0.037259615384615384 0.04326923076923077
2 0.12860576923076922 0.32211538461538464 0.026442307692307692 0.038461538461538464
2 0.40625 0.3401442307692308 0.025240384615384616 0.03125
2 0.03365384615384615 0.3269230769230769 0.026442307692307692 0.025240384615384616
2 0.45913461538461536 0.34615384615384615 0.037259615384615384 0.040865384615384616