0 0.8269230769230769 0.01201923076923077 0.22596153846153846 0.02403846153846154
0 0.5564903846153846 0.671875 0.25600961538461536 0.11899038461538461
0 0.09254807692307693 0.078125 0.18509615384615385 0.11298076923076923
0 0.09014423076923077 0.8341346153846154 0.14182692307692307 0.10817307692307693
0 0.8689903846153846 0.125 0.21514423076923078 0.11057692307692307
0 0.9735576923076923 0.9399038461538461 0.05048076923076923 0.06129807692307692
0 0.7019230769230769 0.9639423076923077 0.21153846153846154 0.05889423076923077
0 0.8473557692307693 0.9038461538461539 0.1875 0.10096153846153846
0 0.5540865384615384 0.04326923076923077 0.33653846153846156 0.08653846153846154
0 0.32211538461538464 0.609375 0.20793269230769232 0.0985576923076923
0 0.9567307692307693 0.7764423076923077 0.08413461538461539 0.09375
0 0.7716346153846154 0.36778846153846156 0.28725961538461536 0.10336538461538461
0 0.4423076923076923 0.5817307692307693 0.2920673076923077 0.1045673076923077
0 0.1658653846153846 0.18028846153846154 0.28125 0.10336538461538461
0 0.8088942307692307 0.25 0.25600961538461536 0.09975961538461539
0 0.9603365384615384 0.5697115384615384 0.07692307692307693 0.0889423076923077
0 0.6382211538461539 0.7620192307692307 0.25961538461538464 0.09975961538461539
0 0.9819711538461539 0.8533653846153846 0.03245192307692308 0.08774038461538461
0 0.7175480769230769 0.6622596153846154 0.18028846153846154 0.09375
0 0.0673076923076923 0.9350961538461539 0.07932692307692307 0.08653846153846154
0 0.9242788461538461 0.6826923076923077 0.14903846153846154 0.09375
0 0.375 0.9723557692307693 0.19951923076923078 0.052884615384615384
0 0.5817307692307693 0.8004807692307693 0.23557692307692307 0.09375
0 0.484375 0.3629807692307692 0.2512019230769231 0.09254807692307693
0 0.9206730769230769 0.6045673076923077 0.15625 0.08774038461538461
0 0.7139423076923077 0.265625 0.16826923076923078 0.0829326923076923
0 0.6862980769230769 0.5949519230769231 0.20793269230769232 0.08653846153846154
0 0.5769230769230769 0.8870192307692307 0.1935096153846154 0.08413461538461539
0 0.8581730769230769 0.4050480769230769 0.25600961538461536 0.0889423076923077
0 0.8185096153846154 0.8125 0.203125 0.08413461538461539
0 0.025240384615384616 0.16826923076923078 0.05048076923076923 0.078125
0 0.6682692307692307 0.1658653846153846 0.25721153846153844 0.08413461538461539
0 0.05889423076923077 0.36899038461538464 0.11778846153846154 0.078125
0 0.2692307692307692 0.23798076923076922 0.21754807692307693 0.08173076923076923
0 0.16105769230769232 0.38221153846153844 0.17067307692307693 0.078125
0 0.6262019230769231 0.12379807692307693 0.2283653846153846 0.08173076923076923
0 0.8365384615384616 0.5120192307692307 0.3245192307692308 0.08774038461538461
0 0.4387019230769231 0.43509615384615385 0.1935096153846154 0.07692307692307693
0 0.4170673076923077 0.8533653846153846 0.2403846153846154 0.07932692307692307
0 0.49759615384615385 0.2824519230769231 0.25600961538461536 0.07932692307692307
0 0.009615384615384616 0.2620192307692308 0.019230769230769232 0.0673076923076923
0 0.2764423076923077 0.9387019230769231 0.1778846153846154 0.0733173076923077
0 0.15985576923076922 0.32572115384615385 0.24278846153846154 0.07692307692307693
0 0.19110576923076922 0.5 0.3137019230769231 0.078125
0 0.9747596153846154 0.39783653846153844 0.038461538461538464 0.05889423076923077
0 0.5552884615384616 0.9879807692307693 0.15144230769230768 0.021634615384615384
0 0.08653846153846154 0.6262019230769231 0.15985576923076922 0.06850961538461539
0 0.21875 0.7548076923076923 0.23317307692307693 0.07211538461538461
0 0.03245192307692308 0.45072115384615385 0.06370192307692307 0.057692307692307696
0 0.828125 0.4567307692307692 0.23918269230769232 0.0673076923076923
0 0.26802884615384615 0.4651442307692308 0.2091346153846154 0.06129807692307692