0 0.8197115384615384 0.8858173076923077 0.24639423076923078 0.21995192307692307
0 0.5252403846153846 0.8689903846153846 0.25 0.20673076923076922
0 0.2932692307692308 0.6634615384615384 0.4483173076923077 0.203125
0 0.3605769230769231 0.08653846153846154 0.33653846153846156 0.171875
0 0.49759615384615385 0.8509615384615384 0.2644230769230769 0.18028846153846154
0 0.07692307692307693 0.5396634615384616 0.15384615384615385 0.15625
0 0.7379807692307693 0.4951923076923077 0.2283653846153846 0.140625
0 0.1346153846153846 0.28725961538461536 0.2692307692307692 0.14182692307692307
0 0.5528846153846154 0.6838942307692307 0.11899038461538461 0.125
0 0.6598557692307693 0.359375 0.20673076923076922 0.1201923076923077
0 0.8052884615384616 0.35096153846153844 0.20432692307692307 0.11778846153846154
0 0.9543269230769231 0.7463942307692307 0.0889423076923077 0.11298076923076923
0 0.5949519230769231 0.3317307692307692 0.2776442307692308 0.11057692307692307
0 0.06850961538461539 0.1622596153846154 0.13701923076923078 0.11298076923076923
0 0.17067307692307693 0.3425480769230769 0.3161057692307692 0.10817307692307693
0 0.8870192307692307 0.7235576923076923 0.12980769230769232 0.10336538461538461
0 0.4411057692307692 0.7692307692307693 0.421875 0.10817307692307693
0 0.234375 0.9567307692307693 0.23798076923076922 0.08413461538461539
0 0.4699519230769231 0.2283653846153846 0.234375 0.09975961538461539
0 0.7439903846153846 0.6382211538461539 0.19230769230769232 0.0985576923076923
0 0.027644230769230768 0.8209134615384616 0.04567307692307692 0.09495192307692307
0 0.9567307692307693 0.109375 0.07211538461538461 0.09495192307692307
0 0.47836538461538464 0.5252403846153846 0.2536057692307692 0.08653846153846154
0 0.6346153846153846 0.27163461538461536 0.24879807692307693 0.08413461538461539
0 0.17067307692307693 0.020432692307692308 0.34134615384615385 0.040865384615384616
0 0.8978365384615384 0.5324519230769231 0.171875 0.0733173076923077
0 0.9963942307692307 0.8305288461538461 0.003605769230769231 0.06971153846153846
0 0.9338942307692307 0.2247596153846154 0.055288461538461536 0.0673076923076923
0 0.9615384615384616 0.3918269230769231 0.0733173076923077 0.0673076923076923
0 0.9050480769230769 0.4807692307692308 0.16105769230769232 0.0673076923076923
0 0.8689903846153846 0.31850961538461536 0.13942307692307693 0.06370192307692307
0 0.484375 0.013221153846153846 0.234375 0.026442307692307692
0 0.9567307692307693 0.5564903846153846 0.0829326923076923 0.055288461538461536
0 0.7800480769230769 0.11298076923076923 0.2512019230769231 0.09375