0 0.4338942307692308 0.1466346153846154 0.12379807692307693 0.21875
0 0.8665865384615384 0.12860576923076922 0.04326923076923077 0.10096153846153846
0 0.7043269230769231 0.030048076923076924 0.04567307692307692 0.05889423076923077
0 0.6478365384615384 0.21153846153846154 0.06610576923076923 0.0829326923076923
0 0.5 0.6550480769230769 0.055288461538461536 0.0733173076923077
0 0.4411057692307692 0.02403846153846154 0.07692307692307693 0.046875
0 0.7235576923076923 0.5997596153846154 0.0673076923076923 0.06971153846153846
0 0.5877403846153846 0.2620192307692308 0.03125 0.0625
0 0.7379807692307693 0.021634615384615384 0.03485576923076923 0.042067307692307696
0 0.7848557692307693 0.24879807692307693 0.027644230769230768 0.051682692307692304
0 0.7740384615384616 0.016826923076923076 0.03485576923076923 0.03245192307692308
0 0.5384615384615384 0.2980769230769231 0.030048076923076924 0.046875
0 0.5973557692307693 0.4026442307692308 0.06370192307692307 0.05048076923076923
0 0.7331730769230769 0.2091346153846154 0.03125 0.04567307692307692
0 0.8581730769230769 0.24278846153846154 0.030048076923076924 0.04326923076923077
0 0.7019230769230769 0.5348557692307693 0.037259615384615384 0.040865384615384616
0 0.7536057692307693 0.6935096153846154 0.046875 0.04567307692307692