0 0.8629807692307693 0.10096153846153846 0.16346153846153846 0.20192307692307693
4 0.4807692307692308 0.5925480769230769 0.44711538461538464 0.19110576923076922
4 0.3557692307692308 0.9387019230769231 0.3870192307692308 0.11899038461538461
0 0.17307692307692307 0.3870192307692308 0.18389423076923078 0.11778846153846154
0 0.35096153846153844 0.4338942307692308 0.17067307692307693 0.09014423076923077
0 0.9338942307692307 0.31971153846153844 0.109375 0.08653846153846154
0 0.08413461538461539 0.4182692307692308 0.16826923076923078 0.08653846153846154
0 0.7620192307692307 0.43990384615384615 0.20192307692307693 0.08173076923076923
0 0.9375 0.4230769230769231 0.1201923076923077 0.06971153846153846
0 0.05889423076923077 0.5132211538461539 0.11778846153846154 0.06971153846153846
0 0.1814903846153846 0.4519230769230769 0.18389423076923078 0.07211538461538461
0 0.5997596153846154 0.44591346153846156 0.14182692307692307 0.05889423076923077
0 0.5877403846153846 0.4074519230769231 0.1466346153846154 0.05889423076923077
0 0.6971153846153846 0.37259615384615385 0.13701923076923078 0.05048076923076923