0 0.8737980769230769 0.11177884615384616 0.24879807692307693 0.18870192307692307
0 0.8052884615384616 0.22596153846153846 0.20673076923076922 0.1466346153846154
4 0.6899038461538461 0.4699519230769231 0.36899038461538464 0.13581730769230768
0 0.6574519230769231 0.2127403846153846 0.140625 0.1141826923076923
0 0.6586538461538461 0.8882211538461539 0.3269230769230769 0.12620192307692307
0 0.5745192307692307 0.3088942307692308 0.056490384615384616 0.10336538461538461
0 0.6862980769230769 0.30649038461538464 0.04567307692307692 0.09375
4 0.3161057692307692 0.7572115384615384 0.15625 0.09735576923076923
4 0.3798076923076923 0.6165865384615384 0.25961538461538464 0.10336538461538461
4 0.49278846153846156 0.5252403846153846 0.25721153846153844 0.10096153846153846
0 0.5264423076923077 0.8377403846153846 0.22956730769230768 0.09375
0 0.5721153846153846 0.4110576923076923 0.1045673076923077 0.07451923076923077
0 0.6382211538461539 0.3894230769230769 0.07451923076923077 0.0673076923076923
0 0.8557692307692307 0.4855769230769231 0.10336538461538461 0.0673076923076923
0 0.46153846153846156 0.375 0.10096153846153846 0.057692307692307696
0 0.7331730769230769 0.3942307692307692 0.18629807692307693 0.06370192307692307
0 0.5865384615384616 0.38100961538461536 0.056490384615384616 0.055288461538461536
0 0.9663461538461539 0.5072115384615384 0.06370192307692307 0.04567307692307692
0 0.703125 0.43990384615384615 0.06610576923076923 0.036057692307692304
0 0.7512019230769231 0.43028846153846156 0.07451923076923077 0.036057692307692304
0 0.7512019230769231 0.45913461538461536 0.06971153846153846 0.03245192307692308
0 0.7860576923076923 0.4807692307692308 0.06610576923076923 0.03125
0 0.8149038461538461 0.5072115384615384 0.056490384615384616 0.03125
0 0.8966346153846154 0.4855769230769231 0.08653846153846154 0.04567307692307692