0 0.2824519230769231 0.13942307692307693 0.15264423076923078 0.18269230769230768
0 0.32211538461538464 0.29927884615384615 0.265625 0.13581730769230768
4 0.45913461538461536 0.5552884615384616 0.33413461538461536 0.13942307692307693
0 0.13341346153846154 0.43509615384615385 0.078125 0.09014423076923077
0 0.8870192307692307 0.39663461538461536 0.2247596153846154 0.09735576923076923
0 0.08052884615384616 0.36538461538461536 0.1466346153846154 0.09014423076923077
4 0.3870192307692308 0.6430288461538461 0.234375 0.08774038461538461
0 0.9399038461538461 0.5096153846153846 0.11778846153846154 0.0673076923076923
0 0.042067307692307696 0.4266826923076923 0.078125 0.05889423076923077
0 0.6346153846153846 0.4074519230769231 0.16105769230769232 0.05889423076923077
0 0.4026442307692308 0.3870192307692308 0.1502403846153846 0.057692307692307696
0 0.2620192307692308 0.43028846153846156 0.15625 0.056490384615384616
0 0.13942307692307693 0.44350961538461536 0.13942307692307693 0.055288461538461536
0 0.4254807692307692 0.4483173076923077 0.14903846153846154 0.056490384615384616
0 0.8016826923076923 0.44711538461538464 0.16826923076923078 0.056490384615384616
0 0.8221153846153846 0.42908653846153844 0.12860576923076922 0.051682692307692304
0 0.6983173076923077 0.4375 0.12379807692307693 0.05048076923076923
0 0.9927884615384616 0.43028846153846156 0.010817307692307692 0.04567307692307692
0 0.6334134615384616 0.2403846153846154 0.3401442307692308 0.15144230769230768