1 0.4951923076923077 0.9038461538461539 0.2091346153846154 0.13581730769230768
1 0.41225961538461536 0.3557692307692308 0.15985576923076922 0.10096153846153846
1 0.3473557692307692 0.9723557692307693 0.15625 0.051682692307692304
1 0.1502403846153846 0.3605769230769231 0.1201923076923077 0.08173076923076923
1 0.9495192307692307 0.4675480769230769 0.0985576923076923 0.07211538461538461
1 0.3629807692307692 0.2620192307692308 0.11057692307692307 0.0625
1 0.3088942307692308 0.49158653846153844 0.10576923076923077 0.05889423076923077
1 0.6971153846153846 0.8269230769230769 0.08774038461538461 0.056490384615384616
1 0.5949519230769231 0.6418269230769231 0.07211538461538461 0.05048076923076923
1 0.5072115384615384 0.0625 0.09375 0.04807692307692308
1 0.9795673076923077 0.5372596153846154 0.037259615384615384 0.040865384615384616
1 0.5841346153846154 0.1875 0.06610576923076923 0.037259615384615384
1 0.984375 0.5733173076923077 0.027644230769230768 0.03485576923076923
1 0.8942307692307693 0.8088942307692307 0.046875 0.02403846153846154
1 0.9483173076923077 0.6502403846153846 0.051682692307692304 0.02403846153846154
1 0.41346153846153844 0.43028846153846156 0.0625 0.02403846153846154
1 0.5492788461538461 0.7415865384615384 0.036057692307692304 0.020432692307692308