1 0.7019230769230769 0.5360576923076923 0.33413461538461536 0.18028846153846154
1 0.13942307692307693 0.8689903846153846 0.23798076923076922 0.15625
1 0.003605769230769231 0.2247596153846154 0.007211538461538462 0.13942307692307693
1 0.8942307692307693 0.5180288461538461 0.2091346153846154 0.13221153846153846
1 0.1814903846153846 0.5865384615384616 0.32211538461538464 0.13581730769230768
1 0.09495192307692307 0.7752403846153846 0.15985576923076922 0.125
1 0.6766826923076923 0.7920673076923077 0.1971153846153846 0.11057692307692307
1 0.026442307692307692 0.5600961538461539 0.052884615384615384 0.0985576923076923
1 0.47115384615384615 0.8245192307692307 0.16826923076923078 0.07692307692307693
1 0.3605769230769231 0.6670673076923077 0.15625 0.0673076923076923
1 0.546875 0.796875 0.12980769230769232 0.0625
1 0.4254807692307692 0.7980769230769231 0.09975961538461539 0.05889423076923077
1 0.09735576923076923 0.9819711538461539 0.1310096153846154 0.03245192307692308