0 0.6225961538461539 0.2127403846153846 0.47836538461538464 0.24639423076923078
4 0.3112980769230769 0.056490384615384616 0.6213942307692307 0.11298076923076923
0 0.45913461538461536 0.3329326923076923 0.0985576923076923 0.09495192307692307
0 0.25721153846153844 0.8449519230769231 0.19471153846153846 0.078125
4 0.5865384615384616 0.6887019230769231 0.18629807692307693 0.06971153846153846
4 0.49038461538461536 0.6370192307692307 0.140625 0.06850961538461539
0 0.3245192307692308 0.4014423076923077 0.14543269230769232 0.06129807692307692
0 0.32211538461538464 0.44350961538461536 0.06850961538461539 0.056490384615384616
0 0.3485576923076923 0.35336538461538464 0.11899038461538461 0.055288461538461536
0 0.4182692307692308 0.453125 0.09975961538461539 0.055288461538461536
0 0.03245192307692308 0.4254807692307692 0.06490384615384616 0.052884615384615384
0 0.028846153846153848 0.5300480769230769 0.057692307692307696 0.04807692307692308
0 0.04567307692307692 0.6129807692307693 0.0889423076923077 0.04807692307692308
0 0.22355769230769232 0.39302884615384615 0.109375 0.04807692307692308
0 0.10336538461538461 0.42788461538461536 0.12620192307692307 0.04807692307692308
0 0.16346153846153846 0.4987980769230769 0.10336538461538461 0.04807692307692308
0 0.20673076923076922 0.43149038461538464 0.0985576923076923 0.04567307692307692
0 0.48197115384615385 0.4014423076923077 0.1201923076923077 0.040865384615384616
0 0.3245192307692308 0.47475961538461536 0.08173076923076923 0.037259615384615384