1 0.6682692307692307 0.5901442307692307 0.3233173076923077 0.1622596153846154
1 0.09975961538461539 0.8713942307692307 0.19951923076923078 0.1466346153846154
1 0.8798076923076923 0.5901442307692307 0.23918269230769232 0.1201923076923077
1 0.15384615384615385 0.5961538461538461 0.3076923076923077 0.1201923076923077
1 0.06129807692307692 0.7752403846153846 0.12259615384615384 0.11778846153846154
1 0.6201923076923077 0.8425480769230769 0.19110576923076922 0.10096153846153846
1 0.01201923076923077 0.5576923076923077 0.02403846153846154 0.09735576923076923
1 0.41466346153846156 0.8557692307692307 0.16346153846153846 0.0673076923076923
1 0.31971153846153844 0.6911057692307693 0.15264423076923078 0.05889423076923077
1 0.49278846153846156 0.8365384615384616 0.12620192307692307 0.056490384615384616
1 0.37259615384615385 0.8269230769230769 0.09735576923076923 0.055288461538461536