2 0.31009615384615385 0.578125 0.09014423076923077 0.11899038461538461
2 0.8052884615384616 0.5132211538461539 0.042067307692307696 0.06610576923076923
2 0.20673076923076922 0.4891826923076923 0.04807692307692308 0.057692307692307696
2 0.7355769230769231 0.5216346153846154 0.04807692307692308 0.057692307692307696
2 0.2536057692307692 0.4831730769230769 0.03125 0.05048076923076923
2 0.35096153846153844 0.4879807692307692 0.07932692307692307 0.04807692307692308
2 0.41586538461538464 0.4855769230769231 0.038461538461538464 0.046875
2 0.45913461538461536 0.4879807692307692 0.038461538461538464 0.040865384615384616
2 0.9338942307692307 0.4879807692307692 0.04567307692307692 0.040865384615384616
2 0.5588942307692307 0.48677884615384615 0.04567307692307692 0.038461538461538464
2 0.6165865384615384 0.47475961538461536 0.015625 0.03245192307692308
2 0.4675480769230769 0.4519230769230769 0.030048076923076924 0.03245192307692308
2 0.3293269230769231 0.47596153846153844 0.037259615384615384 0.03125
2 0.6045673076923077 0.47596153846153844 0.027644230769230768 0.03125
2 0.6237980769230769 0.49759615384615385 0.07932692307692307 0.026442307692307692
2 0.8449519230769231 0.4807692307692308 0.030048076923076924 0.025240384615384616
2 0.7091346153846154 0.47596153846153844 0.025240384615384616 0.02403846153846154
2 0.75 0.47596153846153844 0.027644230769230768 0.020432692307692308
2 0.07211538461538461 0.38100961538461536 0.042067307692307696 0.019230769230769232
2 0.44591346153846156 0.4567307692307692 0.03245192307692308 0.015625
2 0.5685096153846154 0.46274038461538464 0.025240384615384616 0.010817307692307692
2 0.5552884615384616 0.4338942307692308 0.057692307692307696 0.010817307692307692
2 0.9783653846153846 0.4831730769230769 0.030048076923076924 0.03485576923076923