1 0.4326923076923077 0.23798076923076922 0.2764423076923077 0.20793269230769232
1 0.6334134615384616 0.23798076923076922 0.1875 0.17668269230769232
1 0.84375 0.9230769230769231 0.3088942307692308 0.14543269230769232
1 0.9158653846153846 0.6526442307692307 0.16346153846153846 0.15625
1 0.6814903846153846 0.6370192307692307 0.25721153846153844 0.140625
1 0.8305288461538461 0.06009615384615385 0.3112980769230769 0.1201923076923077
1 0.6478365384615384 0.8413461538461539 0.21995192307692307 0.12980769230769232
1 0.23076923076923078 0.7199519230769231 0.25 0.12980769230769232
1 0.03245192307692308 0.8016826923076923 0.046875 0.11057692307692307
1 0.0733173076923077 0.9591346153846154 0.11538461538461539 0.078125
1 0.03485576923076923 0.7103365384615384 0.056490384615384616 0.07211538461538461