4 0.40384615384615385 0.6069711538461539 0.11298076923076923 0.3942307692307692
0 0.35096153846153844 0.6514423076923077 0.037259615384615384 0.056490384615384616
0 0.27283653846153844 0.6959134615384616 0.10817307692307693 0.06129807692307692
0 0.6634615384615384 0.5084134615384616 0.03245192307692308 0.02403846153846154
0 0.6526442307692307 0.31971153846153844 0.030048076923076924 0.020432692307692308
0 0.8870192307692307 0.4206730769230769 0.040865384615384616 0.020432692307692308
0 0.875 0.7307692307692307 0.021634615384615384 0.06610576923076923
0 0.9038461538461539 0.8305288461538461 0.021634615384615384 0.03485576923076923
0 0.7644230769230769 0.7463942307692307 0.019230769230769232 0.015625
0 0.7103365384615384 0.6526442307692307 0.006009615384615385 0.021634615384615384
0 0.8665865384615384 0.6490384615384616 0.03125 0.037259615384615384
0 0.8930288461538461 0.6778846153846154 0.03485576923076923 0.051682692307692304
0 0.24759615384615385 0.5504807692307693 0.030048076923076924 0.026442307692307692
0 0.7319711538461539 0.3485576923076923 0.016826923076923076 0.01201923076923077