0 0.8317307692307693 0.8713942307692307 0.16105769230769232 0.1045673076923077
4 0.6862980769230769 0.41346153846153844 0.17668269230769232 0.07932692307692307
0 0.6358173076923077 0.042067307692307696 0.11298076923076923 0.0733173076923077
0 0.9651442307692307 0.15985576923076922 0.06610576923076923 0.07451923076923077
4 0.5949519230769231 0.5769230769230769 0.21153846153846154 0.0673076923076923
4 0.21754807692307693 0.4543269230769231 0.24639423076923078 0.0673076923076923
0 0.5564903846153846 0.040865384615384616 0.14903846153846154 0.06370192307692307
0 0.5745192307692307 0.4735576923076923 0.16706730769230768 0.06370192307692307
0 0.9278846153846154 0.5949519230769231 0.140625 0.06370192307692307
0 0.5504807692307693 0.1971153846153846 0.12379807692307693 0.04807692307692308
0 0.9663461538461539 0.4098557692307692 0.06370192307692307 0.05048076923076923
0 0.6334134615384616 0.17067307692307693 0.109375 0.038461538461538464
0 0.546875 0.006009615384615385 0.1466346153846154 0.010817307692307692