0 0.41466346153846156 0.09615384615384616 0.23317307692307693 0.19230769230769232
0 0.03485576923076923 0.09254807692307693 0.06850961538461539 0.15625
0 0.4543269230769231 0.24639423076923078 0.09495192307692307 0.11778846153846154
0 0.28125 0.2644230769230769 0.12139423076923077 0.11778846153846154
0 0.49038461538461536 0.28125 0.06370192307692307 0.109375
0 0.7103365384615384 0.30288461538461536 0.11057692307692307 0.09375
0 0.3557692307692308 0.5240384615384616 0.1201923076923077 0.08413461538461539
0 0.25600961538461536 0.3401442307692308 0.09014423076923077 0.07932692307692307
0 0.8978365384615384 0.030048076923076924 0.12980769230769232 0.05889423076923077
4 0.34615384615384615 0.6129807692307693 0.13221153846153846 0.07932692307692307
4 0.8569711538461539 0.6610576923076923 0.1778846153846154 0.07451923076923077
0 0.3112980769230769 0.36778846153846156 0.08774038461538461 0.0625
4 0.9206730769230769 0.4807692307692308 0.109375 0.040865384615384616
6 0.9206730769230769 0.8293269230769231 0.10336538461538461 0.03485576923076923
0 0.8413461538461539 0.5540865384615384 0.11298076923076923 0.03245192307692308
0 0.9831730769230769 0.7884615384615384 0.030048076923076924 0.04567307692307692