4 0.4567307692307692 0.11298076923076923 0.3088942307692308 0.125
4 0.9206730769230769 0.06971153846153846 0.14182692307692307 0.09375
6 0.2800480769230769 0.4567307692307692 0.23076923076923078 0.0889423076923077
0 0.2608173076923077 0.030048076923076924 0.3076923076923077 0.056490384615384616
6 0.6634615384615384 0.5997596153846154 0.171875 0.06610576923076923
0 0.25240384615384615 0.33774038461538464 0.15264423076923078 0.056490384615384616
0 0.8269230769230769 0.009615384615384616 0.11538461538461539 0.019230769230769232
0 0.6935096153846154 0.014423076923076924 0.0889423076923077 0.028846153846153848
0 0.53125 0.4266826923076923 0.21153846153846154 0.05048076923076923
0 0.8737980769230769 0.3004807692307692 0.15745192307692307 0.046875
0 0.5240384615384616 0.021634615384615384 0.08173076923076923 0.042067307692307696
0 0.6105769230769231 0.057692307692307696 0.09254807692307693 0.042067307692307696
0 0.1971153846153846 0.09254807692307693 0.11778846153846154 0.040865384615384616
0 0.02403846153846154 0.22235576923076922 0.04807692307692308 0.040865384615384616
4 0.1935096153846154 0.15865384615384615 0.078125 0.037259615384615384
0 0.09375 0.09495192307692307 0.09495192307692307 0.037259615384615384
0 0.025240384615384616 0.09254807692307693 0.05048076923076923 0.036057692307692304
0 0.4326923076923077 0.18629807692307693 0.037259615384615384 0.03485576923076923
0 0.054086538461538464 0.125 0.10817307692307693 0.03485576923076923
0 0.4387019230769231 0.03245192307692308 0.051682692307692304 0.03485576923076923
4 0.6742788461538461 0.3449519230769231 0.15144230769230768 0.03245192307692308
0 0.14423076923076922 0.12860576923076922 0.08653846153846154 0.030048076923076924
0 0.2620192307692308 0.13221153846153846 0.06971153846153846 0.030048076923076924
6 0.8461538461538461 0.40384615384615385 0.12139423076923077 0.027644230769230768
6 0.43990384615384615 0.34975961538461536 0.0829326923076923 0.02403846153846154
0 0.09375 0.21995192307692307 0.051682692307692304 0.021634615384615384
0 0.002403846153846154 0.23076923076923078 0.004807692307692308 0.02403846153846154