4 0.8485576923076923 0.3798076923076923 0.2956730769230769 0.10096153846153846
0 0.3786057692307692 0.8978365384615384 0.12620192307692307 0.09254807692307693
0 0.05889423076923077 0.33533653846153844 0.11778846153846154 0.0889423076923077
4 0.5096153846153846 0.6045673076923077 0.25600961538461536 0.0829326923076923
0 0.33413461538461536 0.35096153846153844 0.19110576923076922 0.07932692307692307
4 0.8569711538461539 0.5528846153846154 0.22956730769230768 0.07692307692307693
4 0.9747596153846154 0.6971153846153846 0.046875 0.05889423076923077
0 0.42788461538461536 0.39903846153846156 0.1622596153846154 0.05889423076923077
0 0.06971153846153846 0.48197115384615385 0.13942307692307693 0.06129807692307692
0 0.2548076923076923 0.39302884615384615 0.19110576923076922 0.06129807692307692
0 0.04567307692307692 0.43990384615384615 0.09134615384615384 0.052884615384615384
0 0.4050480769230769 0.5504807692307693 0.19230769230769232 0.056490384615384616
0 0.4026442307692308 0.4723557692307692 0.15504807692307693 0.055288461538461536
0 0.4807692307692308 0.42908653846153844 0.14423076923076922 0.052884615384615384
0 0.359375 0.4230769230769231 0.1346153846153846 0.04807692307692308
0 0.19230769230769232 0.4338942307692308 0.1466346153846154 0.046875
0 0.5228365384615384 0.4543269230769231 0.1346153846153846 0.04567307692307692
0 0.1502403846153846 0.46153846153846156 0.09375 0.038461538461538464