6 0.5432692307692307 0.14783653846153846 0.0985576923076923 0.21514423076923078
0 0.038461538461538464 0.328125 0.07211538461538461 0.12139423076923077
0 0.28125 0.31971153846153844 0.025240384615384616 0.0889423076923077
0 0.7151442307692307 0.33413461538461536 0.02403846153846154 0.08413461538461539
0 0.4411057692307692 0.1935096153846154 0.021634615384615384 0.06850961538461539
0 0.7596153846153846 0.8076923076923077 0.03245192307692308 0.055288461538461536
0 0.039663461538461536 0.4387019230769231 0.015625 0.052884615384615384
0 0.4074519230769231 0.90625 0.020432692307692308 0.042067307692307696
0 0.8052884615384616 0.8846153846153846 0.03125 0.040865384615384616
0 0.19831730769230768 0.9110576923076923 0.015625 0.037259615384615384
0 0.23798076923076922 0.5336538461538461 0.03485576923076923 0.037259615384615384
0 0.028846153846153848 0.9038461538461539 0.020432692307692308 0.036057692307692304
0 0.09975961538461539 0.9615384615384616 0.019230769230769232 0.036057692307692304
0 0.4483173076923077 0.3954326923076923 0.01201923076923077 0.03485576923076923
0 0.16105769230769232 0.8834134615384616 0.015625 0.03485576923076923
0 0.6105769230769231 0.30288461538461536 0.006009615384615385 0.027644230769230768
0 0.5072115384615384 0.32211538461538464 0.015625 0.025240384615384616
0 0.3737980769230769 0.8245192307692307 0.01201923076923077 0.020432692307692308
0 0.45913461538461536 0.3389423076923077 0.010817307692307692 0.019230769230769232
0 0.38822115384615385 0.9002403846153846 0.016826923076923076 0.019230769230769232
0 0.5925480769230769 0.38461538461538464 0.009615384615384616 0.010817307692307692
6 0.7175480769230769 0.4879807692307692 0.0733173076923077 0.21995192307692307