2 0.7283653846153846 0.6009615384615384 0.0889423076923077 0.09495192307692307
2 0.2548076923076923 0.5673076923076923 0.051682692307692304 0.06370192307692307
2 0.0985576923076923 0.5817307692307693 0.052884615384615384 0.0625
2 0.14423076923076922 0.5805288461538461 0.036057692307692304 0.055288461538461536
2 0.030048076923076924 0.5913461538461539 0.051682692307692304 0.056490384615384616
2 0.18028846153846154 0.5769230769230769 0.03125 0.052884615384615384
2 0.3713942307692308 0.5240384615384616 0.0673076923076923 0.055288461538461536
2 0.6057692307692307 0.46153846153846156 0.05048076923076923 0.051682692307692304
2 0.038461538461538464 0.5721153846153846 0.057692307692307696 0.04807692307692308
2 0.30408653846153844 0.53125 0.036057692307692304 0.04326923076923077
2 0.7283653846153846 0.4495192307692308 0.046875 0.036057692307692304
2 0.2091346153846154 0.5853365384615384 0.057692307692307696 0.036057692307692304
2 0.5144230769230769 0.5396634615384616 0.04567307692307692 0.030048076923076924
2 0.8137019230769231 0.7367788461538461 0.3125 0.10336538461538461