2 0.38461538461538464 0.7151442307692307 0.49399038461538464 0.15264423076923078
2 0.6262019230769231 0.6153846153846154 0.21153846153846154 0.10336538461538461
2 0.3762019230769231 0.3016826923076923 0.037259615384615384 0.09975961538461539
2 0.8028846153846154 0.5769230769230769 0.2920673076923077 0.08173076923076923
2 0.18389423076923078 0.32572115384615385 0.06370192307692307 0.0733173076923077
2 0.5961538461538461 0.3173076923076923 0.04567307692307692 0.06850961538461539
2 0.5276442307692307 0.3245192307692308 0.04567307692307692 0.06610576923076923
2 0.7379807692307693 0.29086538461538464 0.042067307692307696 0.06370192307692307
2 0.04807692307692308 0.2800480769230769 0.04567307692307692 0.06370192307692307
2 0.5252403846153846 0.4963942307692308 0.19471153846153846 0.055288461538461536
2 0.9146634615384616 0.5012019230769231 0.0889423076923077 0.04567307692307692
2 0.014423076923076924 0.2980769230769231 0.027644230769230768 0.04326923076923077
2 0.7740384615384616 0.2932692307692308 0.025240384615384616 0.04326923076923077
2 0.15625 0.28725961538461536 0.030048076923076924 0.037259615384615384
2 0.015625 0.265625 0.027644230769230768 0.037259615384615384
2 0.2512019230769231 0.30528846153846156 0.046875 0.036057692307692304
2 0.7992788461538461 0.3004807692307692 0.021634615384615384 0.03485576923076923
2 0.8870192307692307 0.45913461538461536 0.13701923076923078 0.03245192307692308
2 0.8305288461538461 0.3137019230769231 0.027644230769230768 0.030048076923076924
2 0.8990384615384616 0.31009615384615385 0.02403846153846154 0.026442307692307692
2 0.8569711538461539 0.3088942307692308 0.02403846153846154 0.026442307692307692