0 0.7956730769230769 0.13581730769230768 0.18389423076923078 0.23798076923076922
0 0.8449519230769231 0.30288461538461536 0.18269230769230768 0.14423076923076922
0 0.9086538461538461 0.1935096153846154 0.18028846153846154 0.1466346153846154
0 0.9266826923076923 0.08533653846153846 0.14423076923076922 0.13221153846153846
4 0.9314903846153846 0.4567307692307692 0.1346153846153846 0.125
4 0.5432692307692307 0.6610576923076923 0.2848557692307692 0.11899038461538461
0 0.8689903846153846 0.9182692307692307 0.23557692307692307 0.11538461538461539
0 0.6153846153846154 0.30649038461538464 0.06850961538461539 0.0985576923076923
4 0.6346153846153846 0.5540865384615384 0.19951923076923078 0.0985576923076923
0 0.5733173076923077 0.3473557692307692 0.09014423076923077 0.09254807692307693
0 0.7740384615384616 0.31971153846153844 0.1935096153846154 0.09735576923076923
4 0.42908653846153844 0.7307692307692307 0.140625 0.08774038461538461
0 0.4254807692307692 0.7980769230769231 0.07932692307692307 0.08653846153846154
4 0.4735576923076923 0.5036057692307693 0.18028846153846154 0.07692307692307693
0 0.7992788461538461 0.4387019230769231 0.0733173076923077 0.0673076923076923
0 0.8677884615384616 0.4254807692307692 0.10576923076923077 0.06129807692307692
0 0.8557692307692307 0.4411057692307692 0.09014423076923077 0.051682692307692304
0 0.6875 0.3798076923076923 0.07451923076923077 0.05048076923076923
0 0.6129807692307693 0.4050480769230769 0.10817307692307693 0.05048076923076923
0 0.7295673076923077 0.43028846153846156 0.10096153846153846 0.04807692307692308
0 0.7596153846153846 0.40625 0.057692307692307696 0.036057692307692304