0 0.5240384615384616 0.48677884615384615 0.15504807692307693 0.0733173076923077
0 0.9519230769230769 0.49038461538461536 0.09375 0.08173076923076923
0 0.3317307692307692 0.3137019230769231 0.14903846153846154 0.07692307692307693
0 0.6971153846153846 0.19831730769230768 0.17067307692307693 0.08774038461538461
0 0.40865384615384615 0.18389423076923078 0.13221153846153846 0.07211538461538461
0 0.20192307692307693 0.21033653846153846 0.109375 0.05889423076923077
0 0.2644230769230769 0.21995192307692307 0.07692307692307693 0.06370192307692307
0 0.1658653846153846 0.23798076923076922 0.078125 0.056490384615384616
0 0.7307692307692307 0.051682692307692304 0.10336538461538461 0.04326923076923077
0 0.15745192307692307 0.12379807692307693 0.06610576923076923 0.046875
0 0.7175480769230769 0.01201923076923077 0.10096153846153846 0.02403846153846154
0 0.2980769230769231 0.41225961538461536 0.08653846153846154 0.08413461538461539
0 0.31971153846153844 0.17427884615384615 0.07692307692307693 0.055288461538461536
0 0.4483173076923077 0.0829326923076923 0.06370192307692307 0.055288461538461536
0 0.9338942307692307 0.054086538461538464 0.0673076923076923 0.10817307692307693