4 0.7680288461538461 0.24158653846153846 0.08173076923076923 0.16346153846153846
4 0.47115384615384615 0.056490384615384616 0.11899038461538461 0.09975961538461539
4 0.6454326923076923 0.5336538461538461 0.09735576923076923 0.08774038461538461
0 0.5192307692307693 0.7716346153846154 0.03245192307692308 0.06129807692307692
0 0.7139423076923077 0.8954326923076923 0.027644230769230768 0.057692307692307696
0 0.5 0.45072115384615385 0.021634615384615384 0.051682692307692304
0 0.27524038461538464 0.6490384615384616 0.016826923076923076 0.046875
0 0.6983173076923077 0.625 0.021634615384615384 0.038461538461538464
0 0.7319711538461539 0.5925480769230769 0.020432692307692308 0.03245192307692308
0 0.2512019230769231 0.7391826923076923 0.015625 0.027644230769230768
0 0.3425480769230769 0.6658653846153846 0.026442307692307692 0.027644230769230768
0 0.5793269230769231 0.8137019230769231 0.03485576923076923 0.027644230769230768
0 0.6081730769230769 0.2932692307692308 0.010817307692307692 0.027644230769230768
0 0.6117788461538461 0.3870192307692308 0.010817307692307692 0.027644230769230768
0 0.6694711538461539 0.6153846153846154 0.015625 0.026442307692307692
0 0.6358173076923077 0.31850961538461536 0.01201923076923077 0.020432692307692308
0 0.6105769230769231 0.2091346153846154 0.01201923076923077 0.016826923076923076
0 0.6682692307692307 0.8653846153846154 0.03125 0.016826923076923076
0 0.8004807692307693 0.14423076923076922 0.006009615384615385 0.01201923076923077
0 0.3233173076923077 0.6490384615384616 0.020432692307692308 0.010817307692307692
4 0.3870192307692308 0.6177884615384616 0.06850961538461539 0.1875