0 0.9435096153846154 0.625 0.11298076923076923 0.125
0 0.6177884615384616 0.6730769230769231 0.29086538461538464 0.1201923076923077
0 0.39302884615384615 0.4338942307692308 0.25 0.11057692307692307
4 0.31850961538461536 0.27163461538461536 0.6346153846153846 0.109375
0 0.8233173076923077 0.5925480769230769 0.18028846153846154 0.10576923076923077
0 0.6418269230769231 0.38341346153846156 0.17067307692307693 0.1045673076923077
0 0.6033653846153846 0.5120192307692307 0.1622596153846154 0.1045673076923077
0 0.07932692307692307 0.47836538461538464 0.15625 0.10336538461538461
0 0.27403846153846156 0.7175480769230769 0.19110576923076922 0.09975961538461539
0 0.09615384615384616 0.7259615384615384 0.17668269230769232 0.09975961538461539
0 0.3786057692307692 0.5396634615384616 0.12980769230769232 0.09735576923076923
0 0.6550480769230769 0.5685096153846154 0.15264423076923078 0.09495192307692307
0 0.3918269230769231 0.33413461538461536 0.18389423076923078 0.0889423076923077
0 0.1814903846153846 0.4411057692307692 0.15144230769230768 0.08173076923076923
0 0.8004807692307693 0.5060096153846154 0.14903846153846154 0.07932692307692307
0 0.21514423076923078 0.5661057692307693 0.171875 0.078125
0 0.44591346153846156 0.6237980769230769 0.1466346153846154 0.07451923076923077
0 0.078125 0.5625 0.15264423076923078 0.06971153846153846
0 0.07932692307692307 0.6346153846153846 0.14423076923076922 0.0625
0 0.04567307692307692 0.1875 0.09014423076923077 0.038461538461538464
0 0.6802884615384616 0.27403846153846156 0.07451923076923077 0.025240384615384616
0 0.8076923076923077 0.21153846153846154 0.05889423076923077 0.021634615384615384
0 0.11538461538461539 0.109375 0.025240384615384616 0.021634615384615384
0 0.35096153846153844 0.171875 0.052884615384615384 0.021634615384615384
0 0.15985576923076922 0.18870192307692307 0.05889423076923077 0.019230769230769232
0 0.7560096153846154 0.021634615384615384 0.040865384615384616 0.015625
0 0.3894230769230769 0.06370192307692307 0.040865384615384616 0.01201923076923077