4 0.18990384615384615 0.05889423076923077 0.328125 0.09975961538461539
4 0.03245192307692308 0.14783653846153846 0.06490384615384616 0.11778846153846154
4 0.20192307692307693 0.39663461538461536 0.18389423076923078 0.09495192307692307
4 0.5060096153846154 0.23798076923076922 0.1346153846153846 0.08774038461538461
4 0.8149038461538461 0.3161057692307692 0.2692307692307692 0.09014423076923077
0 0.16346153846153846 0.07451923076923077 0.13581730769230768 0.0625
0 0.5384615384615384 0.07211538461538461 0.1045673076923077 0.057692307692307696
0 0.84375 0.06129807692307692 0.08413461538461539 0.05048076923076923
0 0.36778846153846156 0.18389423076923078 0.125 0.05048076923076923
0 0.6899038461538461 0.11658653846153846 0.09735576923076923 0.046875
0 0.9387019230769231 0.19110576923076922 0.0829326923076923 0.046875
0 0.22716346153846154 0.13221153846153846 0.1466346153846154 0.04807692307692308
0 0.3918269230769231 0.16466346153846154 0.12379807692307693 0.046875
0 0.6490384615384616 0.14903846153846154 0.10817307692307693 0.04567307692307692
0 0.6201923076923077 0.11778846153846154 0.12620192307692307 0.046875
0 0.8269230769230769 0.12860576923076922 0.0985576923076923 0.04326923076923077
0 0.20793269230769232 0.14182692307692307 0.12620192307692307 0.046875
0 0.7379807692307693 0.125 0.06971153846153846 0.040865384615384616
0 0.6213942307692307 0.10336538461538461 0.09375 0.040865384615384616
6 0.5252403846153846 0.48197115384615385 0.09975961538461539 0.040865384615384616
0 0.9098557692307693 0.09375 0.0889423076923077 0.038461538461538464
0 0.6983173076923077 0.41466346153846156 0.09375 0.038461538461538464
0 0.5528846153846154 0.10096153846153846 0.08774038461538461 0.038461538461538464
0 0.7848557692307693 0.08774038461538461 0.09375 0.037259615384615384
0 0.7932692307692307 0.40024038461538464 0.078125 0.03125