0 0.4951923076923077 0.20432692307692307 0.9903846153846154 0.4074519230769231
0 0.8737980769230769 0.23677884615384615 0.24639423076923078 0.24278846153846154
0 0.8269230769230769 0.4855769230769231 0.3425480769230769 0.24278846153846154
4 0.32091346153846156 0.5228365384615384 0.6418269230769231 0.22596153846153846
0 0.7620192307692307 0.7620192307692307 0.38221153846153844 0.140625
0 0.6658653846153846 0.6009615384615384 0.30649038461538464 0.10817307692307693
0 0.07211538461538461 0.5240384615384616 0.14423076923076922 0.08653846153846154
0 0.19951923076923078 0.8810096153846154 0.20432692307692307 0.08413461538461539
0 0.19471153846153846 0.6045673076923077 0.08413461538461539 0.06971153846153846
4 0.4026442307692308 0.8557692307692307 0.1045673076923077 0.06971153846153846
0 0.18028846153846154 0.6658653846153846 0.10817307692307693 0.06850961538461539
0 0.36778846153846156 0.6658653846153846 0.13701923076923078 0.06129807692307692
0 0.8305288461538461 0.6502403846153846 0.09375 0.052884615384615384
0 0.9831730769230769 0.9699519230769231 0.030048076923076924 0.042067307692307696
0 0.49278846153846156 0.6742788461538461 0.0889423076923077 0.04567307692307692
0 0.7067307692307693 0.6658653846153846 0.0733173076923077 0.04326923076923077
0 0.42788461538461536 0.7199519230769231 0.040865384615384616 0.04326923076923077
0 0.578125 0.6923076923076923 0.07451923076923077 0.042067307692307696
0 0.4074519230769231 0.6814903846153846 0.10817307692307693 0.040865384615384616
0 0.9831730769230769 0.7283653846153846 0.030048076923076924 0.036057692307692304
0 0.5889423076923077 0.6730769230769231 0.08653846153846154 0.026442307692307692