0 0.7932692307692307 0.9122596153846154 0.2608173076923077 0.171875
0 0.5024038461538461 0.8930288461538461 0.2644230769230769 0.21153846153846154
0 0.2920673076923077 0.6706730769230769 0.45913461538461536 0.234375
0 0.4206730769230769 0.09975961538461539 0.3473557692307692 0.19831730769230768
0 0.47596153846153844 0.8762019230769231 0.27524038461538464 0.19831730769230768
0 0.08653846153846154 0.5252403846153846 0.17307692307692307 0.16706730769230768
0 0.7524038461538461 0.5480769230769231 0.23798076923076922 0.15625
0 0.16346153846153846 0.2776442307692308 0.3004807692307692 0.15985576923076922
0 0.5480769230769231 0.7151442307692307 0.12620192307692307 0.13221153846153846
0 0.6887019230769231 0.4050480769230769 0.21394230769230768 0.1346153846153846
0 0.8341346153846154 0.41225961538461536 0.21153846153846154 0.1310096153846154
0 0.9338942307692307 0.8197115384615384 0.08413461538461539 0.11538461538461539
0 0.6274038461538461 0.3701923076923077 0.2848557692307692 0.12980769230769232
0 0.109375 0.1466346153846154 0.16706730769230768 0.12139423076923077
0 0.20432692307692307 0.33653846153846156 0.32211538461538464 0.12980769230769232
0 0.8762019230769231 0.7908653846153846 0.13581730769230768 0.11057692307692307
0 0.42788461538461536 0.7884615384615384 0.42788461538461536 0.13581730769230768
0 0.203125 0.9447115384615384 0.23918269230769232 0.08173076923076923
0 0.5120192307692307 0.25600961538461536 0.23918269230769232 0.11538461538461539
0 0.7439903846153846 0.6911057692307693 0.1971153846153846 0.11057692307692307
0 0.019230769230769232 0.7980769230769231 0.037259615384615384 0.10096153846153846
0 0.984375 0.18629807692307693 0.027644230769230768 0.09975961538461539
0 0.49038461538461536 0.5516826923076923 0.25721153846153844 0.10336538461538461
0 0.6730769230769231 0.3137019230769231 0.2536057692307692 0.10096153846153846
0 0.22596153846153846 0.025240384615384616 0.3713942307692308 0.05048076923076923
0 0.9074519230769231 0.6009615384615384 0.17668269230769232 0.08413461538461539
0 0.9723557692307693 0.3004807692307692 0.052884615384615384 0.07211538461538461
0 0.9723557692307693 0.46875 0.052884615384615384 0.07211538461538461
0 0.9170673076923077 0.5516826923076923 0.16346153846153846 0.078125
0 0.9002403846153846 0.3858173076923077 0.14423076923076922 0.0733173076923077
0 0.5492788461538461 0.03245192307692308 0.23798076923076922 0.06490384615384616
0 0.9567307692307693 0.6322115384615384 0.06971153846153846 0.057692307692307696
0 0.8040865384615384 0.03245192307692308 0.08653846153846154 0.02403846153846154
0 0.8341346153846154 0.171875 0.25721153846153844 0.11057692307692307