1 0.3004807692307692 0.6838942307692307 0.13701923076923078 0.22596153846153846
1 0.3389423076923077 0.1045673076923077 0.07932692307692307 0.20793269230769232
1 0.2247596153846154 0.7764423076923077 0.14423076923076922 0.19471153846153846
1 0.6550480769230769 0.7668269230769231 0.0889423076923077 0.18870192307692307
1 0.21995192307692307 0.4411057692307692 0.13581730769230768 0.1875
1 0.7115384615384616 0.8713942307692307 0.0985576923076923 0.18269230769230768
1 0.8209134615384616 0.515625 0.10817307692307693 0.18269230769230768
1 0.13822115384615385 0.5096153846153846 0.11538461538461539 0.171875
1 0.3557692307692308 0.7175480769230769 0.10576923076923077 0.16826923076923078
1 0.9819711538461539 0.6838942307692307 0.027644230769230768 0.16706730769230768
1 0.2932692307692308 0.14423076923076922 0.06850961538461539 0.16105769230769232
1 0.5408653846153846 0.13341346153846154 0.052884615384615384 0.16105769230769232
1 0.6165865384615384 0.41586538461538464 0.13581730769230768 0.16105769230769232
1 0.5733173076923077 0.8377403846153846 0.078125 0.15745192307692307
1 0.5865384615384616 0.21394230769230768 0.055288461538461536 0.15625
1 0.6358173076923077 0.5108173076923077 0.109375 0.15745192307692307
1 0.4423076923076923 0.25841346153846156 0.12139423076923077 0.15625
1 0.43990384615384615 0.18629807692307693 0.06971153846153846 0.1502403846153846
1 0.7223557692307693 0.5048076923076923 0.10336538461538461 0.14903846153846154
1 0.8004807692307693 0.40024038461538464 0.078125 0.1466346153846154
1 0.8689903846153846 0.36899038461538464 0.07211538461538461 0.14543269230769232
1 0.8762019230769231 0.6875 0.0829326923076923 0.14543269230769232
1 0.12860576923076922 0.7319711538461539 0.11057692307692307 0.14543269230769232
1 0.4987980769230769 0.6538461538461539 0.11298076923076923 0.14543269230769232
1 0.3173076923076923 0.8930288461538461 0.09254807692307693 0.14423076923076922
1 0.09735576923076923 0.056490384615384616 0.15625 0.11298076923076923
1 0.40024038461538464 0.6081730769230769 0.09014423076923077 0.13701923076923078
1 0.3629807692307692 0.41225961538461536 0.15625 0.13221153846153846
1 0.7692307692307693 0.11778846153846154 0.09975961538461539 0.12980769230769232
1 0.8040865384615384 0.2692307692307692 0.1045673076923077 0.12860576923076922
1 0.703125 0.7019230769230769 0.055288461538461536 0.125
1 0.5120192307692307 0.48197115384615385 0.08413461538461539 0.12139423076923077
1 0.6418269230769231 0.2776442307692308 0.05889423076923077 0.1201923076923077
1 0.6129807692307693 0.052884615384615384 0.0673076923076923 0.09975961538461539
1 0.5216346153846154 0.04807692307692308 0.057692307692307696 0.09615384615384616
1 0.7043269230769231 0.4182692307692308 0.07451923076923077 0.11057692307692307
1 0.33052884615384615 0.9447115384615384 0.12379807692307693 0.09975961538461539
1 0.25961538461538464 0.5252403846153846 0.07932692307692307 0.11057692307692307
1 0.9182692307692307 0.4026442307692308 0.05048076923076923 0.109375
1 0.8629807692307693 0.8137019230769231 0.09495192307692307 0.10817307692307693
1 0.7728365384615384 0.35697115384615385 0.04567307692307692 0.10096153846153846
1 0.43149038461538464 0.4891826923076923 0.0625 0.09495192307692307
1 0.9206730769230769 0.3317307692307692 0.06370192307692307 0.09495192307692307
1 0.34615384615384615 0.49399038461538464 0.08653846153846154 0.09254807692307693
1 0.8028846153846154 0.04807692307692308 0.09254807692307693 0.078125
1 0.2403846153846154 0.16706730769230768 0.07932692307692307 0.09014423076923077
1 0.2512019230769231 0.3473557692307692 0.06370192307692307 0.08653846153846154
1 0.35697115384615385 0.3269230769230769 0.08413461538461539 0.08413461538461539
1 0.6754807692307693 0.6274038461538461 0.057692307692307696 0.078125
1 0.6346153846153846 0.7451923076923077 0.0985576923076923 0.078125
1 0.5552884615384616 0.9495192307692307 0.051682692307692304 0.07692307692307693
1 0.5276442307692307 0.38461538461538464 0.09495192307692307 0.07692307692307693
1 0.35697115384615385 0.8293269230769231 0.10817307692307693 0.0733173076923077
1 0.6911057692307693 0.3473557692307692 0.04326923076923077 0.0673076923076923
1 0.9435096153846154 0.6790865384615384 0.06610576923076923 0.06370192307692307
1 0.2127403846153846 0.5372596153846154 0.03245192307692308 0.056490384615384616