6 0.2920673076923077 0.6045673076923077 0.1814903846153846 0.07451923076923077
0 0.09615384615384616 0.09735576923076923 0.09014423076923077 0.0625
0 0.16826923076923078 0.14182692307692307 0.08413461538461539 0.057692307692307696
0 0.26802884615384615 0.1658653846153846 0.07451923076923077 0.056490384615384616
0 0.12139423076923077 0.04567307692307692 0.12860576923076922 0.055288461538461536
0 0.046875 0.16466346153846154 0.09375 0.056490384615384616
0 0.025240384615384616 0.07932692307692307 0.05048076923076923 0.055288461538461536
6 0.7992788461538461 0.5192307692307693 0.1658653846153846 0.05048076923076923
0 0.43149038461538464 0.22235576923076922 0.09735576923076923 0.04807692307692308
0 0.2283653846153846 0.08413461538461539 0.0889423076923077 0.04807692307692308
4 0.06971153846153846 0.22956730769230768 0.13942307692307693 0.05048076923076923
0 0.8269230769230769 0.16826923076923078 0.10096153846153846 0.04567307692307692
0 0.32091346153846156 0.1310096153846154 0.056490384615384616 0.04326923076923077
0 0.25721153846153844 0.11658653846153846 0.06971153846153846 0.040865384615384616
0 0.6358173076923077 0.3269230769230769 0.09014423076923077 0.040865384615384616
0 0.5072115384615384 0.1658653846153846 0.07932692307692307 0.038461538461538464
0 0.34975961538461536 0.18269230769230768 0.056490384615384616 0.037259615384615384
0 0.7548076923076923 0.2668269230769231 0.08413461538461539 0.03485576923076923
0 0.7259615384615384 0.18870192307692307 0.05889423076923077 0.03485576923076923
0 0.5372596153846154 0.24519230769230768 0.078125 0.03485576923076923
0 0.6598557692307693 0.19471153846153846 0.0673076923076923 0.03125
0 0.42788461538461536 0.16706730769230768 0.052884615384615384 0.03125
0 0.09735576923076923 0.014423076923076924 0.11899038461538461 0.027644230769230768
0 0.8088942307692307 0.24278846153846154 0.05889423076923077 0.027644230769230768
0 0.8617788461538461 0.21875 0.06850961538461539 0.027644230769230768
0 0.5144230769230769 0.2127403846153846 0.06610576923076923 0.026442307692307692
0 0.40625 0.13822115384615385 0.0625 0.025240384615384616
0 0.6394230769230769 0.1622596153846154 0.078125 0.02403846153846154
0 0.8545673076923077 0.2860576923076923 0.057692307692307696 0.021634615384615384