1 0.5973557692307693 0.9122596153846154 0.20673076923076922 0.12379807692307693
1 0.6334134615384616 0.33653846153846156 0.15745192307692307 0.09375
1 0.7584134615384616 0.9747596153846154 0.15504807692307693 0.05048076923076923
1 0.90625 0.31850961538461536 0.11899038461538461 0.07451923076923077
1 0.0829326923076923 0.4987980769230769 0.10336538461538461 0.0625
1 0.6754807692307693 0.23557692307692307 0.11298076923076923 0.056490384615384616
1 0.7524038461538461 0.4675480769230769 0.10576923076923077 0.052884615384615384
1 0.38100961538461536 0.8497596153846154 0.08774038461538461 0.05048076923076923
1 0.02283653846153846 0.6754807692307693 0.04567307692307692 0.051682692307692304
1 0.4699519230769231 0.6490384615384616 0.07211538461538461 0.04567307692307692
1 0.5072115384615384 0.040865384615384616 0.09375 0.04326923076923077
1 0.039663461538461536 0.5757211538461539 0.07932692307692307 0.03485576923076923
1 0.43990384615384615 0.1778846153846154 0.06610576923076923 0.03485576923076923
1 0.037259615384615384 0.6129807692307693 0.07211538461538461 0.03125
1 0.17548076923076922 0.8497596153846154 0.046875 0.021634615384615384
1 0.1045673076923077 0.6899038461538461 0.052884615384615384 0.019230769230769232
1 0.6394230769230769 0.41346153846153844 0.0625 0.019230769230769232
1 0.5252403846153846 0.7475961538461539 0.036057692307692304 0.019230769230769232