1 0.28725961538461536 0.6995192307692307 0.14423076923076922 0.23557692307692307
1 0.328125 0.10336538461538461 0.08413461538461539 0.20673076923076922
1 0.2091346153846154 0.7956730769230769 0.1502403846153846 0.20432692307692307
1 0.65625 0.7848557692307693 0.09254807692307693 0.1971153846153846
1 0.20432692307692307 0.4483173076923077 0.140625 0.1935096153846154
1 0.7151442307692307 0.8942307692307693 0.10096153846153846 0.19110576923076922
1 0.828125 0.5252403846153846 0.11298076923076923 0.18870192307692307
1 0.11899038461538461 0.5192307692307693 0.1201923076923077 0.1778846153846154
1 0.3449519230769231 0.7355769230769231 0.109375 0.17548076923076922
1 0.2800480769230769 0.13942307692307693 0.07211538461538461 0.16706730769230768
1 0.5372596153846154 0.12740384615384615 0.055288461538461536 0.16706730769230768
1 0.6165865384615384 0.4206730769230769 0.140625 0.16706730769230768
1 0.5709134615384616 0.859375 0.08173076923076923 0.16346153846153846
1 0.5853365384615384 0.21153846153846154 0.057692307692307696 0.1622596153846154
1 0.6358173076923077 0.5192307692307693 0.1141826923076923 0.16346153846153846
1 0.43509615384615385 0.25841346153846156 0.12620192307692307 0.1622596153846154
1 0.4326923076923077 0.18389423076923078 0.0733173076923077 0.15625
1 0.7259615384615384 0.5132211538461539 0.10576923076923077 0.15264423076923078
1 0.8064903846153846 0.4050480769230769 0.08173076923076923 0.15144230769230768
1 0.8786057692307693 0.37259615384615385 0.07451923076923077 0.1502403846153846
1 0.8858173076923077 0.703125 0.08653846153846154 0.15144230769230768
1 0.109375 0.7487980769230769 0.11538461538461539 0.1502403846153846
1 0.49399038461538464 0.6682692307692307 0.11778846153846154 0.1502403846153846
1 0.30528846153846156 0.9182692307692307 0.09495192307692307 0.1502403846153846
1 0.08533653846153846 0.055288461538461536 0.14543269230769232 0.109375
1 0.3918269230769231 0.6213942307692307 0.09495192307692307 0.14423076923076922
1 0.35216346153846156 0.4170673076923077 0.1622596153846154 0.13701923076923078
1 0.7752403846153846 0.11057692307692307 0.10336538461538461 0.1346153846153846
1 0.8112980769230769 0.2692307692307692 0.10817307692307693 0.1346153846153846
1 0.7055288461538461 0.7175480769230769 0.056490384615384616 0.12980769230769232
1 0.5060096153846154 0.4891826923076923 0.08774038461538461 0.12620192307692307
1 0.6418269230769231 0.2776442307692308 0.06129807692307692 0.125
1 0.6129807692307693 0.04927884615384615 0.06850961538461539 0.09254807692307693
1 0.5192307692307693 0.04567307692307692 0.06370192307692307 0.09014423076923077
1 0.7079326923076923 0.42427884615384615 0.078125 0.11538461538461539
1 0.31971153846153844 0.9567307692307693 0.12620192307692307 0.07692307692307693
1 0.24639423076923078 0.5348557692307693 0.0829326923076923 0.1141826923076923
1 0.9290865384615384 0.4074519230769231 0.051682692307692304 0.1141826923076923
1 0.8713942307692307 0.8341346153846154 0.0985576923076923 0.11298076923076923
1 0.7776442307692307 0.3605769230769231 0.046875 0.1045673076923077
1 0.42427884615384615 0.49759615384615385 0.06610576923076923 0.0985576923076923
1 0.9314903846153846 0.3329326923076923 0.06610576923076923 0.0985576923076923
1 0.33653846153846156 0.5036057692307693 0.09014423076923077 0.09495192307692307
1 0.8100961538461539 0.04326923076923077 0.09375 0.06971153846153846
1 0.2247596153846154 0.1622596153846154 0.0829326923076923 0.09375
1 0.23557692307692307 0.34975961538461536 0.0673076923076923 0.0889423076923077
1 0.3473557692307692 0.3293269230769231 0.08774038461538461 0.08774038461538461
1 0.6778846153846154 0.640625 0.06129807692307692 0.08173076923076923
1 0.6346153846153846 0.7632211538461539 0.10336538461538461 0.07932692307692307
1 0.5540865384615384 0.9675480769230769 0.055288461538461536 0.0625
1 0.5240384615384616 0.3894230769230769 0.0985576923076923 0.07932692307692307
1 0.3473557692307692 0.8509615384615384 0.11298076923076923 0.07692307692307693
1 0.6935096153846154 0.34975961538461536 0.046875 0.06971153846153846
1 0.9555288461538461 0.6935096153846154 0.06850961538461539 0.06610576923076923
1 0.1971153846153846 0.5456730769230769 0.03245192307692308 0.05889423076923077