0 0.5084134615384616 0.5144230769230769 0.5564903846153846 0.3954326923076923
0 0.6237980769230769 0.09254807692307693 0.24278846153846154 0.18389423076923078
0 0.07932692307692307 0.7139423076923077 0.15865384615384615 0.21634615384615385
0 0.12379807692307693 0.5480769230769231 0.15745192307692307 0.16706730769230768
0 0.03365384615384615 0.5168269230769231 0.0673076923076923 0.14182692307692307
0 0.057692307692307696 0.40024038461538464 0.11057692307692307 0.1310096153846154
0 0.014423076923076924 0.7980769230769231 0.027644230769230768 0.0889423076923077
0 0.140625 0.9387019230769231 0.08173076923076923 0.07451923076923077
0 0.052884615384615384 0.8846153846153846 0.1045673076923077 0.07692307692307693
0 0.7043269230769231 0.8918269230769231 0.08774038461538461 0.0625
0 0.19831730769230768 0.796875 0.08653846153846154 0.0625
0 0.2704326923076923 0.7920673076923077 0.057692307692307696 0.05889423076923077
0 0.47836538461538464 0.9555288461538461 0.16346153846153846 0.06370192307692307
0 0.5745192307692307 0.8822115384615384 0.10576923076923077 0.056490384615384616
0 0.3112980769230769 0.8858173076923077 0.09014423076923077 0.052884615384615384
0 0.8413461538461539 0.9639423076923077 0.1310096153846154 0.055288461538461536
0 0.9543269230769231 0.9819711538461539 0.04326923076923077 0.03245192307692308
0 0.4098557692307692 0.8449519230769231 0.10817307692307693 0.051682692307692304
0 0.17307692307692307 0.7475961538461539 0.056490384615384616 0.04807692307692308
0 0.4483173076923077 0.9014423076923077 0.08173076923076923 0.04807692307692308
0 0.7908653846153846 0.9134615384615384 0.09495192307692307 0.046875
0 0.35336538461538464 0.8221153846153846 0.08653846153846154 0.038461538461538464
0 0.24639423076923078 0.8713942307692307 0.056490384615384616 0.0985576923076923