1 0.6742788461538461 0.30408653846153844 0.1875 0.18269230769230768
1 0.6442307692307693 0.7752403846153846 0.2512019230769231 0.1875
1 0.5769230769230769 0.5504807692307693 0.21394230769230768 0.15144230769230768
1 0.18629807692307693 0.5012019230769231 0.2932692307692308 0.14543269230769232
1 0.7836538461538461 0.4362980769230769 0.21754807692307693 0.12860576923076922
1 0.4387019230769231 0.7956730769230769 0.21514423076923078 0.11538461538461539
1 0.07692307692307693 0.5649038461538461 0.15384615384615385 0.08653846153846154
1 0.7932692307692307 0.7536057692307693 0.10576923076923077 0.07211538461538461
1 0.1622596153846154 0.8401442307692307 0.1935096153846154 0.078125
1 0.36899038461538464 0.8966346153846154 0.13701923076923078 0.07211538461538461
1 0.057692307692307696 0.7776442307692307 0.11538461538461539 0.06971153846153846
1 0.17307692307692307 0.9182692307692307 0.17668269230769232 0.0673076923076923
1 0.3088942307692308 0.7355769230769231 0.22235576923076922 0.0673076923076923
1 0.03245192307692308 0.5408653846153846 0.06370192307692307 0.13701923076923078