2 0.5012019230769231 0.7548076923076923 0.1045673076923077 0.09735576923076923
2 0.3269230769230769 0.5084134615384616 0.07451923076923077 0.09254807692307693
2 0.27403846153846156 0.5108173076923077 0.08173076923076923 0.09014423076923077
2 0.6622596153846154 0.4639423076923077 0.06129807692307692 0.06971153846153846
2 0.12860576923076922 0.5288461538461539 0.06129807692307692 0.06850961538461539
2 0.9675480769230769 0.4567307692307692 0.06129807692307692 0.06850961538461539
2 0.5769230769230769 0.4675480769230769 0.04326923076923077 0.05048076923076923
2 0.8569711538461539 0.45072115384615385 0.04567307692307692 0.04807692307692308
2 0.6394230769230769 0.45913461538461536 0.021634615384615384 0.04567307692307692
2 0.05048076923076923 0.4987980769230769 0.04326923076923077 0.046875
2 0.6057692307692307 0.46274038461538464 0.025240384615384616 0.04326923076923077
2 0.8088942307692307 0.46153846153846156 0.04326923076923077 0.038461538461538464
2 0.6274038461538461 0.40384615384615385 0.027644230769230768 0.036057692307692304
2 0.7548076923076923 0.43509615384615385 0.06129807692307692 0.025240384615384616
2 0.8449519230769231 0.7644230769230769 0.3076923076923077 0.12139423076923077