2 0.20192307692307693 0.34134615384615385 0.109375 0.11778846153846154
2 0.16346153846153846 0.3473557692307692 0.05048076923076923 0.09495192307692307
2 0.7860576923076923 0.36538461538461536 0.06850961538461539 0.08413461538461539
2 0.9098557692307693 0.359375 0.0673076923076923 0.07451923076923077
2 0.9699519230769231 0.3605769230769231 0.04567307692307692 0.06129807692307692
2 0.6141826923076923 0.38221153846153844 0.037259615384615384 0.057692307692307696
2 0.4050480769230769 0.5456730769230769 0.21514423076923078 0.06610576923076923
2 0.6394230769230769 0.3713942307692308 0.057692307692307696 0.055288461538461536
2 0.5877403846153846 0.38341346153846156 0.036057692307692304 0.051682692307692304
2 0.4182692307692308 0.3629807692307692 0.06850961538461539 0.052884615384615384
2 0.3329326923076923 0.3605769230769231 0.05048076923076923 0.04807692307692308
2 0.4495192307692308 0.36658653846153844 0.04567307692307692 0.042067307692307696
2 0.38341346153846156 0.3737980769230769 0.046875 0.040865384615384616