1 0.7115384615384616 0.25961538461538464 0.109375 0.07451923076923077
1 0.6165865384615384 0.31850961538461536 0.11057692307692307 0.06370192307692307
1 0.27884615384615385 0.25721153846153844 0.12379807692307693 0.05889423076923077
1 0.2800480769230769 0.6658653846153846 0.09375 0.055288461538461536
1 0.3425480769230769 0.3269230769230769 0.1346153846153846 0.056490384615384616
1 0.8629807692307693 0.4567307692307692 0.09014423076923077 0.052884615384615384
1 0.49278846153846156 0.04567307692307692 0.1141826923076923 0.052884615384615384
1 0.06610576923076923 0.1141826923076923 0.09375 0.051682692307692304
1 0.9158653846153846 0.30649038461538464 0.09495192307692307 0.051682692307692304
1 0.38461538461538464 0.25721153846153844 0.0733173076923077 0.05048076923076923
1 0.11899038461538461 0.6286057692307693 0.07451923076923077 0.05048076923076923
1 0.1502403846153846 0.7884615384615384 0.09975961538461539 0.05048076923076923
1 0.9074519230769231 0.6129807692307693 0.1045673076923077 0.046875
1 0.9122596153846154 0.5600961538461539 0.10336538461538461 0.04567307692307692
1 0.7091346153846154 0.9795673076923077 0.0625 0.037259615384615384
1 0.5204326923076923 0.8762019230769231 0.06971153846153846 0.042067307692307696
1 0.6490384615384616 0.18870192307692307 0.0889423076923077 0.040865384615384616
1 0.014423076923076924 0.6911057692307693 0.028846153846153848 0.040865384615384616
1 0.054086538461538464 0.7379807692307693 0.04807692307692308 0.038461538461538464
1 0.04807692307692308 0.25240384615384615 0.07211538461538461 0.038461538461538464
1 0.6081730769230769 0.49759615384615385 0.08173076923076923 0.036057692307692304
1 0.4266826923076923 0.40024038461538464 0.08653846153846154 0.036057692307692304
1 0.40024038461538464 0.9879807692307693 0.09495192307692307 0.019230769230769232
1 0.9519230769230769 0.40384615384615385 0.09254807692307693 0.036057692307692304