0 0.9447115384615384 0.6213942307692307 0.10576923076923077 0.16105769230769232
0 0.9555288461538461 0.4567307692307692 0.08653846153846154 0.17668269230769232
0 0.7956730769230769 0.3004807692307692 0.06610576923076923 0.1346153846153846
0 0.6814903846153846 0.46634615384615385 0.12860576923076922 0.1201923076923077
0 0.7512019230769231 0.5288461538461539 0.1875 0.14182692307692307
0 0.47836538461538464 0.46033653846153844 0.13581730769230768 0.14182692307692307
0 0.5252403846153846 0.21754807692307693 0.12980769230769232 0.1466346153846154
0 0.5552884615384616 0.18509615384615385 0.0673076923076923 0.0625
0 0.28846153846153844 0.1658653846153846 0.1201923076923077 0.06971153846153846
0 0.3173076923076923 0.5300480769230769 0.12620192307692307 0.15625
0 0.078125 0.4206730769230769 0.08173076923076923 0.0985576923076923
0 0.09254807692307693 0.30649038461538464 0.0733173076923077 0.10336538461538461
0 0.056490384615384616 0.2403846153846154 0.06370192307692307 0.078125
0 0.7019230769230769 0.1310096153846154 0.09735576923076923 0.057692307692307696
0 0.028846153846153848 0.06610576923076923 0.057692307692307696 0.046875