0 0.30649038461538464 0.09254807692307693 0.3473557692307692 0.14543269230769232
4 0.4375 0.42788461538461536 0.4110576923076923 0.1310096153846154
0 0.9122596153846154 0.1622596153846154 0.15144230769230768 0.09254807692307693
0 0.8990384615384616 0.24879807692307693 0.18389423076923078 0.09375
4 0.7403846153846154 0.5949519230769231 0.19110576923076922 0.07692307692307693
0 0.05048076923076923 0.21995192307692307 0.09975961538461539 0.0673076923076923
0 0.7716346153846154 0.6838942307692307 0.10817307692307693 0.06129807692307692
4 0.5012019230769231 0.7043269230769231 0.06370192307692307 0.038461538461538464
0 0.2932692307692308 0.4723557692307692 0.052884615384615384 0.03485576923076923
0 0.4831730769230769 0.33653846153846156 0.07211538461538461 0.03245192307692308
6 0.9639423076923077 0.7740384615384616 0.06850961538461539 0.036057692307692304
0 0.7439903846153846 0.5024038461538461 0.10096153846153846 0.03125
0 0.3581730769230769 0.5384615384615384 0.042067307692307696 0.027644230769230768
0 0.6442307692307693 0.44711538461538464 0.07451923076923077 0.030048076923076924
0 0.41225961538461536 0.4483173076923077 0.08774038461538461 0.027644230769230768
0 0.25721153846153844 0.5841346153846154 0.03485576923076923 0.021634615384615384
0 0.33653846153846156 0.5564903846153846 0.040865384615384616 0.020432692307692308
0 0.2980769230769231 0.5853365384615384 0.03245192307692308 0.020432692307692308
0 0.38461538461538464 0.5348557692307693 0.007211538461538462 0.019230769230769232
0 0.3737980769230769 0.5841346153846154 0.025240384615384616 0.014423076923076924
0 0.36538461538461536 0.5625 0.02403846153846154 0.01201923076923077
0 0.3088942307692308 0.5769230769230769 0.027644230769230768 0.010817307692307692
0 0.4170673076923077 0.5817307692307693 0.02403846153846154 0.010817307692307692