0 0.2824519230769231 0.09735576923076923 0.10336538461538461 0.1935096153846154
4 0.6442307692307693 0.5252403846153846 0.2536057692307692 0.14423076923076922
0 0.4483173076923077 0.1971153846153846 0.1658653846153846 0.140625
0 0.14903846153846154 0.28365384615384615 0.078125 0.07692307692307693
4 0.27163461538461536 0.5997596153846154 0.1201923076923077 0.0733173076923077
0 0.23076923076923078 0.38100961538461536 0.13942307692307693 0.06971153846153846
4 0.05889423076923077 0.6814903846153846 0.11778846153846154 0.06971153846153846
0 0.030048076923076924 0.38100961538461536 0.056490384615384616 0.0673076923076923
0 0.31850961538461536 0.3473557692307692 0.1658653846153846 0.05889423076923077
0 0.04447115384615385 0.31009615384615385 0.08413461538461539 0.056490384615384616
0 0.07692307692307693 0.4254807692307692 0.057692307692307696 0.051682692307692304
0 0.08173076923076923 0.3557692307692308 0.078125 0.04326923076923077
0 0.21995192307692307 0.26802884615384615 0.0673076923076923 0.036057692307692304
0 0.1875 0.2956730769230769 0.06971153846153846 0.03485576923076923
0 0.14543269230769232 0.07451923076923077 0.125 0.14903846153846154