0 0.46274038461538464 0.5096153846153846 0.1466346153846154 0.06971153846153846
0 0.04807692307692308 0.5132211538461539 0.09495192307692307 0.07932692307692307
0 0.6454326923076923 0.34134615384615385 0.14182692307692307 0.0733173076923077
0 0.29447115384615385 0.23317307692307693 0.1622596153846154 0.0829326923076923
0 0.5721153846153846 0.21754807692307693 0.12860576923076922 0.06971153846153846
0 0.7704326923076923 0.2439903846153846 0.1045673076923077 0.057692307692307696
0 0.7127403846153846 0.25240384615384615 0.0733173076923077 0.06129807692307692
0 0.8064903846153846 0.2692307692307692 0.07451923076923077 0.055288461538461536
0 0.2620192307692308 0.09014423076923077 0.09975961538461539 0.042067307692307696
0 0.8125 0.15985576923076922 0.06370192307692307 0.04567307692307692
0 0.27403846153846156 0.042067307692307696 0.09735576923076923 0.042067307692307696
0 0.3485576923076923 0.021634615384615384 0.07451923076923077 0.04326923076923077
0 0.6778846153846154 0.4375 0.0829326923076923 0.08173076923076923
0 0.6586538461538461 0.20793269230769232 0.0733173076923077 0.052884615384615384
0 0.5336538461538461 0.12139423076923077 0.06129807692307692 0.052884615384615384
0 0.06610576923076923 0.09014423076923077 0.06971153846153846 0.10817307692307693