0 0.7127403846153846 0.11298076923076923 0.33774038461538464 0.15144230769230768
4 0.5757211538461539 0.43028846153846156 0.39903846153846156 0.13942307692307693
0 0.11057692307692307 0.15625 0.18028846153846154 0.09375
0 0.12139423076923077 0.2403846153846154 0.2127403846153846 0.09495192307692307
4 0.2776442307692308 0.5817307692307693 0.18629807692307693 0.07932692307692307
0 0.9519230769230769 0.2439903846153846 0.09254807692307693 0.06850961538461539
0 0.24639423076923078 0.6658653846153846 0.10576923076923077 0.0625
4 0.5060096153846154 0.6935096153846154 0.0625 0.040865384615384616
0 0.7139423076923077 0.47836538461538464 0.051682692307692304 0.036057692307692304
0 0.5348557692307693 0.3401442307692308 0.06971153846153846 0.03485576923076923
6 0.04567307692307692 0.7439903846153846 0.09134615384615384 0.036057692307692304
0 0.2776442307692308 0.49158653846153844 0.0985576923076923 0.03245192307692308
0 0.6490384615384616 0.5396634615384616 0.040865384615384616 0.027644230769230768
0 0.3762019230769231 0.4423076923076923 0.0733173076923077 0.030048076923076924
0 0.5997596153846154 0.45072115384615385 0.08413461538461539 0.030048076923076924
0 0.7439903846153846 0.5865384615384616 0.03245192307692308 0.021634615384615384
0 0.6682692307692307 0.5576923076923077 0.038461538461538464 0.021634615384615384
0 0.7055288461538461 0.5865384615384616 0.03245192307692308 0.020432692307692308
0 0.6225961538461539 0.5348557692307693 0.007211538461538462 0.019230769230769232
0 0.6322115384615384 0.5817307692307693 0.02403846153846154 0.014423076923076924
0 0.6418269230769231 0.5625 0.021634615384615384 0.01201923076923077
0 0.6947115384615384 0.5769230769230769 0.026442307692307692 0.010817307692307692
0 0.5901442307692307 0.5793269230769231 0.021634615384615384 0.009615384615384616