4 0.5096153846153846 0.45552884615384615 0.1658653846153846 0.16346153846153846
0 0.31009615384615385 0.051682692307692304 0.44471153846153844 0.10336538461538461
0 0.11899038461538461 0.15745192307692307 0.12379807692307693 0.09495192307692307
4 0.18269230769230768 0.43990384615384615 0.0985576923076923 0.06129807692307692
0 0.28725961538461536 0.6875 0.0889423076923077 0.057692307692307696
0 0.1310096153846154 0.3737980769230769 0.030048076923076924 0.04567307692307692
0 0.06129807692307692 0.4987980769230769 0.05048076923076923 0.04567307692307692
4 0.36658653846153844 0.5829326923076923 0.09014423076923077 0.046875
0 0.5865384615384616 0.25721153846153844 0.052884615384615384 0.042067307692307696
4 0.5096153846153846 0.6766826923076923 0.057692307692307696 0.040865384615384616
0 0.06370192307692307 0.40024038461538464 0.07932692307692307 0.040865384615384616
6 0.051682692307692304 0.7367788461538461 0.10336538461538461 0.04567307692307692
0 0.6033653846153846 0.5721153846153846 0.09014423076923077 0.037259615384615384
0 0.23798076923076922 0.3942307692307692 0.09495192307692307 0.037259615384615384
0 0.35336538461538464 0.3870192307692308 0.09254807692307693 0.036057692307692304
0 0.6334134615384616 0.43149038461538464 0.09014423076923077 0.036057692307692304
0 0.5372596153846154 0.515625 0.0673076923076923 0.03245192307692308
0 0.6802884615384616 0.46634615384615385 0.09254807692307693 0.03485576923076923
0 0.41346153846153844 0.4266826923076923 0.09254807692307693 0.03245192307692308
0 0.29086538461538464 0.4483173076923077 0.0889423076923077 0.03245192307692308
0 0.203125 0.38100961538461536 0.0889423076923077 0.03125
0 0.28966346153846156 0.43028846153846156 0.05048076923076923 0.030048076923076924
0 0.6899038461538461 0.43509615384615385 0.08653846153846154 0.03125
0 0.47596153846153844 0.41346153846153844 0.07211538461538461 0.030048076923076924
0 0.7091346153846154 0.5384615384615384 0.03245192307692308 0.026442307692307692
0 0.7079326923076923 0.5552884615384616 0.015625 0.015625
0 0.6658653846153846 0.5564903846153846 0.030048076923076924 0.01201923076923077
0 0.6838942307692307 0.5817307692307693 0.014423076923076924 0.010817307692307692
0 0.7560096153846154 0.5649038461538461 0.02403846153846154 0.010817307692307692
0 0.6754807692307693 0.5685096153846154 0.015625 0.010817307692307692