0 0.9423076923076923 0.6346153846153846 0.11298076923076923 0.15985576923076922
0 0.9603365384615384 0.46274038461538464 0.078125 0.1778846153846154
0 0.8052884615384616 0.28966346153846156 0.05889423076923077 0.13701923076923078
0 0.6754807692307693 0.453125 0.125 0.11538461538461539
0 0.7427884615384616 0.5240384615384616 0.18389423076923078 0.1346153846153846
0 0.4651442307692308 0.4338942307692308 0.13221153846153846 0.13942307692307693
0 0.5300480769230769 0.18389423076923078 0.12620192307692307 0.14423076923076922
0 0.5637019230769231 0.15384615384615385 0.06610576923076923 0.05889423076923077
0 0.28846153846153844 0.1141826923076923 0.1201923076923077 0.06370192307692307
0 0.2920673076923077 0.49278846153846156 0.12139423076923077 0.15264423076923078
0 0.052884615384615384 0.3629807692307692 0.07932692307692307 0.09735576923076923
0 0.07692307692307693 0.24519230769230768 0.06971153846153846 0.10336538461538461
0 0.04326923076923077 0.17427884615384615 0.0625 0.078125
0 0.71875 0.10697115384615384 0.0985576923076923 0.052884615384615384