1 0.9122596153846154 0.12980769230769232 0.171875 0.140625
1 0.8605769230769231 0.7235576923076923 0.15985576923076922 0.1310096153846154
1 0.14783653846153846 0.4519230769230769 0.15625 0.11778846153846154
1 0.9290865384615384 0.4170673076923077 0.13942307692307693 0.109375
1 0.5480769230769231 0.7103365384615384 0.18269230769230768 0.09975961538461539
1 0.7175480769230769 0.8858173076923077 0.0985576923076923 0.0985576923076923
1 0.8954326923076923 0.4951923076923077 0.15264423076923078 0.09375
1 0.5649038461538461 0.5240384615384616 0.13221153846153846 0.09254807692307693
1 0.057692307692307696 0.23677884615384615 0.09975961538461539 0.09014423076923077
1 0.5060096153846154 0.8882211538461539 0.1502403846153846 0.0829326923076923
1 0.35096153846153844 0.9507211538461539 0.12139423076923077 0.078125
1 0.8497596153846154 0.9543269230769231 0.16105769230769232 0.078125
1 0.4567307692307692 0.5180288461538461 0.15504807692307693 0.07211538461538461
1 0.6754807692307693 0.5540865384615384 0.14543269230769232 0.06129807692307692
1 0.33653846153846156 0.5252403846153846 0.12980769230769232 0.052884615384615384