0 0.5841346153846154 0.13581730769230768 0.09375 0.17548076923076922
0 0.6490384615384616 0.14543269230769232 0.07451923076923077 0.171875
0 0.7584134615384616 0.34975961538461536 0.10817307692307693 0.1622596153846154
0 0.5324519230769231 0.02403846153846154 0.10576923076923077 0.04807692307692308
0 0.02283653846153846 0.6286057692307693 0.04567307692307692 0.1502403846153846
0 0.6550480769230769 0.7776442307692307 0.11899038461538461 0.1466346153846154
0 0.5901442307692307 0.4579326923076923 0.09375 0.13942307692307693
0 0.9038461538461539 0.33653846153846156 0.06370192307692307 0.13942307692307693
0 0.6346153846153846 0.3629807692307692 0.07932692307692307 0.13701923076923078
0 0.3942307692307692 0.7644230769230769 0.05048076923076923 0.1346153846153846
0 0.5216346153846154 0.15504807692307693 0.06610576923076923 0.1346153846153846
0 0.7247596153846154 0.22235576923076922 0.078125 0.1346153846153846
0 0.6838942307692307 0.3076923076923077 0.10096153846153846 0.1310096153846154
0 0.30528846153846156 0.6262019230769231 0.04326923076923077 0.12980769230769232
0 0.5324519230769231 0.38221153846153844 0.08413461538461539 0.11538461538461539
0 0.29086538461538464 0.2932692307692308 0.04326923076923077 0.09975961538461539
0 0.24639423076923078 0.5036057692307693 0.03485576923076923 0.09975961538461539
0 0.34975961538461536 0.3545673076923077 0.03125 0.09975961538461539
0 0.36177884615384615 0.5757211538461539 0.03245192307692308 0.09975961538461539
0 0.15504807692307693 0.5036057692307693 0.03125 0.09735576923076923
0 0.6418269230769231 0.49399038461538464 0.0829326923076923 0.09375
0 0.6682692307692307 0.5829326923076923 0.056490384615384616 0.09014423076923077
0 0.35336538461538464 0.22956730769230768 0.040865384615384616 0.08774038461538461
0 0.37259615384615385 0.6682692307692307 0.03125 0.08774038461538461
0 0.1778846153846154 0.3786057692307692 0.03485576923076923 0.08413461538461539
0 0.23918269230769232 0.38221153846153844 0.03125 0.078125
0 0.49278846153846156 0.07692307692307693 0.046875 0.0733173076923077
0 0.3894230769230769 0.15745192307692307 0.027644230769230768 0.07211538461538461
0 0.052884615384615384 0.45913461538461536 0.025240384615384616 0.07211538461538461
0 0.3317307692307692 0.47836538461538464 0.027644230769230768 0.06610576923076923
0 0.3641826923076923 0.484375 0.037259615384615384 0.06610576923076923
0 0.43028846153846156 0.2439903846153846 0.05048076923076923 0.056490384615384616
0 0.5144230769230769 0.6778846153846154 0.021634615384615384 0.052884615384615384
0 0.5324519230769231 0.8653846153846154 0.02403846153846154 0.05048076923076923
0 0.4579326923076923 0.8701923076923077 0.03125 0.05048076923076923
0 0.4483173076923077 0.16947115384615385 0.036057692307692304 0.04807692307692308
0 0.22115384615384615 0.06850961538461539 0.021634615384615384 0.04807692307692308
0 0.5612980769230769 0.7175480769230769 0.020432692307692308 0.04807692307692308
0 0.9002403846153846 0.5865384615384616 0.05889423076923077 0.042067307692307696
0 0.49278846153846156 0.7199519230769231 0.010817307692307692 0.040865384615384616
0 0.4639423076923077 0.8221153846153846 0.019230769230769232 0.038461538461538464
0 0.5072115384615384 0.7512019230769231 0.015625 0.037259615384615384
0 0.2932692307692308 0.10817307692307693 0.015625 0.03485576923076923
0 0.24759615384615385 0.08413461538461539 0.030048076923076924 0.03245192307692308
0 0.2283653846153846 0.020432692307692308 0.03125 0.03245192307692308
0 0.23677884615384615 0.13581730769230768 0.01201923076923077 0.027644230769230768
0 0.4807692307692308 0.7247596153846154 0.01201923076923077 0.027644230769230768
0 0.1935096153846154 0.1346153846153846 0.02403846153846154 0.027644230769230768
0 0.3233173076923077 0.056490384615384616 0.021634615384615384 0.025240384615384616
0 0.34375 0.04326923076923077 0.015625 0.021634615384615384
6 0.3894230769230769 0.4831730769230769 0.07451923076923077 0.35336538461538464