0 0.203125 0.8629807692307693 0.15625 0.10576923076923077
4 0.3161057692307692 0.42788461538461536 0.16826923076923078 0.08413461538461539
0 0.3449519230769231 0.07692307692307693 0.109375 0.07451923076923077
0 0.037259615384615384 0.20432692307692307 0.0733173076923077 0.0733173076923077
4 0.4098557692307692 0.5757211538461539 0.19951923076923078 0.0733173076923077
4 0.7572115384615384 0.44350961538461536 0.234375 0.07451923076923077
0 0.41947115384615385 0.07211538461538461 0.140625 0.0673076923076923
0 0.42427884615384615 0.47836538461538464 0.15985576923076922 0.0673076923076923
0 0.08413461538461539 0.6081730769230769 0.15985576923076922 0.06370192307692307
0 0.4326923076923077 0.21875 0.11899038461538461 0.051682692307692304
0 0.042067307692307696 0.4387019230769231 0.08413461538461539 0.05048076923076923
0 0.35336538461538464 0.1971153846153846 0.1045673076923077 0.042067307692307696
0 0.4254807692307692 0.02403846153846154 0.13581730769230768 0.04326923076923077
0 0.9651442307692307 0.2704326923076923 0.042067307692307696 0.07451923076923077