2 0.2439903846153846 0.8353365384615384 0.3389423076923077 0.16706730769230768
2 0.6766826923076923 0.49038461538461536 0.1658653846153846 0.12620192307692307
2 0.4795673076923077 0.2932692307692308 0.12139423076923077 0.1141826923076923
2 0.7884615384615384 0.20552884615384615 0.06971153846153846 0.0673076923076923
2 0.6334134615384616 0.21875 0.06370192307692307 0.055288461538461536
2 0.8617788461538461 0.20192307692307693 0.042067307692307696 0.051682692307692304
2 0.9603365384615384 0.18870192307692307 0.05048076923076923 0.052884615384615384
2 0.43149038461538464 0.38461538461538464 0.1814903846153846 0.052884615384615384
2 0.8942307692307693 0.20673076923076922 0.04567307692307692 0.03485576923076923
2 0.7451923076923077 0.2091346153846154 0.030048076923076924 0.03125
2 0.7019230769230769 0.21754807692307693 0.052884615384615384 0.03125