1 0.6454326923076923 0.5685096153846154 0.3245192307692308 0.17067307692307693
1 0.10817307692307693 0.8846153846153846 0.18389423076923078 0.1466346153846154
1 0.8653846153846154 0.5528846153846154 0.2668269230769231 0.12980769230769232
1 0.1466346153846154 0.609375 0.28725961538461536 0.12620192307692307
1 0.0673076923076923 0.7932692307692307 0.109375 0.11778846153846154
1 0.6153846153846154 0.8197115384615384 0.19230769230769232 0.10576923076923077
1 0.41225961538461536 0.8473557692307693 0.1658653846153846 0.07211538461538461
1 0.3076923076923077 0.6923076923076923 0.15144230769230768 0.0625
1 0.4879807692307692 0.8221153846153846 0.12620192307692307 0.05889423076923077
1 0.36899038461538464 0.8221153846153846 0.09735576923076923 0.056490384615384616
1 0.06610576923076923 0.9891826923076923 0.0829326923076923 0.019230769230769232