0 0.24519230769230768 0.13822115384615385 0.13701923076923078 0.17067307692307693
0 0.2980769230769231 0.2932692307692308 0.25600961538461536 0.11298076923076923
4 0.45552884615384615 0.5348557692307693 0.3245192307692308 0.109375
0 0.12379807692307693 0.44350961538461536 0.06971153846153846 0.08413461538461539
0 0.8653846153846154 0.3389423076923077 0.21875 0.078125
0 0.0673076923076923 0.3786057692307692 0.1346153846153846 0.078125
4 0.3942307692307692 0.6274038461538461 0.2283653846153846 0.06610576923076923
0 0.9350961538461539 0.4495192307692308 0.12620192307692307 0.055288461538461536
0 0.03485576923076923 0.4423076923076923 0.06850961538461539 0.052884615384615384
0 0.6177884615384616 0.3713942307692308 0.15625 0.04567307692307692
0 0.38461538461538464 0.37259615384615385 0.1466346153846154 0.04326923076923077
0 0.25 0.42788461538461536 0.15264423076923078 0.04326923076923077
0 0.12980769230769232 0.45072115384615385 0.1346153846153846 0.04326923076923077
0 0.41346153846153844 0.43149038461538464 0.14423076923076922 0.04326923076923077
0 0.7872596153846154 0.39903846153846156 0.1658653846153846 0.042067307692307696
0 0.8040865384615384 0.37740384615384615 0.125 0.040865384615384616
0 0.6826923076923077 0.39663461538461536 0.1201923076923077 0.038461538461538464
0 0.984375 0.3641826923076923 0.027644230769230768 0.040865384615384616
0 0.6009615384615384 0.20673076923076922 0.328125 0.12139423076923077