4 0.9194711538461539 0.4387019230769231 0.15745192307692307 0.13581730769230768
0 0.39903846153846156 0.037259615384615384 0.07692307692307693 0.0733173076923077
0 0.9471153846153846 0.0625 0.10096153846153846 0.09975961538461539
4 0.9362980769230769 0.14423076923076922 0.125 0.0829326923076923
4 0.9050480769230769 0.2536057692307692 0.17548076923076922 0.07451923076923077
0 0.9326923076923077 0.03125 0.1310096153846154 0.037259615384615384
0 0.7980769230769231 0.1658653846153846 0.09014423076923077 0.055288461538461536
0 0.546875 0.6165865384615384 0.17307692307692307 0.052884615384615384
4 0.05048076923076923 0.4495192307692308 0.09735576923076923 0.051682692307692304
0 0.4795673076923077 0.29447115384615385 0.0985576923076923 0.04567307692307692
0 0.3473557692307692 0.21875 0.06370192307692307 0.04326923076923077
0 0.6754807692307693 0.20192307692307693 0.10096153846153846 0.042067307692307696
0 0.6887019230769231 0.24639423076923078 0.08653846153846154 0.037259615384615384
0 0.24278846153846154 0.24278846153846154 0.0673076923076923 0.037259615384615384
0 0.4254807692307692 0.2692307692307692 0.10096153846153846 0.038461538461538464
0 0.109375 0.20793269230769232 0.078125 0.037259615384615384
0 0.06490384615384616 0.2692307692307692 0.06850961538461539 0.036057692307692304
0 0.5841346153846154 0.24278846153846154 0.09975961538461539 0.037259615384615384
6 0.36899038461538464 0.5697115384615384 0.08653846153846154 0.036057692307692304
0 0.25600961538461536 0.23918269230769232 0.0673076923076923 0.03485576923076923
0 0.20793269230769232 0.24759615384615385 0.0625 0.03245192307692308
0 0.3269230769230769 0.5324519230769231 0.0985576923076923 0.03245192307692308
0 0.23918269230769232 0.28125 0.07211538461538461 0.03125
0 0.42427884615384615 0.53125 0.0673076923076923 0.030048076923076924
0 0.02403846153846154 0.23677884615384615 0.03125 0.027644230769230768
0 0.12860576923076922 0.25961538461538464 0.05889423076923077 0.026442307692307692
0 0.1141826923076923 0.23677884615384615 0.06971153846153846 0.026442307692307692
0 0.2668269230769231 0.026442307692307692 0.15745192307692307 0.052884615384615384