1 0.09975961538461539 0.15264423076923078 0.15985576923076922 0.125
1 0.12980769230769232 0.7103365384615384 0.14423076923076922 0.11899038461538461
1 0.8052884615384616 0.47836538461538464 0.14182692307692307 0.10576923076923077
1 0.06971153846153846 0.41947115384615385 0.13942307692307693 0.09375
1 0.4230769230769231 0.7067307692307693 0.16706730769230768 0.0889423076923077
1 0.25841346153846156 0.8665865384615384 0.0889423076923077 0.0889423076923077
1 0.10576923076923077 0.4951923076923077 0.140625 0.08413461538461539
1 0.41346153846153844 0.5324519230769231 0.12139423076923077 0.08173076923076923
1 0.9242788461538461 0.2800480769230769 0.14903846153846154 0.0829326923076923
1 0.4567307692307692 0.875 0.13701923076923078 0.0733173076923077
1 0.5985576923076923 0.9387019230769231 0.11057692307692307 0.06850961538461539
1 0.13221153846153846 0.9254807692307693 0.1466346153846154 0.06850961538461539
1 0.5144230769230769 0.53125 0.14423076923076922 0.0625
1 0.3088942307692308 0.5564903846153846 0.1346153846153846 0.052884615384615384
1 0.6274038461538461 0.5408653846153846 0.11899038461538461 0.046875