0 0.8810096153846154 0.0889423076923077 0.23557692307692307 0.1622596153846154
6 0.7860576923076923 0.7175480769230769 0.2536057692307692 0.12379807692307693
4 0.7548076923076923 0.5180288461538461 0.33774038461538464 0.11899038461538461
4 0.47836538461538464 0.578125 0.09014423076923077 0.09975961538461539
0 0.9543269230769231 0.22956730769230768 0.09014423076923077 0.09254807692307693
4 0.08774038461538461 0.49038461538461536 0.17548076923076922 0.0829326923076923
0 0.38100961538461536 0.8185096153846154 0.140625 0.078125
0 0.38341346153846156 0.75 0.125 0.06850961538461539
4 0.6442307692307693 0.49278846153846156 0.19951923076923078 0.0625
0 0.5180288461538461 0.31490384615384615 0.1346153846153846 0.052884615384615384
0 0.7067307692307693 0.33533653846153844 0.15264423076923078 0.051682692307692304
0 0.9134615384615384 0.3605769230769231 0.14543269230769232 0.05048076923076923
0 0.8064903846153846 0.3473557692307692 0.1622596153846154 0.046875
0 0.5817307692307693 0.3894230769230769 0.11538461538461539 0.04567307692307692
0 0.7800480769230769 0.04447115384615385 0.15625 0.04567307692307692
0 0.8425480769230769 0.3894230769230769 0.1310096153846154 0.03485576923076923
0 0.7223557692307693 0.3870192307692308 0.13701923076923078 0.046875