0 0.7716346153846154 0.20192307692307693 0.4362980769230769 0.2692307692307692
4 0.28125 0.6742788461538461 0.42788461538461536 0.2608173076923077
0 0.5456730769230769 0.41947115384615385 0.41586538461538464 0.1971153846153846
0 0.7680288461538461 0.06129807692307692 0.13701923076923078 0.12259615384615384
0 0.04447115384615385 0.41225961538461536 0.0889423076923077 0.12620192307692307
0 0.9831730769230769 0.5276442307692307 0.030048076923076924 0.12139423076923077
0 0.8197115384615384 0.36538461538461536 0.11298076923076923 0.11057692307692307
4 0.7115384615384616 0.7463942307692307 0.23076923076923078 0.10336538461538461
0 0.9567307692307693 0.3786057692307692 0.078125 0.08413461538461539
0 0.9302884615384616 0.23798076923076922 0.1141826923076923 0.07451923076923077
0 0.9447115384615384 0.4951923076923077 0.10576923076923077 0.07211538461538461