0 0.9387019230769231 0.6274038461538461 0.12139423076923077 0.1622596153846154
0 0.9567307692307693 0.4495192307692308 0.0829326923076923 0.18389423076923078
0 0.7980769230769231 0.2668269230769231 0.05889423076923077 0.140625
0 0.6586538461538461 0.4338942307692308 0.12860576923076922 0.11899038461538461
0 0.7271634615384616 0.5084134615384616 0.19110576923076922 0.13701923076923078
0 0.43990384615384615 0.4098557692307692 0.1346153846153846 0.14423076923076922
0 0.5120192307692307 0.15144230769230768 0.12860576923076922 0.1466346153846154
0 0.5480769230769231 0.11899038461538461 0.0673076923076923 0.0625
0 0.2620192307692308 0.0733173076923077 0.125 0.06610576923076923
0 0.25961538461538464 0.4675480769230769 0.125 0.15745192307692307
0 0.026442307692307692 0.3293269230769231 0.052884615384615384 0.09975961538461539
0 0.038461538461538464 0.20793269230769232 0.07211538461538461 0.10576923076923077
0 0.019230769230769232 0.13221153846153846 0.037259615384615384 0.08173076923076923
0 0.7115384615384616 0.07451923076923077 0.09975961538461539 0.052884615384615384