1 0.46274038461538464 0.21875 0.2764423076923077 0.21153846153846154
1 0.6574519230769231 0.23798076923076922 0.1875 0.1778846153846154
1 0.8052884615384616 0.9230769230769231 0.3389423076923077 0.15144230769230768
1 0.8990384615384616 0.6706730769230769 0.18629807692307693 0.15625
1 0.6634615384615384 0.6298076923076923 0.2548076923076923 0.14543269230769232
1 0.8569711538461539 0.08173076923076923 0.2824519230769231 0.1346153846153846
1 0.6081730769230769 0.8245192307692307 0.21875 0.13221153846153846
1 0.21754807692307693 0.6634615384615384 0.24639423076923078 0.1346153846153846
1 0.021634615384615384 0.7235576923076923 0.04326923076923077 0.11298076923076923
1 0.04807692307692308 0.8858173076923077 0.09615384615384616 0.09375
1 0.030048076923076924 0.6346153846153846 0.05889423076923077 0.0733173076923077