0 0.40024038461538464 0.12980769230769232 0.11538461538461539 0.2127403846153846
0 0.8293269230769231 0.12860576923076922 0.038461538461538464 0.09975961538461539
0 0.671875 0.026442307692307692 0.04326923076923077 0.052884615384615384
0 0.6105769230769231 0.20192307692307693 0.0625 0.07932692307692307
0 0.4483173076923077 0.6346153846153846 0.051682692307692304 0.06971153846153846
0 0.41225961538461536 0.016826923076923076 0.07451923076923077 0.030048076923076924
0 0.6706730769230769 0.5877403846153846 0.06610576923076923 0.0673076923076923
0 0.5504807692307693 0.25 0.030048076923076924 0.06129807692307692
0 0.7055288461538461 0.019230769230769232 0.03245192307692308 0.037259615384615384
0 0.7451923076923077 0.2439903846153846 0.026442307692307692 0.05048076923076923
0 0.7391826923076923 0.014423076923076924 0.03125 0.028846153846153848
0 0.4987980769230769 0.28365384615384615 0.027644230769230768 0.046875
0 0.5528846153846154 0.38822115384615385 0.06129807692307692 0.046875
0 0.6947115384615384 0.20192307692307693 0.030048076923076924 0.04567307692307692
0 0.8161057692307693 0.2403846153846154 0.027644230769230768 0.042067307692307696
0 0.6514423076923077 0.5228365384615384 0.03485576923076923 0.038461538461538464
0 0.6971153846153846 0.6814903846153846 0.04567307692307692 0.04326923076923077