1 0.41346153846153844 0.4879807692307692 0.18269230769230768 0.14182692307692307
1 0.9759615384615384 0.38221153846153844 0.04326923076923077 0.13221153846153846
1 0.06850961538461539 0.5348557692307693 0.13581730769230768 0.1346153846153846
1 0.6466346153846154 0.7115384615384616 0.21875 0.13581730769230768
1 0.04807692307692308 0.40384615384615385 0.09254807692307693 0.12860576923076922
1 0.43028846153846156 0.6394230769230769 0.22235576923076922 0.13221153846153846
1 0.24519230769230768 0.796875 0.23918269230769232 0.12620192307692307
1 0.8629807692307693 0.8617788461538461 0.15985576923076922 0.10817307692307693
1 0.09134615384615384 0.9447115384615384 0.18269230769230768 0.07692307692307693
1 0.5649038461538461 0.8221153846153846 0.13942307692307693 0.0985576923076923
1 0.39903846153846156 0.8617788461538461 0.17307692307692307 0.09254807692307693
1 0.1141826923076923 0.3629807692307692 0.1502403846153846 0.08653846153846154
1 0.9362980769230769 0.27403846153846156 0.12379807692307693 0.08653846153846154
1 0.7259615384615384 0.02403846153846154 0.1466346153846154 0.03485576923076923