4 0.5252403846153846 0.5420673076923077 0.5504807692307693 0.19831730769230768
0 0.21153846153846154 0.6622596153846154 0.12620192307692307 0.08173076923076923
0 0.33413461538461536 0.625 0.22956730769230768 0.08413461538461539
0 0.46274038461538464 0.2848557692307692 0.1778846153846154 0.07211538461538461
0 0.5853365384615384 0.3762019230769231 0.15985576923076922 0.06850961538461539
0 0.2403846153846154 0.5576923076923077 0.1466346153846154 0.0673076923076923
0 0.8100961538461539 0.3737980769230769 0.19230769230769232 0.06850961538461539
0 0.21514423076923078 0.6213942307692307 0.11057692307692307 0.06610576923076923
0 0.22596153846153846 0.2764423076923077 0.171875 0.06610576923076923
4 0.20552884615384615 0.36778846153846156 0.2127403846153846 0.0673076923076923
0 0.47115384615384615 0.3894230769230769 0.13942307692307693 0.06370192307692307
0 0.46153846153846156 0.15625 0.17067307692307693 0.057692307692307696
0 0.39302884615384615 0.40024038461538464 0.10817307692307693 0.055288461538461536
0 0.6274038461538461 0.3137019230769231 0.14903846153846154 0.055288461538461536
0 0.2403846153846154 0.11778846153846154 0.125 0.055288461538461536
0 0.9387019230769231 0.8293269230769231 0.10096153846153846 0.0889423076923077