2 0.6586538461538461 0.359375 0.1045673076923077 0.11298076923076923
2 0.46153846153846156 0.515625 0.18269230769230768 0.0889423076923077
2 0.09975961538461539 0.24879807692307693 0.06370192307692307 0.05889423076923077
2 0.3269230769230769 0.2668269230769231 0.05889423076923077 0.056490384615384616
2 0.4831730769230769 0.2776442307692308 0.06850961538461539 0.057692307692307696
2 0.08173076923076923 0.22235576923076922 0.03245192307692308 0.04807692307692308
2 0.28365384615384615 0.2620192307692308 0.042067307692307696 0.04807692307692308
2 0.06129807692307692 0.25721153846153844 0.04807692307692308 0.04326923076923077
2 0.1502403846153846 0.25841346153846156 0.038461538461538464 0.038461538461538464
2 0.36899038461538464 0.2620192307692308 0.02403846153846154 0.030048076923076924
2 0.22956730769230768 0.27163461538461536 0.1201923076923077 0.03245192307692308
2 0.3870192307692308 0.27403846153846156 0.05048076923076923 0.020432692307692308
2 0.04326923076923077 0.25961538461538464 0.046875 0.020432692307692308
2 0.11057692307692307 0.2283653846153846 0.03245192307692308 0.016826923076923076