4 0.4182692307692308 0.65625 0.41586538461538464 0.23557692307692307
4 0.4254807692307692 0.3858173076923077 0.6189903846153846 0.22355769230769232
4 0.8978365384615384 0.9302884615384616 0.19230769230769232 0.13581730769230768
0 0.9399038461538461 0.6045673076923077 0.11538461538461539 0.0829326923076923
0 0.1971153846153846 0.12379807692307693 0.18870192307692307 0.07211538461538461
0 0.44711538461538464 0.20673076923076922 0.17307692307692307 0.06370192307692307
0 0.9747596153846154 0.20552884615384615 0.046875 0.06370192307692307
0 0.8882211538461539 0.27403846153846156 0.18269230769230768 0.05889423076923077
0 0.5745192307692307 0.15625 0.1466346153846154 0.056490384615384616
0 0.19110576923076922 0.18509615384615385 0.1814903846153846 0.056490384615384616
0 0.45552884615384615 0.06850961538461539 0.13581730769230768 0.051682692307692304
6 0.8016826923076923 0.7211538461538461 0.13221153846153846 0.051682692307692304
0 0.3737980769230769 0.13341346153846154 0.14543269230769232 0.05048076923076923
0 0.4230769230769231 0.11899038461538461 0.10817307692307693 0.04326923076923077
4 0.08052884615384616 0.7199519230769231 0.16105769230769232 0.09975961538461539