1 0.3016826923076923 0.28725961538461536 0.10336538461538461 0.06971153846153846
1 0.39302884615384615 0.34615384615384615 0.10576923076923077 0.06129807692307692
1 0.7211538461538461 0.2932692307692308 0.11899038461538461 0.055288461538461536
1 0.7127403846153846 0.6887019230769231 0.0889423076923077 0.051682692307692304
1 0.6586538461538461 0.3605769230769231 0.12980769230769232 0.051682692307692304
1 0.15264423076923078 0.47475961538461536 0.08653846153846154 0.05048076923076923
1 0.5168269230769231 0.08413461538461539 0.11057692307692307 0.05048076923076923
1 0.9362980769230769 0.15745192307692307 0.10336538461538461 0.05048076923076923
1 0.1045673076923077 0.3317307692307692 0.09254807692307693 0.04807692307692308
1 0.6189903846153846 0.29086538461538464 0.06971153846153846 0.046875
1 0.8689903846153846 0.6538461538461539 0.07211538461538461 0.046875
1 0.8365384615384616 0.8088942307692307 0.09495192307692307 0.046875
1 0.10576923076923077 0.6262019230769231 0.10096153846153846 0.04326923076923077
1 0.10336538461538461 0.5745192307692307 0.0985576923076923 0.04326923076923077
1 0.2932692307692308 0.9819711538461539 0.06129807692307692 0.03245192307692308
1 0.47596153846153844 0.8870192307692307 0.0673076923076923 0.038461538461538464
1 0.3629807692307692 0.21995192307692307 0.08653846153846154 0.038461538461538464
1 0.9747596153846154 0.7175480769230769 0.038461538461538464 0.037259615384615384
1 0.9302884615384616 0.7608173076923077 0.046875 0.037259615384615384
1 0.9459134615384616 0.29086538461538464 0.07451923076923077 0.037259615384615384
1 0.39783653846153844 0.5204326923076923 0.078125 0.03485576923076923
1 0.5757211538461539 0.42908653846153844 0.08413461538461539 0.03245192307692308
1 0.5901442307692307 0.9927884615384616 0.09375 0.007211538461538462
1 0.055288461538461536 0.4230769230769231 0.11057692307692307 0.03125