2 0.5348557692307693 0.7355769230769231 0.11538461538461539 0.10576923076923077
2 0.3401442307692308 0.4795673076923077 0.0829326923076923 0.09975961538461539
2 0.2824519230769231 0.484375 0.0889423076923077 0.09975961538461539
2 0.6947115384615384 0.41947115384615385 0.0673076923076923 0.078125
2 0.12980769230769232 0.5084134615384616 0.0673076923076923 0.07692307692307693
2 0.6045673076923077 0.42788461538461536 0.04807692307692308 0.055288461538461536
2 0.9026442307692307 0.39903846153846156 0.04807692307692308 0.052884615384615384
2 0.6694711538461539 0.41586538461538464 0.026442307692307692 0.05048076923076923
2 0.04447115384615385 0.4795673076923077 0.04807692307692308 0.05048076923076923
2 0.6346153846153846 0.4206730769230769 0.027644230769230768 0.046875
2 0.8509615384615384 0.41225961538461536 0.04807692307692308 0.042067307692307696
2 0.6550480769230769 0.35697115384615385 0.03125 0.038461538461538464
2 0.7920673076923077 0.3858173076923077 0.06610576923076923 0.030048076923076924
2 0.8677884615384616 0.7355769230769231 0.2620192307692308 0.13581730769230768