0 0.08774038461538461 0.6033653846153846 0.13581730769230768 0.09014423076923077
0 0.016826923076923076 0.5408653846153846 0.03125 0.08173076923076923
0 0.3137019230769231 0.5913461538461539 0.140625 0.06610576923076923
0 0.17908653846153846 0.18629807692307693 0.13581730769230768 0.0625
0 0.23918269230769232 0.12620192307692307 0.1622596153846154 0.06370192307692307
0 0.04807692307692308 0.24759615384615385 0.09615384615384616 0.057692307692307696
0 0.5649038461538461 0.4098557692307692 0.0889423076923077 0.040865384615384616
0 0.45913461538461536 0.45072115384615385 0.09014423076923077 0.03485576923076923
0 0.5432692307692307 0.3701923076923077 0.06850961538461539 0.030048076923076924
0 0.4338942307692308 0.36177884615384615 0.037259615384615384 0.010817307692307692
6 0.5961538461538461 0.3269230769230769 0.44350961538461536 0.1201923076923077