4 0.41586538461538464 0.10336538461538461 0.31850961538461536 0.14423076923076922
4 0.8918269230769231 0.04326923076923077 0.16105769230769232 0.08653846153846154
6 0.2548076923076923 0.46274038461538464 0.23918269230769232 0.10096153846153846
0 0.2127403846153846 0.038461538461538464 0.3161057692307692 0.06129807692307692
6 0.6514423076923077 0.5877403846153846 0.17668269230769232 0.07692307692307693
0 0.21995192307692307 0.3449519230769231 0.15745192307692307 0.06370192307692307
0 0.6526442307692307 0.004807692307692308 0.09014423076923077 0.009615384615384616
0 0.5084134615384616 0.4182692307692308 0.21754807692307693 0.0625
0 0.8497596153846154 0.27163461538461536 0.1622596153846154 0.056490384615384616
0 0.47836538461538464 0.016826923076923076 0.08653846153846154 0.03365384615384615
0 0.5685096153846154 0.039663461538461536 0.09495192307692307 0.04807692307692308
0 0.1502403846153846 0.09735576923076923 0.12139423076923077 0.04807692307692308
0 0.004807692307692308 0.23677884615384615 0.009615384615384616 0.042067307692307696
4 0.1502403846153846 0.16466346153846154 0.08173076923076923 0.042067307692307696
0 0.04807692307692308 0.10576923076923077 0.09495192307692307 0.04326923076923077
0 0.3954326923076923 0.18028846153846154 0.040865384615384616 0.037259615384615384
0 0.03245192307692308 0.13701923076923078 0.06370192307692307 0.040865384615384616
0 0.39302884615384615 0.02403846153846154 0.055288461538461536 0.037259615384615384
4 0.6490384615384616 0.3269230769230769 0.15504807692307693 0.040865384615384616
0 0.0985576923076923 0.13701923076923078 0.0889423076923077 0.036057692307692304
0 0.21754807692307693 0.1346153846153846 0.0733173076923077 0.03485576923076923
6 0.8269230769230769 0.3786057692307692 0.125 0.036057692307692304
6 0.4110576923076923 0.34615384615384615 0.08413461538461539 0.027644230769230768
0 0.052884615384615384 0.23197115384615385 0.055288461538461536 0.025240384615384616