0 0.45552884615384615 0.09254807692307693 0.2283653846153846 0.18509615384615385
0 0.06971153846153846 0.06610576923076923 0.10336538461538461 0.1310096153846154
0 0.4831730769230769 0.24278846153846154 0.09735576923076923 0.11538461538461539
0 0.3137019230769231 0.2439903846153846 0.12379807692307693 0.11778846153846154
0 0.5168269230769231 0.2800480769230769 0.06370192307692307 0.10817307692307693
0 0.7307692307692307 0.31971153846153844 0.11057692307692307 0.09375
0 0.3641826923076923 0.5072115384615384 0.1201923076923077 0.08653846153846154
0 0.28125 0.3173076923076923 0.09014423076923077 0.07932692307692307
0 0.9362980769230769 0.05889423076923077 0.12379807692307693 0.07932692307692307
4 0.3473557692307692 0.5925480769230769 0.1310096153846154 0.08173076923076923
4 0.84375 0.6838942307692307 0.1778846153846154 0.078125
0 0.33413461538461536 0.34975961538461536 0.08653846153846154 0.06370192307692307
4 0.9206730769230769 0.5120192307692307 0.10817307692307693 0.042067307692307696
6 0.8918269230769231 0.8557692307692307 0.10096153846153846 0.036057692307692304
0 0.8377403846153846 0.5769230769230769 0.11057692307692307 0.03485576923076923
0 0.9627403846153846 0.8197115384615384 0.040865384615384616 0.04326923076923077