0 0.2247596153846154 0.9074519230769231 0.2620192307692308 0.1814903846153846
0 0.5252403846153846 0.8942307692307693 0.265625 0.2091346153846154
0 0.7475961538461539 0.671875 0.4675480769230769 0.2247596153846154
0 0.6370192307692307 0.08774038461538461 0.35096153846153844 0.17548076923076922
0 0.5516826923076923 0.8774038461538461 0.2776442307692308 0.1935096153846154
0 0.9387019230769231 0.5324519230769231 0.1201923076923077 0.16346153846153846
0 0.2800480769230769 0.5300480769230769 0.23918269230769232 0.15264423076923078
0 0.8677884615384616 0.27403846153846156 0.24879807692307693 0.15144230769230768
0 0.4831730769230769 0.7091346153846154 0.12620192307692307 0.13221153846153846
0 0.35096153846153844 0.38461538461538464 0.21514423076923078 0.1310096153846154
0 0.19951923076923078 0.3870192307692308 0.21394230769230768 0.12620192307692307
0 0.06850961538461539 0.8040865384615384 0.11298076923076923 0.11778846153846154
0 0.41346153846153844 0.35096153846153844 0.28725961538461536 0.12379807692307693
0 0.9278846153846154 0.140625 0.1141826923076923 0.11778846153846154
0 0.8401442307692307 0.3329326923076923 0.30649038461538464 0.12379807692307693
0 0.14302884615384615 0.7752403846153846 0.13701923076923078 0.11057692307692307
0 0.6033653846153846 0.7896634615384616 0.4375 0.125
0 0.8293269230769231 0.9543269230769231 0.2439903846153846 0.06971153846153846
0 0.5360576923076923 0.23798076923076922 0.2439903846153846 0.11057692307692307
0 0.2824519230769231 0.6778846153846154 0.19951923076923078 0.10817307692307693
0 0.03485576923076923 0.1502403846153846 0.06850961538461539 0.10336538461538461
0 0.5480769230769231 0.5432692307692307 0.2644230769230769 0.0985576923076923
0 0.3701923076923077 0.2920673076923077 0.25721153846153844 0.09495192307692307
0 0.8125 0.015625 0.3245192307692308 0.03125
0 0.11899038461538461 0.5793269230769231 0.18028846153846154 0.08173076923076923
0 0.030048076923076924 0.8930288461538461 0.021634615384615384 0.06971153846153846
0 0.05889423076923077 0.2668269230769231 0.05889423076923077 0.06971153846153846
0 0.040865384615384616 0.43990384615384615 0.08173076923076923 0.07211538461538461
0 0.10817307692307693 0.5264423076923077 0.16706730769230768 0.0733173076923077
0 0.13221153846153846 0.3581730769230769 0.14543269230769232 0.06971153846153846
0 0.5060096153846154 0.018028846153846152 0.24278846153846154 0.036057692307692304
0 0.052884615384615384 0.609375 0.0985576923076923 0.057692307692307696
0 0.2091346153846154 0.13942307692307693 0.2620192307692308 0.10576923076923077