0 0.2091346153846154 0.22596153846153846 0.4170673076923077 0.27403846153846156
4 0.7403846153846154 0.6502403846153846 0.4362980769230769 0.2644230769230769
0 0.44471153846153844 0.4206730769230769 0.421875 0.19951923076923078
0 0.18028846153846154 0.07932692307692307 0.1346153846153846 0.1310096153846154
0 0.9507211538461539 0.3581730769230769 0.0889423076923077 0.12620192307692307
0 0.014423076923076924 0.5757211538461539 0.027644230769230768 0.1201923076923077
0 0.1622596153846154 0.3942307692307692 0.1141826923076923 0.11298076923076923
4 0.3137019230769231 0.7692307692307693 0.23557692307692307 0.1045673076923077
0 0.03365384615384615 0.4206730769230769 0.0673076923076923 0.08653846153846154
0 0.04927884615384615 0.2776442307692308 0.0985576923076923 0.078125
0 0.051682692307692304 0.5384615384615384 0.10336538461538461 0.06850961538461539