2 0.5204326923076923 0.4723557692307692 0.1141826923076923 0.12860576923076922
2 0.40024038461538464 0.375 0.037259615384615384 0.06129807692307692
2 0.6057692307692307 0.38341346153846156 0.037259615384615384 0.057692307692307696
2 0.7644230769230769 0.38461538461538464 0.037259615384615384 0.055288461538461536
2 0.6622596153846154 0.35336538461538464 0.042067307692307696 0.04567307692307692
2 0.9783653846153846 0.38100961538461536 0.03125 0.04326923076923077
2 0.7127403846153846 0.39302884615384615 0.057692307692307696 0.04326923076923077
2 0.8100961538461539 0.38100961538461536 0.03485576923076923 0.040865384615384616
2 0.8317307692307693 0.37740384615384615 0.02403846153846154 0.036057692307692304
2 0.5649038461538461 0.3713942307692308 0.02403846153846154 0.030048076923076924
2 0.9206730769230769 0.3894230769230769 0.025240384615384616 0.02403846153846154
2 0.5144230769230769 0.37259615384615385 0.03485576923076923 0.038461538461538464