0 0.7536057692307693 0.4182692307692308 0.19471153846153846 0.3485576923076923
0 0.7067307692307693 0.8557692307692307 0.1935096153846154 0.2860576923076923
0 0.8377403846153846 0.32091346153846156 0.21754807692307693 0.27163461538461536
0 0.5637019230769231 0.5192307692307693 0.13581730769230768 0.24639423076923078
0 0.890625 0.5528846153846154 0.15625 0.24519230769230768
0 0.08653846153846154 0.41225961538461536 0.16826923076923078 0.2283653846153846
0 0.8533653846153846 0.9050480769230769 0.17668269230769232 0.1875
0 0.28846153846153844 0.7127403846153846 0.21754807692307693 0.19951923076923078
0 0.07211538461538461 0.49759615384615385 0.14423076923076922 0.13221153846153846
0 0.3245192307692308 0.9254807692307693 0.24519230769230768 0.12620192307692307
4 0.2091346153846154 0.30649038461538464 0.2956730769230769 0.6129807692307693