0 0.27163461538461536 0.5216346153846154 0.3485576923076923 0.1658653846153846
0 0.8762019230769231 0.6225961538461539 0.2439903846153846 0.14182692307692307
0 0.6454326923076923 0.3016826923076923 0.2091346153846154 0.1201923076923077
0 0.16105769230769232 0.3485576923076923 0.32211538461538464 0.12860576923076922
0 0.5360576923076923 0.4411057692307692 0.2920673076923077 0.1201923076923077
0 0.4375 0.21394230769230768 0.3629807692307692 0.11899038461538461
0 0.5024038461538461 0.28725961538461536 0.265625 0.1141826923076923
0 0.25600961538461536 0.8100961538461539 0.2704326923076923 0.11298076923076923
0 0.6802884615384616 0.07932692307692307 0.3545673076923077 0.11538461538461539
0 0.44711538461538464 0.7824519230769231 0.328125 0.109375
0 0.8509615384615384 0.14783653846153846 0.265625 0.10576923076923077
0 0.8629807692307693 0.8233173076923077 0.2704326923076923 0.10576923076923077
0 0.8473557692307693 0.47596153846153844 0.3016826923076923 0.10336538461538461
0 0.15985576923076922 0.6971153846153846 0.3016826923076923 0.0985576923076923
0 0.7439903846153846 0.6802884615384616 0.2512019230769231 0.09014423076923077
0 0.8942307692307693 0.3701923076923077 0.203125 0.08774038461538461
0 0.07091346153846154 0.9543269230769231 0.0985576923076923 0.08173076923076923
0 0.4495192307692308 0.8052884615384616 0.2956730769230769 0.0889423076923077
0 0.5793269230769231 0.7716346153846154 0.19951923076923078 0.08413461538461539
0 0.04447115384615385 0.515625 0.0889423076923077 0.078125
0 0.8617788461538461 0.8942307692307693 0.27403846153846156 0.08774038461538461
0 0.7752403846153846 0.39903846153846156 0.08413461538461539 0.0733173076923077
0 0.027644230769230768 0.078125 0.055288461538461536 0.07451923076923077
0 0.5769230769230769 0.8509615384615384 0.28125 0.0829326923076923
0 0.44591346153846156 0.5480769230769231 0.140625 0.07451923076923077
0 0.21995192307692307 0.2824519230769231 0.19951923076923078 0.078125
0 0.09735576923076923 0.875 0.15985576923076922 0.0733173076923077
0 0.3942307692307692 0.6538461538461539 0.2283653846153846 0.0733173076923077
0 0.7115384615384616 0.6105769230769231 0.13581730769230768 0.06370192307692307
0 0.44471153846153844 0.7259615384615384 0.2776442307692308 0.06610576923076923
0 0.9086538461538461 0.5877403846153846 0.18028846153846154 0.0625
0 0.3605769230769231 0.9783653846153846 0.27524038461538464 0.040865384615384616
0 0.7139423076923077 0.9675480769230769 0.2704326923076923 0.055288461538461536
0 0.003605769230769231 0.15504807692307693 0.007211538461538462 0.052884615384615384