4 0.9086538461538461 0.6983173076923077 0.07692307692307693 0.27403846153846156
0 0.3762019230769231 0.7620192307692307 0.04567307692307692 0.25
0 0.328125 0.16706730769230768 0.1466346153846154 0.11298076923076923
0 0.20192307692307693 0.5973557692307693 0.015625 0.11057692307692307
0 0.13942307692307693 0.04326923076923077 0.13581730769230768 0.07692307692307693
0 0.14302884615384615 0.6165865384615384 0.046875 0.06370192307692307
0 0.39903846153846156 0.9411057692307693 0.026442307692307692 0.0625
0 0.10817307692307693 0.7067307692307693 0.052884615384615384 0.06370192307692307
0 0.4182692307692308 0.17067307692307693 0.04567307692307692 0.04567307692307692
0 0.5036057692307693 0.7884615384615384 0.04326923076923077 0.042067307692307696
0 0.5516826923076923 0.5360576923076923 0.040865384615384616 0.036057692307692304
0 0.5168269230769231 0.5120192307692307 0.030048076923076924 0.03125