0 0.26802884615384615 0.5192307692307693 0.34975961538461536 0.1502403846153846
0 0.8786057692307693 0.6550480769230769 0.23918269230769232 0.1310096153846154
0 0.6610576923076923 0.3161057692307692 0.2091346153846154 0.11298076923076923
0 0.1622596153846154 0.33653846153846156 0.3245192307692308 0.11298076923076923
0 0.5408653846153846 0.4519230769230769 0.2932692307692308 0.10576923076923077
0 0.4543269230769231 0.21514423076923078 0.36538461538461536 0.10336538461538461
0 0.515625 0.2932692307692308 0.265625 0.10096153846153846
0 0.23798076923076922 0.8125 0.27163461538461536 0.09975961538461539
0 0.7091346153846154 0.09014423076923077 0.359375 0.09975961538461539
0 0.4326923076923077 0.7956730769230769 0.3317307692307692 0.09495192307692307
0 0.8713942307692307 0.16947115384615385 0.2548076923076923 0.09375
0 0.8581730769230769 0.8581730769230769 0.2800480769230769 0.09254807692307693
0 0.8533653846153846 0.5036057692307693 0.2920673076923077 0.08774038461538461
0 0.14903846153846154 0.6935096153846154 0.296875 0.08413461538461539
0 0.7415865384615384 0.7067307692307693 0.2536057692307692 0.078125
0 0.9038461538461539 0.39903846153846156 0.19110576923076922 0.078125
0 0.04447115384615385 0.9495192307692307 0.0889423076923077 0.07932692307692307
0 0.43509615384615385 0.8185096153846154 0.2980769230769231 0.07451923076923077
0 0.5685096153846154 0.7908653846153846 0.20192307692307693 0.07451923076923077
0 0.039663461538461536 0.5012019230769231 0.07932692307692307 0.07692307692307693
0 0.8557692307692307 0.9302884615384616 0.2860576923076923 0.0733173076923077
0 0.7884615384615384 0.4206730769230769 0.08173076923076923 0.06971153846153846
0 0.03485576923076923 0.055288461538461536 0.06971153846153846 0.0733173076923077
0 0.5612980769230769 0.8713942307692307 0.2848557692307692 0.06850961538461539
0 0.44471153846153844 0.5552884615384616 0.140625 0.06850961538461539
0 0.22716346153846154 0.27283653846153844 0.20192307692307693 0.06850961538461539
0 0.07572115384615384 0.8689903846153846 0.1502403846153846 0.06610576923076923
0 0.3858173076923077 0.6610576923076923 0.22956730769230768 0.06370192307692307
0 0.7115384615384616 0.6322115384615384 0.13701923076923078 0.05889423076923077
0 0.4338942307692308 0.7379807692307693 0.28125 0.052884615384615384
0 0.9122596153846154 0.6189903846153846 0.17548076923076922 0.052884615384615384
0 0.33413461538461536 0.9879807692307693 0.2776442307692308 0.021634615384615384
0 0.6947115384615384 0.9879807692307693 0.27524038461538464 0.021634615384615384
0 0.007211538461538462 0.12980769230769232 0.014423076923076924 0.052884615384615384