4 0.5564903846153846 0.4639423076923077 0.06610576923076923 0.21995192307692307
4 0.3088942307692308 0.18389423076923078 0.08413461538461539 0.13581730769230768
4 0.6514423076923077 0.09975961538461539 0.12620192307692307 0.10336538461538461
4 0.39903846153846156 0.46274038461538464 0.09014423076923077 0.09254807692307693
4 0.2800480769230769 0.5096153846153846 0.06971153846153846 0.07451923076923077
0 0.35697115384615385 0.9134615384615384 0.02403846153846154 0.06610576923076923
0 0.42788461538461536 0.8725961538461539 0.03125 0.06129807692307692
0 0.32211538461538464 0.8629807692307693 0.03125 0.05889423076923077
0 0.3076923076923077 0.6911057692307693 0.016826923076923076 0.056490384615384616
0 0.47836538461538464 0.5576923076923077 0.021634615384615384 0.056490384615384616
0 0.25 0.7463942307692307 0.02403846153846154 0.055288461538461536
0 0.6081730769230769 0.8737980769230769 0.026442307692307692 0.04567307692307692
0 0.3173076923076923 0.953125 0.020432692307692308 0.030048076923076924
0 0.5637019230769231 0.6310096153846154 0.014423076923076924 0.030048076923076924
0 0.5841346153846154 0.6346153846153846 0.015625 0.026442307692307692
0 0.5817307692307693 0.59375 0.015625 0.026442307692307692
0 0.2920673076923077 0.7223557692307693 0.01201923076923077 0.02403846153846154
0 0.39663461538461536 0.25600961538461536 0.010817307692307692 0.021634615384615384
0 0.3581730769230769 0.35336538461538464 0.014423076923076924 0.021634615384615384
0 0.36658653846153844 0.41466346153846156 0.010817307692307692 0.014423076923076924
0 0.37740384615384615 0.4266826923076923 0.01201923076923077 0.014423076923076924
0 0.30288461538461536 0.33774038461538464 0.01201923076923077 0.01201923076923077
0 0.3293269230769231 0.7487980769230769 0.025240384615384616 0.05889423076923077