2 0.25721153846153844 0.6237980769230769 0.0829326923076923 0.08774038461538461
2 0.6995192307692307 0.5456730769230769 0.046875 0.05889423076923077
2 0.8497596153846154 0.5432692307692307 0.04807692307692308 0.057692307692307696
2 0.8064903846153846 0.5456730769230769 0.03245192307692308 0.051682692307692304
2 0.9338942307692307 0.5456730769230769 0.0829326923076923 0.052884615384615384
2 0.7716346153846154 0.546875 0.027644230769230768 0.05048076923076923
2 0.5865384615384616 0.5144230769230769 0.0625 0.05048076923076923
2 0.3581730769230769 0.4807692307692308 0.04567307692307692 0.046875
2 0.9050480769230769 0.5276442307692307 0.052884615384615384 0.04326923076923077
2 0.6502403846153846 0.515625 0.03245192307692308 0.040865384615384616
2 0.9519230769230769 0.5096153846153846 0.040865384615384616 0.038461538461538464
2 0.2403846153846154 0.4807692307692308 0.04326923076923077 0.03245192307692308
2 0.7451923076923077 0.5564903846153846 0.052884615384615384 0.03125
2 0.4519230769230769 0.5444711538461539 0.042067307692307696 0.026442307692307692
2 0.9855769230769231 0.5324519230769231 0.026442307692307692 0.026442307692307692
2 0.18870192307692307 0.7596153846153846 0.2956730769230769 0.08774038461538461