0 0.6995192307692307 0.09014423076923077 0.11057692307692307 0.18028846153846154
4 0.3605769230769231 0.5276442307692307 0.25961538461538464 0.15625
0 0.5384615384615384 0.18990384615384615 0.171875 0.14903846153846154
0 0.8425480769230769 0.2620192307692308 0.08173076923076923 0.08173076923076923
4 0.7367788461538461 0.5829326923076923 0.125 0.07932692307692307
0 0.765625 0.3629807692307692 0.14182692307692307 0.07692307692307693
4 0.9459134615384616 0.6538461538461539 0.1045673076923077 0.07692307692307693
0 0.9639423076923077 0.35096153846153844 0.056490384615384616 0.06971153846153846
0 0.6766826923076923 0.3329326923076923 0.16706730769230768 0.0673076923076923
0 0.9459134615384616 0.2824519230769231 0.0829326923076923 0.05889423076923077
0 0.9206730769230769 0.39783653846153844 0.05889423076923077 0.052884615384615384
0 0.9134615384615384 0.3293269230769231 0.07932692307692307 0.046875
0 0.7692307692307693 0.24879807692307693 0.06850961538461539 0.038461538461538464
0 0.8052884615384616 0.27524038461538464 0.07211538461538461 0.038461538461538464
0 0.8365384615384616 0.06490384615384616 0.1310096153846154 0.12980769230769232