4 0.6586538461538461 0.5841346153846154 0.1935096153846154 0.13701923076923078
4 0.48677884615384615 0.5360576923076923 0.20432692307692307 0.08653846153846154
0 0.8161057692307693 0.20432692307692307 0.1971153846153846 0.08413461538461539
0 0.057692307692307696 0.20673076923076922 0.10576923076923077 0.08173076923076923
0 0.6466346153846154 0.2283653846153846 0.17548076923076922 0.07211538461538461
0 0.90625 0.3473557692307692 0.18389423076923078 0.0733173076923077
0 0.9447115384615384 0.2932692307692308 0.10817307692307693 0.06370192307692307
0 0.4951923076923077 0.32091346153846156 0.1814903846153846 0.05889423076923077
0 0.3317307692307692 0.30288461538461536 0.16706730769230768 0.057692307692307696
0 0.7355769230769231 0.3161057692307692 0.18028846153846154 0.056490384615384616
0 0.18269230769230768 0.2848557692307692 0.13221153846153846 0.052884615384615384
0 0.040865384615384616 0.2620192307692308 0.07211538461538461 0.04567307692307692
4 0.18870192307692307 0.3942307692307692 0.2439903846153846 0.046875
0 0.13942307692307693 0.30288461538461536 0.12139423076923077 0.040865384615384616
0 0.25600961538461536 0.22235576923076922 0.12139423076923077 0.038461538461538464
0 0.6875 0.27403846153846156 0.1622596153846154 0.036057692307692304
0 0.31009615384615385 0.7668269230769231 0.16826923076923078 0.0889423076923077