2 0.3401442307692308 0.33413461538461536 0.10096153846153846 0.11057692307692307
2 0.5252403846153846 0.5060096153846154 0.1814903846153846 0.0829326923076923
2 0.9074519230769231 0.2620192307692308 0.0625 0.057692307692307696
2 0.6778846153846154 0.2644230769230769 0.057692307692307696 0.055288461538461536
2 0.5204326923076923 0.2644230769230769 0.0673076923076923 0.055288461538461536
2 0.9266826923076923 0.23677884615384615 0.03125 0.046875
2 0.7223557692307693 0.26322115384615385 0.040865384615384616 0.046875
2 0.9447115384615384 0.27524038461538464 0.046875 0.042067307692307696
2 0.8557692307692307 0.2692307692307692 0.037259615384615384 0.037259615384615384
2 0.6358173076923077 0.25721153846153844 0.021634615384615384 0.027644230769230768
2 0.7752403846153846 0.27524038461538464 0.1201923076923077 0.027644230769230768
2 0.6165865384615384 0.26802884615384615 0.05048076923076923 0.020432692307692308
2 0.9615384615384616 0.2776442307692308 0.04567307692307692 0.019230769230769232
2 0.8990384615384616 0.24278846153846154 0.03245192307692308 0.015625