4 0.15745192307692307 0.6298076923076923 0.31490384615384615 0.16826923076923078
4 0.5060096153846154 0.3798076923076923 0.24519230769230768 0.15144230769230768
4 0.5036057692307693 0.5372596153846154 0.18028846153846154 0.1310096153846154
0 0.2932692307692308 0.09975961538461539 0.19110576923076922 0.08653846153846154
0 0.7956730769230769 0.08533653846153846 0.171875 0.078125
4 0.5576923076923077 0.6346153846153846 0.25600961538461536 0.06850961538461539
0 0.8245192307692307 0.14423076923076922 0.17307692307692307 0.056490384615384616
0 0.9699519230769231 0.10096153846153846 0.056490384615384616 0.055288461538461536
0 0.9855769230769231 0.1814903846153846 0.025240384615384616 0.046875
0 0.9543269230769231 0.09014423076923077 0.0889423076923077 0.040865384615384616
0 0.9675480769230769 0.046875 0.06129807692307692 0.05048076923076923