2 0.7283653846153846 0.6057692307692307 0.0829326923076923 0.08774038461538461
2 0.29447115384615385 0.5745192307692307 0.046875 0.05889423076923077
2 0.1502403846153846 0.5877403846153846 0.04807692307692308 0.057692307692307696
2 0.19230769230769232 0.5865384615384616 0.03485576923076923 0.051682692307692304
2 0.06971153846153846 0.5985576923076923 0.08173076923076923 0.052884615384615384
2 0.22596153846153846 0.5841346153846154 0.030048076923076924 0.05048076923076923
2 0.4014423076923077 0.5336538461538461 0.0625 0.05048076923076923
2 0.6177884615384616 0.47716346153846156 0.04567307692307692 0.046875
2 0.09615384615384616 0.5793269230769231 0.052884615384615384 0.04326923076923077
2 0.3401442307692308 0.5408653846153846 0.03245192307692308 0.040865384615384616
2 0.04807692307692308 0.5649038461538461 0.040865384615384616 0.038461538461538464
2 0.7307692307692307 0.46634615384615385 0.04326923076923077 0.03485576923076923
2 0.25240384615384615 0.5901442307692307 0.052884615384615384 0.03245192307692308
2 0.5324519230769231 0.5480769230769231 0.042067307692307696 0.027644230769230768
2 0.018028846153846152 0.5901442307692307 0.025240384615384616 0.021634615384615384
2 0.8088942307692307 0.7295673076923077 0.28725961538461536 0.09495192307692307