6 0.6730769230769231 0.6201923076923077 0.3004807692307692 0.3125
0 0.03245192307692308 0.09254807692307693 0.04567307692307692 0.09014423076923077
0 0.2692307692307692 0.8569711538461539 0.03245192307692308 0.06610576923076923
0 0.7752403846153846 0.052884615384615384 0.03245192307692308 0.057692307692307696
0 0.7319711538461539 0.07932692307692307 0.03125 0.056490384615384616
0 0.6177884615384616 0.021634615384615384 0.0733173076923077 0.042067307692307696
0 0.6622596153846154 0.36177884615384615 0.021634615384615384 0.040865384615384616
0 0.8329326923076923 0.06490384615384616 0.037259615384615384 0.036057692307692304
0 0.6346153846153846 0.009615384615384616 0.0625 0.019230769230769232
0 0.7740384615384616 0.11298076923076923 0.019230769230769232 0.03245192307692308
0 0.01201923076923077 0.5528846153846154 0.021634615384615384 0.026442307692307692
0 0.5564903846153846 0.203125 0.06129807692307692 0.027644230769230768
0 0.1201923076923077 0.28725961538461536 0.05889423076923077 0.025240384615384616
0 0.6033653846153846 0.17067307692307693 0.026442307692307692 0.02403846153846154
0 0.6153846153846154 0.13221153846153846 0.025240384615384616 0.02403846153846154
0 0.5721153846153846 0.10697115384615384 0.05889423076923077 0.020432692307692308
0 0.43149038461538464 0.43149038461538464 0.038461538461538464 0.019230769230769232
0 0.8653846153846154 0.1502403846153846 0.03485576923076923 0.015625
0 0.45552884615384615 0.2776442307692308 0.016826923076923076 0.015625