1 0.3269230769230769 0.33052884615384615 0.1622596153846154 0.15745192307692307
1 0.3245192307692308 0.7644230769230769 0.22235576923076922 0.15745192307692307
1 0.40024038461538464 0.5625 0.18870192307692307 0.12620192307692307
1 0.7608173076923077 0.5408653846153846 0.2620192307692308 0.11538461538461539
1 0.21875 0.44350961538461536 0.1935096153846154 0.1045673076923077
1 0.5120192307692307 0.7956730769230769 0.1935096153846154 0.09375
1 0.8677884615384616 0.6081730769230769 0.15625 0.06850961538461539
1 0.18870192307692307 0.7355769230769231 0.09495192307692307 0.05889423076923077
1 0.7620192307692307 0.8557692307692307 0.17307692307692307 0.06129807692307692
1 0.5685096153846154 0.8942307692307693 0.12379807692307693 0.057692307692307696
1 0.8725961538461539 0.8040865384615384 0.12379807692307693 0.055288461538461536
1 0.7487980769230769 0.9254807692307693 0.16105769230769232 0.05048076923076923
1 0.6346153846153846 0.7487980769230769 0.20192307692307693 0.046875
1 0.9375 0.5877403846153846 0.12139423076923077 0.12379807692307693