0 0.42908653846153844 0.3954326923076923 0.8581730769230769 0.6153846153846154
0 0.5456730769230769 0.4879807692307692 0.6947115384615384 0.4170673076923077
0 0.38221153846153844 0.7584134615384616 0.17067307692307693 0.18389423076923078
0 0.12860576923076922 0.3894230769230769 0.25721153846153844 0.15625
0 0.9615384615384616 0.6658653846153846 0.07451923076923077 0.125
4 0.4879807692307692 0.8377403846153846 0.13581730769230768 0.10096153846153846
0 0.9074519230769231 0.7872596153846154 0.05889423076923077 0.10096153846153846
0 0.5733173076923077 0.6754807692307693 0.055288461538461536 0.0985576923076923
0 0.014423076923076924 0.3293269230769231 0.027644230769230768 0.09735576923076923
0 0.5757211538461539 0.71875 0.09975961538461539 0.08413461538461539
0 0.8245192307692307 0.7884615384615384 0.09495192307692307 0.06610576923076923
0 0.8161057692307693 0.7403846153846154 0.09014423076923077 0.06370192307692307
0 0.3389423076923077 0.6598557692307693 0.13221153846153846 0.051682692307692304
0 0.9927884615384616 0.7716346153846154 0.01201923076923077 0.05048076923076923
0 0.19831730769230768 0.19591346153846154 0.39663461538461536 0.23557692307692307