1 0.4362980769230769 0.06850961538461539 0.0985576923076923 0.042067307692307696
1 0.5324519230769231 0.23197115384615385 0.0889423076923077 0.052884615384615384
1 0.6658653846153846 0.22716346153846154 0.12379807692307693 0.055288461538461536
1 0.6370192307692307 0.39783653846153844 0.1466346153846154 0.07451923076923077
1 0.5120192307692307 0.3605769230769231 0.09495192307692307 0.036057692307692304
1 0.24158653846153846 0.38100961538461536 0.11298076923076923 0.06850961538461539
1 0.4543269230769231 0.46033653846153844 0.08413461538461539 0.03245192307692308
1 0.06129807692307692 0.4495192307692308 0.11899038461538461 0.055288461538461536
1 0.0889423076923077 0.5528846153846154 0.11057692307692307 0.04326923076923077
1 0.11899038461538461 0.24519230769230768 0.12620192307692307 0.057692307692307696
1 0.7572115384615384 0.8209134615384616 0.0985576923076923 0.056490384615384616
1 0.5504807692307693 0.7620192307692307 0.09375 0.03245192307692308
1 0.13701923076923078 0.9110576923076923 0.07211538461538461 0.051682692307692304
1 0.9567307692307693 0.9134615384615384 0.08413461538461539 0.057692307692307696
1 0.04447115384615385 0.6237980769230769 0.08774038461538461 0.038461538461538464