6 0.4567307692307692 0.734375 0.21514423076923078 0.10576923076923077
0 0.3762019230769231 0.08774038461538461 0.0829326923076923 0.08653846153846154
4 0.4098557692307692 0.22596153846153846 0.18269230769230768 0.0673076923076923
0 0.3112980769230769 0.20552884615384615 0.06610576923076923 0.06129807692307692
4 0.8245192307692307 0.3389423076923077 0.06610576923076923 0.051682692307692304
0 0.06971153846153846 0.08533653846153846 0.10096153846153846 0.052884615384615384
4 0.27524038461538464 0.14182692307692307 0.18629807692307693 0.052884615384615384
0 0.03245192307692308 0.10697115384615384 0.025240384615384616 0.04567307692307692
0 0.11778846153846154 0.12620192307692307 0.109375 0.04807692307692308
4 0.7487980769230769 0.36778846153846156 0.07932692307692307 0.046875
4 0.59375 0.3629807692307692 0.06129807692307692 0.04567307692307692
6 0.859375 0.5625 0.12379807692307693 0.046875
4 0.5348557692307693 0.5012019230769231 0.20673076923076922 0.04807692307692308
0 0.16706730769230768 0.18629807692307693 0.09975961538461539 0.042067307692307696
0 0.6935096153846154 0.20432692307692307 0.10576923076923077 0.038461538461538464
0 0.5492788461538461 0.21995192307692307 0.09254807692307693 0.036057692307692304
0 0.36538461538461536 0.2091346153846154 0.07211538461538461 0.03245192307692308
0 0.27283653846153844 0.17668269230769232 0.09375 0.03245192307692308
0 0.6069711538461539 0.27524038461538464 0.08413461538461539 0.03245192307692308
4 0.35697115384615385 0.4387019230769231 0.109375 0.03245192307692308
0 0.7379807692307693 0.2644230769230769 0.09254807692307693 0.03125
0 0.7836538461538461 0.21394230769230768 0.09375 0.03125
0 0.8329326923076923 0.23918269230769232 0.1045673076923077 0.03125
0 0.5612980769230769 0.2512019230769231 0.08653846153846154 0.030048076923076924
0 0.40865384615384615 0.18629807692307693 0.0733173076923077 0.027644230769230768
0 0.6418269230769231 0.25240384615384615 0.06370192307692307 0.026442307692307692
0 0.8978365384615384 0.23557692307692307 0.07451923076923077 0.026442307692307692
0 0.6550480769230769 0.24278846153846154 0.06370192307692307 0.026442307692307692
0 0.8269230769230769 0.25961538461538464 0.08774038461538461 0.026442307692307692
0 0.6887019230769231 0.2283653846153846 0.0733173076923077 0.025240384615384616
0 0.9302884615384616 0.38461538461538464 0.036057692307692304 0.020432692307692308
0 0.8894230769230769 0.3762019230769231 0.01201923076923077 0.01201923076923077
0 0.9723557692307693 0.3858173076923077 0.010817307692307692 0.01201923076923077