0 0.6802884615384616 0.6081730769230769 0.34975961538461536 0.1778846153846154
0 0.43509615384615385 0.5576923076923077 0.3245192307692308 0.1658653846153846
0 0.5096153846153846 0.3088942307692308 0.18269230769230768 0.15144230769230768
0 0.46033653846153844 0.41586538461538464 0.21514423076923078 0.14903846153846154
0 0.15504807692307693 0.6213942307692307 0.2091346153846154 0.13942307692307693
0 0.9423076923076923 0.5324519230769231 0.11298076923076923 0.13701923076923078
0 0.7560096153846154 0.46634615384615385 0.140625 0.12860576923076922
0 0.6814903846153846 0.3870192307692308 0.17548076923076922 0.1201923076923077
0 0.1502403846153846 0.3401442307692308 0.19230769230769232 0.12139423076923077
0 0.2704326923076923 0.32211538461538464 0.15144230769230768 0.11899038461538461
0 0.9230769230769231 0.4387019230769231 0.1502403846153846 0.12139423076923077
0 0.19831730769230768 0.4483173076923077 0.2512019230769231 0.11538461538461539
0 0.06370192307692307 0.32211538461538464 0.11778846153846154 0.10576923076923077
0 0.14182692307692307 0.5168269230769231 0.22355769230769232 0.10576923076923077
0 0.7800480769230769 0.29086538461538464 0.11538461538461539 0.10096153846153846
0 0.42788461538461536 0.28125 0.15504807692307693 0.10336538461538461
4 0.9459134615384616 0.12379807692307693 0.1045673076923077 0.09014423076923077
0 0.6153846153846154 0.054086538461538464 0.0985576923076923 0.046875
0 0.11538461538461539 0.01201923076923077 0.10576923076923077 0.02403846153846154
0 0.37740384615384615 0.03485576923076923 0.052884615384615384 0.027644230769230768