0 0.7620192307692307 0.2403846153846154 0.18389423076923078 0.05048076923076923
0 0.8341346153846154 0.2091346153846154 0.11057692307692307 0.042067307692307696
0 0.7067307692307693 0.08052884615384616 0.09375 0.04326923076923077
0 0.6850961538461539 0.040865384615384616 0.10576923076923077 0.03485576923076923
0 0.8677884615384616 0.08173076923076923 0.09254807692307693 0.03245192307692308
0 0.9290865384615384 0.17307692307692307 0.07451923076923077 0.037259615384615384
0 0.16947115384615385 0.24278846153846154 0.14182692307692307 0.057692307692307696
0 0.3713942307692308 0.2512019230769231 0.17548076923076922 0.08653846153846154
0 0.3918269230769231 0.25600961538461536 0.125 0.056490384615384616
0 0.5300480769230769 0.25 0.1045673076923077 0.0625
0 0.06129807692307692 0.5793269230769231 0.11538461538461539 0.08173076923076923
0 0.9290865384615384 0.23317307692307693 0.140625 0.052884615384615384
0 0.9507211538461539 0.25961538461538464 0.09735576923076923 0.03245192307692308
0 0.8341346153846154 0.31850961538461536 0.09014423076923077 0.040865384615384616
0 0.8161057692307693 0.31971153846153844 0.037259615384615384 0.055288461538461536
0 0.39302884615384615 0.2091346153846154 0.056490384615384616 0.025240384615384616
0 0.2247596153846154 0.24759615384615385 0.06971153846153846 0.05048076923076923
0 0.5252403846153846 0.18389423076923078 0.020432692307692308 0.009615384615384616
0 0.46153846153846156 0.18870192307692307 0.019230769230769232 0.009615384615384616
0 0.2536057692307692 0.1141826923076923 0.027644230769230768 0.01201923076923077
0 0.9254807692307693 0.4483173076923077 0.140625 0.09735576923076923
0 0.7403846153846154 0.41346153846153844 0.16346153846153846 0.09975961538461539
0 0.4411057692307692 0.4206730769230769 0.13581730769230768 0.09495192307692307
0 0.31850961538461536 0.5108173076923077 0.14543269230769232 0.09254807692307693
0 0.25600961538461536 0.5564903846153846 0.1346153846153846 0.08653846153846154
0 0.5132211538461539 0.6394230769230769 0.1971153846153846 0.11298076923076923
0 0.47596153846153844 0.5528846153846154 0.07211538461538461 0.10336538461538461
0 0.5180288461538461 0.5324519230769231 0.078125 0.10096153846153846
0 0.5949519230769231 0.49759615384615385 0.109375 0.09254807692307693
0 0.6658653846153846 0.5745192307692307 0.09735576923076923 0.0829326923076923
0 0.6923076923076923 0.46033653846153844 0.12379807692307693 0.08173076923076923
0 0.7536057692307693 0.5300480769230769 0.14182692307692307 0.09495192307692307
0 0.8233173076923077 0.4831730769230769 0.16346153846153846 0.11057692307692307
0 0.8341346153846154 0.5625 0.14423076923076922 0.08173076923076923
0 0.8245192307692307 0.6201923076923077 0.140625 0.078125
0 0.9519230769230769 0.5384615384615384 0.09375 0.09014423076923077
0 0.9182692307692307 0.5973557692307693 0.125 0.09495192307692307