0 0.12379807692307693 0.6430288461538461 0.12860576923076922 0.08774038461538461
0 0.038461538461538464 0.5901442307692307 0.0673076923076923 0.078125
0 0.3293269230769231 0.6237980769230769 0.1310096153846154 0.06370192307692307
0 0.1935096153846154 0.25721153846153844 0.12620192307692307 0.0625
0 0.24639423076923078 0.20192307692307693 0.1502403846153846 0.06370192307692307
0 0.06009615384615385 0.32091346153846156 0.1201923076923077 0.06129807692307692
0 0.5528846153846154 0.4495192307692308 0.0829326923076923 0.040865384615384616
0 0.4567307692307692 0.49158653846153844 0.08413461538461539 0.03485576923076923
0 0.5324519230769231 0.41466346153846156 0.06370192307692307 0.030048076923076924
0 0.43149038461538464 0.4110576923076923 0.03485576923076923 0.010817307692307692
6 0.578125 0.3737980769230769 0.4074519230769231 0.12379807692307693