0 0.7512019230769231 0.109375 0.15144230769230768 0.18389423076923078
0 0.6971153846153846 0.27524038461538464 0.27403846153846156 0.12620192307692307
4 0.5348557692307693 0.5348557692307693 0.3473557692307692 0.12379807692307693
0 0.8870192307692307 0.43149038461538464 0.07692307692307693 0.09014423076923077
0 0.10576923076923077 0.33533653846153844 0.21153846153846154 0.0889423076923077
0 0.9350961538461539 0.36177884615384615 0.125 0.08413461538461539
4 0.6021634615384616 0.6334134615384616 0.2439903846153846 0.07451923076923077
0 0.04567307692307692 0.453125 0.09014423076923077 0.05889423076923077
0 0.9723557692307693 0.43028846153846156 0.055288461538461536 0.057692307692307696
0 0.359375 0.36538461538461536 0.16826923076923078 0.051682692307692304
0 0.6057692307692307 0.3629807692307692 0.15625 0.05048076923076923
0 0.7512019230769231 0.4182692307692308 0.1622596153846154 0.04807692307692308
0 0.8798076923076923 0.4411057692307692 0.14423076923076922 0.04807692307692308
0 0.5769230769230769 0.4254807692307692 0.15504807692307693 0.04807692307692308
0 0.18028846153846154 0.39783653846153844 0.17548076923076922 0.046875
0 0.15985576923076922 0.375 0.13221153846153846 0.04567307692307692
0 0.28966346153846156 0.3942307692307692 0.12860576923076922 0.04326923076923077
0 0.37259615384615385 0.18990384615384615 0.35096153846153844 0.13581730769230768