4 0.4266826923076923 0.5216346153846154 0.28125 0.1502403846153846
0 0.9471153846153846 0.30408653846153844 0.10096153846153846 0.13942307692307693
4 0.2668269230769231 0.9495192307692307 0.27524038461538464 0.0985576923076923
6 0.7271634615384616 0.41586538461538464 0.06610576923076923 0.09375
0 0.7716346153846154 0.5 0.06850961538461539 0.09014423076923077
0 0.5625 0.8990384615384616 0.20673076923076922 0.08413461538461539
0 0.9747596153846154 0.41346153846153844 0.04807692307692308 0.08173076923076923
0 0.9543269230769231 0.5384615384615384 0.0889423076923077 0.0733173076923077
0 0.7247596153846154 0.4963942307692308 0.04567307692307692 0.06850961538461539
0 0.6550480769230769 0.5528846153846154 0.040865384615384616 0.06850961538461539
4 0.5697115384615384 0.8161057692307693 0.1310096153846154 0.06610576923076923
0 0.8605769230769231 0.5504807692307693 0.0985576923076923 0.06610576923076923
0 0.6322115384615384 0.48677884615384615 0.06370192307692307 0.06370192307692307
4 0.8293269230769231 0.7271634615384616 0.22235576923076922 0.056490384615384616
0 0.9615384615384616 0.5997596153846154 0.07451923076923077 0.04567307692307692
0 0.9230769230769231 0.5600961538461539 0.10576923076923077 0.040865384615384616