0 0.6298076923076923 0.21153846153846154 0.4987980769230769 0.375
0 0.40625 0.6033653846153846 0.2439903846153846 0.2512019230769231
0 0.13942307692307693 0.78125 0.2548076923076923 0.20793269230769232
0 0.28846153846153844 0.40865384615384615 0.14182692307692307 0.20432692307692307
0 0.9266826923076923 0.7019230769230769 0.05048076923076923 0.078125
0 0.6081730769230769 0.6658653846153846 0.06129807692307692 0.06971153846153846
0 0.7355769230769231 0.6526442307692307 0.07451923076923077 0.0673076923076923
0 0.9735576923076923 0.7824519230769231 0.042067307692307696 0.05889423076923077
0 0.5276442307692307 0.6971153846153846 0.07451923076923077 0.056490384615384616
0 0.7019230769230769 0.7199519230769231 0.09495192307692307 0.056490384615384616
0 0.8497596153846154 0.7115384615384616 0.0889423076923077 0.040865384615384616
0 0.6838942307692307 0.6454326923076923 0.05889423076923077 0.038461538461538464
0 0.9254807692307693 0.7235576923076923 0.10576923076923077 0.040865384615384616
0 0.9627403846153846 0.7824519230769231 0.0625 0.042067307692307696