4 0.5552884615384616 0.6394230769230769 0.7403846153846154 0.32211538461538464
4 0.5564903846153846 0.35336538461538464 0.7620192307692307 0.28846153846153844
0 0.7632211538461539 0.8557692307692307 0.22956730769230768 0.12860576923076922
0 0.7115384615384616 0.6033653846153846 0.12139423076923077 0.08653846153846154
0 0.1045673076923077 0.21514423076923078 0.2091346153846154 0.08774038461538461
4 0.375 0.49038461538461536 0.12860576923076922 0.07692307692307693
0 0.5036057692307693 0.2536057692307692 0.19471153846153846 0.078125
0 0.21033653846153846 0.21153846153846154 0.11778846153846154 0.0673076923076923
0 0.9350961538461539 0.23557692307692307 0.09014423076923077 0.06370192307692307
0 0.4206730769230769 0.19951923076923078 0.1778846153846154 0.07211538461538461
0 0.5480769230769231 0.18629807692307693 0.12620192307692307 0.06370192307692307
0 0.3076923076923077 0.24879807692307693 0.20673076923076922 0.06971153846153846
0 0.5973557692307693 0.23076923076923078 0.1346153846153846 0.057692307692307696
0 0.3737980769230769 0.16826923076923078 0.16706730769230768 0.057692307692307696
0 0.04927884615384615 0.12259615384615384 0.0985576923076923 0.057692307692307696
0 0.640625 0.3233173076923077 0.171875 0.056490384615384616