2 0.6862980769230769 0.5817307692307693 0.06971153846153846 0.08774038461538461
2 0.5516826923076923 0.5841346153846154 0.078125 0.08173076923076923
2 0.7704326923076923 0.5913461538461539 0.06850961538461539 0.08173076923076923
2 0.4182692307692308 0.5685096153846154 0.0673076923076923 0.07211538461538461
2 0.10336538461538461 0.7355769230769231 0.18870192307692307 0.07451923076923077
2 0.22115384615384615 0.5324519230769231 0.057692307692307696 0.06370192307692307
2 0.0673076923076923 0.5276442307692307 0.055288461538461536 0.06370192307692307
2 0.17427884615384615 0.5396634615384616 0.06370192307692307 0.06370192307692307
2 0.875 0.5649038461538461 0.057692307692307696 0.06370192307692307
2 0.3605769230769231 0.5685096153846154 0.07211538461538461 0.0625
2 0.4098557692307692 0.7355769230769231 0.24879807692307693 0.05889423076923077
2 0.9483173076923077 0.546875 0.056490384615384616 0.04807692307692308
2 0.021634615384615384 0.5252403846153846 0.04326923076923077 0.046875
2 0.13701923076923078 0.5408653846153846 0.05048076923076923 0.042067307692307696
2 0.10216346153846154 0.5348557692307693 0.026442307692307692 0.03245192307692308
2 0.2620192307692308 0.5564903846153846 0.0673076923076923 0.026442307692307692
2 0.9591346153846154 0.4879807692307692 0.037259615384615384 0.042067307692307696