0 0.32091346153846156 0.07572115384615384 0.15504807692307693 0.15144230769230768
0 0.18990384615384615 0.06490384615384616 0.10096153846153846 0.12980769230769232
0 0.5480769230769231 0.1622596153846154 0.18028846153846154 0.16706730769230768
4 0.5913461538461539 0.5324519230769231 0.16105769230769232 0.16105769230769232
0 0.19471153846153846 0.2644230769230769 0.07692307692307693 0.08774038461538461
4 0.3088942307692308 0.6117788461538461 0.1201923076923077 0.08413461538461539
0 0.30288461538461536 0.36899038461538464 0.1141826923076923 0.07692307692307693
0 0.05048076923076923 0.36658653846153844 0.08173076923076923 0.0733173076923077
0 0.015625 0.42788461538461536 0.027644230769230768 0.0625
0 0.07692307692307693 0.29086538461538464 0.12139423076923077 0.0625
0 0.3894230769230769 0.3401442307692308 0.1814903846153846 0.0625
0 0.09615384615384616 0.41947115384615385 0.078125 0.05889423076923077
0 0.028846153846153848 0.3581730769230769 0.05048076923076923 0.055288461538461536
0 0.13581730769230768 0.3425480769230769 0.09735576923076923 0.046875
0 0.24278846153846154 0.28365384615384615 0.1045673076923077 0.040865384615384616
0 0.27884615384615385 0.2512019230769231 0.08774038461538461 0.038461538461538464