3 0.4807692307692308 0.3293269230769231 0.09735576923076923 0.08774038461538461
3 0.6201923076923077 0.3269230769230769 0.06370192307692307 0.08653846153846154
3 0.6862980769230769 0.3245192307692308 0.06610576923076923 0.08653846153846154
3 0.2980769230769231 0.29086538461538464 0.07692307692307693 0.06850961538461539
3 0.9122596153846154 0.39663461538461536 0.08173076923076923 0.06370192307692307
3 0.5300480769230769 0.31971153846153844 0.057692307692307696 0.06129807692307692
3 0.6778846153846154 0.20192307692307693 0.055288461538461536 0.05889423076923077
3 0.7259615384615384 0.203125 0.046875 0.055288461538461536
3 0.07692307692307693 0.32091346153846156 0.04567307692307692 0.055288461538461536
3 0.9098557692307693 0.03485576923076923 0.0673076923076923 0.04567307692307692
3 0.014423076923076924 0.3112980769230769 0.028846153846153848 0.036057692307692304
3 0.23677884615384615 0.45913461538461536 0.2800480769230769 0.07451923076923077