4 0.15985576923076922 0.23557692307692307 0.0889423076923077 0.17067307692307693
4 0.47596153846153844 0.06850961538461539 0.125 0.10576923076923077
4 0.2644230769230769 0.5432692307692307 0.10096153846153846 0.09375
0 0.3762019230769231 0.7956730769230769 0.036057692307692304 0.06370192307692307
0 0.16706730769230768 0.9074519230769231 0.03125 0.05889423076923077
0 0.4182692307692308 0.4675480769230769 0.025240384615384616 0.052884615384615384
0 0.6346153846153846 0.6862980769230769 0.019230769230769232 0.04807692307692308
0 0.20432692307692307 0.6322115384615384 0.02403846153846154 0.040865384615384616
0 0.17067307692307693 0.5973557692307693 0.021634615384615384 0.03485576923076923
0 0.6526442307692307 0.78125 0.016826923076923076 0.030048076923076924
0 0.5637019230769231 0.6995192307692307 0.027644230769230768 0.030048076923076924
0 0.3112980769230769 0.8341346153846154 0.036057692307692304 0.030048076923076924
0 0.31850961538461536 0.3004807692307692 0.01201923076923077 0.027644230769230768
0 0.3088942307692308 0.39663461538461536 0.01201923076923077 0.027644230769230768
0 0.23317307692307693 0.625 0.016826923076923076 0.027644230769230768
0 0.28846153846153844 0.3245192307692308 0.014423076923076924 0.020432692307692308
0 0.32211538461538464 0.21394230769230768 0.01201923076923077 0.019230769230769232
0 0.21634615384615385 0.8810096153846154 0.03245192307692308 0.019230769230769232
0 0.13221153846153846 0.13341346153846154 0.006009615384615385 0.01201923076923077
0 0.5853365384615384 0.6838942307692307 0.021634615384615384 0.01201923076923077
4 0.5216346153846154 0.6490384615384616 0.07692307692307693 0.1935096153846154