4 0.9134615384615384 0.44471153846153844 0.17067307692307693 0.109375
0 0.08774038461538461 0.28966346153846156 0.1502403846153846 0.10096153846153846
4 0.8533653846153846 0.6370192307692307 0.27524038461538464 0.10576923076923077
0 0.11778846153846154 0.8810096153846154 0.09254807692307693 0.08774038461538461
4 0.12139423076923077 0.5853365384615384 0.20793269230769232 0.09495192307692307
0 0.27524038461538464 0.3605769230769231 0.18870192307692307 0.07211538461538461
0 0.34975961538461536 0.3449519230769231 0.19831730769230768 0.07211538461538461
0 0.48677884615384615 0.4879807692307692 0.1201923076923077 0.05889423076923077
0 0.31850961538461536 0.5384615384615384 0.19471153846153846 0.06610576923076923
0 0.052884615384615384 0.4206730769230769 0.0985576923076923 0.057692307692307696
0 0.4206730769230769 0.4110576923076923 0.1658653846153846 0.06129807692307692
0 0.3870192307692308 0.47115384615384615 0.14903846153846154 0.057692307692307696
0 0.2283653846153846 0.4026442307692308 0.140625 0.051682692307692304
0 0.15144230769230768 0.4182692307692308 0.12139423076923077 0.05048076923076923
0 0.4855769230769231 0.4362980769230769 0.0889423076923077 0.04567307692307692
4 0.6802884615384616 0.7223557692307693 0.3173076923076923 0.14423076923076922