0 0.5492788461538461 0.5072115384615384 0.14423076923076922 0.06129807692307692
0 0.9579326923076923 0.5552884615384616 0.0829326923076923 0.07211538461538461
0 0.38461538461538464 0.32211538461538464 0.13942307692307693 0.06370192307692307
0 0.7463942307692307 0.24879807692307693 0.15985576923076922 0.07211538461538461
0 0.47115384615384615 0.20552884615384615 0.125 0.06129807692307692
0 0.2704326923076923 0.21153846153846154 0.10096153846153846 0.05048076923076923
0 0.3269230769230769 0.22596153846153846 0.06971153846153846 0.056490384615384616
0 0.23317307692307693 0.23317307692307693 0.07211538461538461 0.05048076923076923
0 0.7920673076923077 0.11177884615384616 0.09735576923076923 0.036057692307692304
0 0.23677884615384615 0.12379807692307693 0.06129807692307692 0.042067307692307696
0 0.7848557692307693 0.0625 0.09375 0.036057692307692304
0 0.7151442307692307 0.030048076923076924 0.06971153846153846 0.04567307692307692
0 0.3425480769230769 0.41225961538461536 0.078125 0.07692307692307693
0 0.38461538461538464 0.1875 0.06971153846153846 0.04807692307692308
0 0.5192307692307693 0.11298076923076923 0.057692307692307696 0.04807692307692308
0 0.9771634615384616 0.13221153846153846 0.042067307692307696 0.1045673076923077