4 0.7524038461538461 0.7067307692307693 0.234375 0.234375
4 0.4206730769230769 0.32091346153846156 0.09014423076923077 0.1310096153846154
0 0.5276442307692307 0.4026442307692308 0.03125 0.0733173076923077
0 0.5504807692307693 0.4254807692307692 0.03125 0.06370192307692307
0 0.5637019230769231 0.375 0.040865384615384616 0.06129807692307692
0 0.5925480769230769 0.4483173076923077 0.05048076923076923 0.05889423076923077
0 0.25600961538461536 0.1971153846153846 0.030048076923076924 0.055288461538461536
0 0.5973557692307693 0.4987980769230769 0.07451923076923077 0.056490384615384616
0 0.5793269230769231 0.33774038461538464 0.051682692307692304 0.05048076923076923
0 0.5084134615384616 0.2848557692307692 0.027644230769230768 0.04807692307692308
0 0.6598557692307693 0.41466346153846156 0.030048076923076924 0.04567307692307692
0 0.8173076923076923 0.3641826923076923 0.04326923076923077 0.04326923076923077
0 0.5612980769230769 0.23317307692307693 0.016826923076923076 0.027644230769230768
0 0.6706730769230769 0.49038461538461536 0.016826923076923076 0.02403846153846154
0 0.7403846153846154 0.4182692307692308 0.01201923076923077 0.021634615384615384
0 0.7199519230769231 0.4266826923076923 0.025240384615384616 0.015625
0 0.42427884615384615 0.4963942307692308 0.0829326923076923 0.051682692307692304