6 0.6742788461538461 0.6105769230769231 0.3125 0.3269230769230769
0 0.015625 0.0625 0.03125 0.09375
0 0.2512019230769231 0.8581730769230769 0.03485576923076923 0.06850961538461539
0 0.78125 0.025240384615384616 0.038461538461538464 0.05048076923076923
0 0.7367788461538461 0.04567307692307692 0.03245192307692308 0.057692307692307696
0 0.6177884615384616 0.003605769230769231 0.07692307692307693 0.007211538461538462
0 0.6634615384615384 0.34134615384615385 0.021634615384615384 0.04326923076923077
0 0.8401442307692307 0.030048076923076924 0.040865384615384616 0.037259615384615384
0 0.7800480769230769 0.08173076923076923 0.019230769230769232 0.03485576923076923
0 0.5540865384615384 0.17548076923076922 0.06370192307692307 0.030048076923076924
0 0.09735576923076923 0.26322115384615385 0.06129807692307692 0.026442307692307692
0 0.6021634615384616 0.140625 0.027644230769230768 0.025240384615384616
0 0.6141826923076923 0.10096153846153846 0.026442307692307692 0.025240384615384616
0 0.5685096153846154 0.07572115384615384 0.06129807692307692 0.021634615384615384
0 0.421875 0.41346153846153844 0.040865384615384616 0.020432692307692308
0 0.875 0.1201923076923077 0.036057692307692304 0.016826923076923076
0 0.44711538461538464 0.2536057692307692 0.016826923076923076 0.015625