2 0.3786057692307692 0.47475961538461536 0.3605769230769231 0.15985576923076922
2 0.9651442307692307 0.2127403846153846 0.04567307692307692 0.13581730769230768
2 0.8894230769230769 0.10817307692307693 0.10817307692307693 0.10096153846153846
2 0.15384615384615385 0.1875 0.0829326923076923 0.09495192307692307
2 0.47596153846153844 0.1310096153846154 0.05889423076923077 0.07451923076923077
2 0.9699519230769231 0.109375 0.021634615384615384 0.07692307692307693
2 0.7896634615384616 0.11778846153846154 0.055288461538461536 0.0625
2 0.5372596153846154 0.13822115384615385 0.05048076923076923 0.0625
2 0.10096153846153846 0.17307692307692307 0.06610576923076923 0.0625
2 0.6526442307692307 0.08413461538461539 0.030048076923076924 0.05048076923076923
2 0.6225961538461539 0.0985576923076923 0.037259615384615384 0.04807692307692308
2 0.5228365384615384 0.0625 0.042067307692307696 0.042067307692307696
2 0.6947115384615384 0.13701923076923078 0.06971153846153846 0.040865384615384616
2 0.35096153846153844 0.14543269230769232 0.03245192307692308 0.025240384615384616