1 0.7175480769230769 0.08173076923076923 0.2439903846153846 0.16346153846153846
1 0.6766826923076923 0.42427884615384615 0.23076923076923078 0.14903846153846154
1 0.31850961538461536 0.625 0.11778846153846154 0.1466346153846154
1 0.7776442307692307 0.9206730769230769 0.234375 0.1466346153846154
1 0.8942307692307693 0.90625 0.1466346153846154 0.11057692307692307
1 0.9447115384615384 0.6298076923076923 0.10817307692307693 0.10576923076923077
1 0.5060096153846154 0.4675480769230769 0.2091346153846154 0.10576923076923077
1 0.6935096153846154 0.6189903846153846 0.12620192307692307 0.10336538461538461
1 0.9435096153846154 0.41586538461538464 0.11298076923076923 0.10096153846153846
1 0.8028846153846154 0.5384615384615384 0.1622596153846154 0.10096153846153846
1 0.8004807692307693 0.23317307692307693 0.1346153846153846 0.09735576923076923
1 0.5456730769230769 0.7776442307692307 0.19951923076923078 0.09254807692307693
1 0.6574519230769231 0.8617788461538461 0.20673076923076922 0.09014423076923077
1 0.04927884615384615 0.6153846153846154 0.0985576923076923 0.0889423076923077
1 0.5709134615384616 0.6153846153846154 0.12980769230769232 0.07451923076923077
1 0.6358173076923077 0.9447115384615384 0.15504807692307693 0.06971153846153846
1 0.7175480769230769 0.29927884615384615 0.17668269230769232 0.06850961538461539
1 0.6057692307692307 0.5240384615384616 0.1814903846153846 0.0673076923076923
1 0.3557692307692308 0.8942307692307693 0.16826923076923078 0.06370192307692307
1 0.35096153846153844 0.4639423076923077 0.125 0.0625
1 0.3004807692307692 0.9807692307692307 0.1502403846153846 0.036057692307692304
1 0.026442307692307692 0.9639423076923077 0.052884615384615384 0.06971153846153846