1 0.9158653846153846 0.1935096153846154 0.16346153846153846 0.13942307692307693
1 0.8425480769230769 0.7355769230769231 0.15144230769230768 0.12980769230769232
1 0.19951923076923078 0.4519230769230769 0.14903846153846154 0.11538461538461539
1 0.9254807692307693 0.4579326923076923 0.14543269230769232 0.10576923076923077
1 0.5552884615384616 0.7091346153846154 0.17067307692307693 0.10096153846153846
1 0.703125 0.8786057692307693 0.09495192307692307 0.09495192307692307
1 0.8846153846153846 0.5276442307692307 0.14543269230769232 0.09375
1 0.5793269230769231 0.5384615384615384 0.12620192307692307 0.09014423076923077
1 0.09735576923076923 0.24639423076923078 0.15625 0.09254807692307693
1 0.5084134615384616 0.8713942307692307 0.140625 0.0829326923076923
1 0.3629807692307692 0.9206730769230769 0.11538461538461539 0.07692307692307693
1 0.8209134615384616 0.9471153846153846 0.1502403846153846 0.07932692307692307
1 0.4807692307692308 0.5276442307692307 0.14543269230769232 0.0733173076923077
1 0.6802884615384616 0.5709134615384616 0.13581730769230768 0.0625
1 0.36899038461538464 0.5288461538461539 0.1201923076923077 0.055288461538461536