0 0.35096153846153844 0.4182692307692308 0.43149038461538464 0.23557692307692307
0 0.7091346153846154 0.39663461538461536 0.2512019230769231 0.22235576923076922
4 0.6057692307692307 0.6370192307692307 0.2956730769230769 0.13942307692307693
0 0.27163461538461536 0.3317307692307692 0.20793269230769232 0.13701923076923078
0 0.07692307692307693 0.8401442307692307 0.10576923076923077 0.125
0 0.20432692307692307 0.5745192307692307 0.0889423076923077 0.09975961538461539
0 0.15264423076923078 0.44711538461538464 0.07211538461538461 0.0985576923076923
0 0.04326923076923077 0.6550480769230769 0.078125 0.0829326923076923
0 0.10096153846153846 0.6358173076923077 0.11538461538461539 0.07692307692307693
0 0.1045673076923077 0.7680288461538461 0.19230769230769232 0.07451923076923077
0 0.16947115384615385 0.6911057692307693 0.09254807692307693 0.0673076923076923
4 0.6201923076923077 0.13942307692307693 0.4651442307692308 0.2776442307692308