0 0.4338942307692308 0.3918269230769231 0.8677884615384616 0.6418269230769231
0 0.5552884615384616 0.47475961538461536 0.6923076923076923 0.4375
0 0.4098557692307692 0.7439903846153846 0.17307692307692307 0.18629807692307693
0 0.13701923076923078 0.39903846153846156 0.27403846153846156 0.16826923076923078
0 0.9627403846153846 0.6237980769230769 0.06971153846153846 0.12139423076923077
4 0.515625 0.8161057692307693 0.13701923076923078 0.10576923076923077
0 0.9194711538461539 0.7439903846153846 0.0625 0.09975961538461539
0 0.5901442307692307 0.6550480769230769 0.057692307692307696 0.0985576923076923
0 0.02403846153846154 0.3485576923076923 0.04807692307692308 0.09735576923076923
0 0.5949519230769231 0.6959134615384616 0.09975961538461539 0.08653846153846154
0 0.8389423076923077 0.75 0.09495192307692307 0.0673076923076923
0 0.8293269230769231 0.7043269230769231 0.09014423076923077 0.06610576923076923
0 0.3629807692307692 0.6502403846153846 0.12980769230769232 0.057692307692307696
0 0.9963942307692307 0.7271634615384616 0.004807692307692308 0.051682692307692304
0 0.20072115384615385 0.21033653846153846 0.4014423076923077 0.2512019230769231