6 0.5132211538461539 0.16105769230769232 0.0985576923076923 0.21514423076923078
0 0.025240384615384616 0.35697115384615385 0.05048076923076923 0.12740384615384615
0 0.25721153846153844 0.3401442307692308 0.025240384615384616 0.0889423076923077
0 0.6911057692307693 0.34134615384615385 0.02403846153846154 0.08413461538461539
0 0.41225961538461536 0.2091346153846154 0.021634615384615384 0.06850961538461539
0 0.7524038461538461 0.8112980769230769 0.03245192307692308 0.055288461538461536
0 0.020432692307692308 0.46875 0.015625 0.052884615384615384
0 0.40384615384615385 0.9230769230769231 0.020432692307692308 0.042067307692307696
0 0.8016826923076923 0.8870192307692307 0.03125 0.040865384615384616
0 0.19471153846153846 0.9362980769230769 0.015625 0.037259615384615384
0 0.22115384615384615 0.5564903846153846 0.03485576923076923 0.037259615384615384
0 0.025240384615384616 0.9338942307692307 0.020432692307692308 0.036057692307692304
0 0.09735576923076923 0.9855769230769231 0.021634615384615384 0.026442307692307692
0 0.42788461538461536 0.41225961538461536 0.01201923076923077 0.03485576923076923
0 0.15745192307692307 0.9098557692307693 0.015625 0.03485576923076923
0 0.5865384615384616 0.3137019230769231 0.006009615384615385 0.027644230769230768
0 0.4831730769230769 0.33653846153846156 0.015625 0.025240384615384616
0 0.36778846153846156 0.84375 0.01201923076923077 0.020432692307692308
0 0.4362980769230769 0.3545673076923077 0.010817307692307692 0.019230769230769232
0 0.38461538461538464 0.9182692307692307 0.016826923076923076 0.019230769230769232
0 0.5697115384615384 0.39663461538461536 0.009615384615384616 0.010817307692307692
6 0.6995192307692307 0.49399038461538464 0.0733173076923077 0.21995192307692307