2 0.2920673076923077 0.5793269230769231 0.07211538461538461 0.08774038461538461
2 0.4230769230769231 0.5769230769230769 0.07932692307692307 0.08173076923076923
2 0.2091346153846154 0.5913461538461539 0.06971153846153846 0.08173076923076923
2 0.5528846153846154 0.5564903846153846 0.06850961538461539 0.07211538461538461
2 0.8653846153846154 0.7091346153846154 0.18629807692307693 0.07932692307692307
2 0.7439903846153846 0.5144230769230769 0.057692307692307696 0.06370192307692307
2 0.8942307692307693 0.5060096153846154 0.055288461538461536 0.06370192307692307
2 0.7896634615384616 0.5216346153846154 0.06610576923076923 0.06370192307692307
2 0.10576923076923077 0.5685096153846154 0.05889423076923077 0.06370192307692307
2 0.609375 0.5552884615384616 0.0733173076923077 0.06370192307692307
2 0.5661057692307693 0.7199519230769231 0.24278846153846154 0.0673076923076923
2 0.03485576923076923 0.5540865384615384 0.056490384615384616 0.04807692307692308
2 0.9411057692307693 0.5012019230769231 0.046875 0.04567307692307692
2 0.8269230769230769 0.5216346153846154 0.051682692307692304 0.042067307692307696
2 0.859375 0.5144230769230769 0.027644230769230768 0.03245192307692308
2 0.9879807692307693 0.5036057692307693 0.020432692307692308 0.03245192307692308
2 0.7043269230769231 0.5408653846153846 0.0673076923076923 0.027644230769230768
2 0.021634615384615384 0.4963942307692308 0.038461538461538464 0.042067307692307696