0 0.8125 0.08173076923076923 0.28725961538461536 0.16346153846153846
6 0.7391826923076923 0.6802884615384616 0.24639423076923078 0.1346153846153846
4 0.6959134615384616 0.49399038461538464 0.328125 0.1346153846153846
4 0.4387019230769231 0.5697115384615384 0.09254807692307693 0.10096153846153846
0 0.9002403846153846 0.20673076923076922 0.16346153846153846 0.0985576923076923
4 0.07451923076923077 0.5120192307692307 0.14903846153846154 0.0889423076923077
0 0.36177884615384615 0.8028846153846154 0.13701923076923078 0.0829326923076923
0 0.3605769230769231 0.7379807692307693 0.12379807692307693 0.0733173076923077
4 0.5889423076923077 0.47836538461538464 0.1935096153846154 0.06971153846153846
0 0.45913461538461536 0.31850961538461536 0.1310096153846154 0.05889423076923077
0 0.6370192307692307 0.3245192307692308 0.1466346153846154 0.05889423076923077
0 0.8365384615384616 0.33533653846153844 0.140625 0.057692307692307696
0 0.734375 0.33052884615384615 0.15745192307692307 0.055288461538461536
0 0.5240384615384616 0.38461538461538464 0.1141826923076923 0.05048076923076923
0 0.6875 0.04447115384615385 0.15144230769230768 0.052884615384615384
0 0.7704326923076923 0.36658653846153844 0.12860576923076922 0.042067307692307696
0 0.6574519230769231 0.3737980769230769 0.13221153846153846 0.055288461538461536