0 0.6887019230769231 0.09615384615384616 0.3293269230769231 0.13221153846153846
4 0.5685096153846154 0.4182692307692308 0.3918269230769231 0.11899038461538461
0 0.09254807692307693 0.17067307692307693 0.17307692307692307 0.08413461538461539
0 0.10576923076923077 0.2536057692307692 0.20673076923076922 0.0829326923076923
4 0.2800480769230769 0.5853365384615384 0.1814903846153846 0.06971153846153846
0 0.9435096153846154 0.2127403846153846 0.109375 0.06370192307692307
0 0.25240384615384615 0.6706730769230769 0.10336538461538461 0.057692307692307696
4 0.5120192307692307 0.6850961538461539 0.06129807692307692 0.037259615384615384
0 0.7079326923076923 0.46033653846153844 0.05048076923076923 0.03245192307692308
0 0.5240384615384616 0.3317307692307692 0.06850961538461539 0.030048076923076924
6 0.051682692307692304 0.7596153846153846 0.10336538461538461 0.03125
0 0.27524038461538464 0.4951923076923077 0.09735576923076923 0.027644230769230768
0 0.6454326923076923 0.5240384615384616 0.038461538461538464 0.025240384615384616
0 0.3701923076923077 0.4411057692307692 0.06971153846153846 0.026442307692307692
0 0.5925480769230769 0.4387019230769231 0.0829326923076923 0.025240384615384616
0 0.7439903846153846 0.5649038461538461 0.03245192307692308 0.020432692307692308
0 0.6658653846153846 0.5408653846153846 0.038461538461538464 0.019230769230769232
0 0.7055288461538461 0.5685096153846154 0.03125 0.019230769230769232
0 0.6213942307692307 0.5204326923076923 0.007211538461538462 0.019230769230769232
0 0.6322115384615384 0.5673076923076923 0.02403846153846154 0.01201923076923077
0 0.640625 0.546875 0.021634615384615384 0.01201923076923077
0 0.6935096153846154 0.5588942307692307 0.026442307692307692 0.009615384615384616
0 0.5901442307692307 0.5661057692307693 0.021634615384615384 0.009615384615384616