3 0.3786057692307692 0.33774038461538464 0.06971153846153846 0.0985576923076923
3 0.4495192307692308 0.3389423076923077 0.06610576923076923 0.09495192307692307
3 0.03485576923076923 0.25721153846153844 0.06850961538461539 0.09254807692307693
3 0.5432692307692307 0.3317307692307692 0.06370192307692307 0.08413461538461539
3 0.6105769230769231 0.5564903846153846 0.29086538461538464 0.0985576923076923
3 0.35697115384615385 0.21514423076923078 0.036057692307692304 0.06850961538461539
3 0.4831730769230769 0.2247596153846154 0.05048076923076923 0.06850961538461539
3 0.8341346153846154 0.27403846153846156 0.08653846153846154 0.06610576923076923
3 0.40024038461538464 0.21153846153846154 0.06129807692307692 0.0625
3 0.609375 0.3449519230769231 0.06850961538461539 0.057692307692307696
3 0.15745192307692307 0.06610576923076923 0.055288461538461536 0.04807692307692308
3 0.8810096153846154 0.3449519230769231 0.0829326923076923 0.06129807692307692