4 0.6838942307692307 0.5961538461538461 0.6298076923076923 0.5204326923076923
0 0.7439903846153846 0.3161057692307692 0.16826923076923078 0.1045673076923077
0 0.31971153846153844 0.9074519230769231 0.25600961538461536 0.0889423076923077
0 0.8990384615384616 0.9326923076923077 0.19951923076923078 0.08173076923076923
4 0.578125 0.6766826923076923 0.1466346153846154 0.06971153846153846
0 0.23557692307692307 0.4831730769230769 0.22235576923076922 0.06971153846153846
0 0.9507211538461539 0.3629807692307692 0.0889423076923077 0.06370192307692307
0 0.41466346153846156 0.5949519230769231 0.05889423076923077 0.04807692307692308
4 0.5444711538461539 0.7487980769230769 0.14903846153846154 0.051682692307692304
0 0.07692307692307693 0.71875 0.12139423076923077 0.04567307692307692
0 0.11899038461538461 0.5192307692307693 0.04807692307692308 0.038461538461538464
0 0.38100961538461536 0.5841346153846154 0.10576923076923077 0.040865384615384616
0 0.20432692307692307 0.6105769230769231 0.125 0.038461538461538464
0 0.15865384615384615 0.5853365384615384 0.12139423076923077 0.038461538461538464
0 0.28125 0.5540865384615384 0.10576923076923077 0.037259615384615384
0 0.484375 0.5745192307692307 0.08173076923076923 0.03485576923076923
0 0.24639423076923078 0.5528846153846154 0.07451923076923077 0.03245192307692308
0 0.38100961538461536 0.5348557692307693 0.0733173076923077 0.03245192307692308
0 0.055288461538461536 0.5721153846153846 0.056490384615384616 0.030048076923076924
0 0.5288461538461539 0.5528846153846154 0.1141826923076923 0.03125
0 0.10336538461538461 0.5685096153846154 0.0625 0.027644230769230768
0 0.23677884615384615 0.5240384615384616 0.046875 0.026442307692307692
0 0.40625 0.515625 0.06370192307692307 0.025240384615384616