4 0.9050480769230769 0.6838942307692307 0.07451923076923077 0.28125
0 0.35336538461538464 0.7415865384615384 0.04326923076923077 0.25961538461538464
0 0.3137019230769231 0.12379807692307693 0.1502403846153846 0.1141826923076923
0 0.17668269230769232 0.5685096153846154 0.01201923076923077 0.1141826923076923
0 0.1201923076923077 0.015625 0.140625 0.03125
0 0.1141826923076923 0.5865384615384616 0.046875 0.06610576923076923
0 0.3737980769230769 0.9266826923076923 0.026442307692307692 0.06610576923076923
0 0.07572115384615384 0.6778846153846154 0.052884615384615384 0.06610576923076923
0 0.4074519230769231 0.1310096153846154 0.04567307692307692 0.046875
0 0.4855769230769231 0.7716346153846154 0.04326923076923077 0.04326923076923077
0 0.5384615384615384 0.5096153846153846 0.040865384615384616 0.036057692307692304
0 0.5036057692307693 0.4855769230769231 0.03125 0.03125