0 0.06009615384615385 0.6490384615384616 0.1201923076923077 0.15144230769230768
0 0.04326923076923077 0.4879807692307692 0.08653846153846154 0.16826923076923078
0 0.19471153846153846 0.32211538461538464 0.055288461538461536 0.12980769230769232
0 0.31850961538461536 0.47836538461538464 0.11899038461538461 0.109375
0 0.25600961538461536 0.5456730769230769 0.17548076923076922 0.12860576923076922
0 0.5192307692307693 0.45913461538461536 0.125 0.13221153846153846
0 0.4567307692307692 0.22355769230769232 0.11899038461538461 0.13581730769230768
0 0.4254807692307692 0.1935096153846154 0.0625 0.057692307692307696
0 0.6862980769230769 0.15504807692307693 0.1141826923076923 0.06129807692307692
0 0.6814903846153846 0.5144230769230769 0.11538461538461539 0.14543269230769232
0 0.9098557692307693 0.3918269230769231 0.07451923076923077 0.09254807692307693
0 0.8870192307692307 0.28125 0.0673076923076923 0.09735576923076923
0 0.9182692307692307 0.2127403846153846 0.05889423076923077 0.0733173076923077
0 0.2776442307692308 0.14903846153846154 0.09254807692307693 0.05048076923076923
0 0.9387019230769231 0.039663461538461536 0.06370192307692307 0.040865384615384616