4 0.32572115384615385 0.6153846153846154 0.21514423076923078 0.15504807692307693
4 0.5132211538461539 0.5588942307692307 0.22596153846153846 0.09735576923076923
0 0.1466346153846154 0.20192307692307693 0.21754807692307693 0.09495192307692307
0 0.9543269230769231 0.19110576923076922 0.07211538461538461 0.0889423076923077
0 0.3329326923076923 0.2247596153846154 0.19230769230769232 0.0829326923076923
0 0.07572115384615384 0.3605769230769231 0.15144230769230768 0.08173076923076923
0 0.03485576923076923 0.3016826923076923 0.06850961538461539 0.06850961538461539
0 0.5 0.3233173076923077 0.19951923076923078 0.0673076923076923
0 0.6778846153846154 0.3004807692307692 0.18269230769230768 0.0673076923076923
0 0.23677884615384615 0.32211538461538464 0.19831730769230768 0.06610576923076923
0 0.8425480769230769 0.27884615384615385 0.1466346153846154 0.06129807692307692
0 0.9747596153846154 0.2512019230769231 0.03485576923076923 0.05048076923076923
4 0.8377403846153846 0.39783653846153844 0.2692307692307692 0.055288461538461536
0 0.8894230769230769 0.296875 0.1346153846153846 0.046875
0 0.7608173076923077 0.21153846153846154 0.1346153846153846 0.04567307692307692
0 0.28846153846153844 0.27524038461538464 0.1778846153846154 0.04326923076923077
0 0.7115384615384616 0.8088942307692307 0.18629807692307693 0.10096153846153846