6 0.6730769230769231 0.6262019230769231 0.30649038461538464 0.31971153846153844
0 0.038461538461538464 0.04567307692307692 0.04807692307692308 0.09014423076923077
0 0.2403846153846154 0.8497596153846154 0.03245192307692308 0.06850961538461539
0 0.8112980769230769 0.04326923076923077 0.03245192307692308 0.057692307692307696
0 0.765625 0.06850961538461539 0.03125 0.057692307692307696
0 0.6490384615384616 0.01201923076923077 0.07692307692307693 0.021634615384615384
0 0.6766826923076923 0.35697115384615385 0.021634615384615384 0.042067307692307696
0 0.8689903846153846 0.057692307692307696 0.038461538461538464 0.036057692307692304
0 0.8064903846153846 0.10576923076923077 0.019230769230769232 0.03485576923076923
0 0.5769230769230769 0.18629807692307693 0.0625 0.027644230769230768
0 0.11899038461538461 0.24879807692307693 0.06129807692307692 0.025240384615384616
0 0.6274038461538461 0.15504807692307693 0.027644230769230768 0.02403846153846154
0 0.6418269230769231 0.11538461538461539 0.026442307692307692 0.02403846153846154
0 0.5973557692307693 0.08774038461538461 0.06129807692307692 0.020432692307692308
0 0.4338942307692308 0.41586538461538464 0.040865384615384616 0.019230769230769232
0 0.8990384615384616 0.14903846153846154 0.036057692307692304 0.015625
0 0.46634615384615385 0.25841346153846156 0.016826923076923076 0.015625