0 0.8233173076923077 0.08533653846153846 0.28725961538461536 0.17067307692307693
6 0.7487980769230769 0.6887019230769231 0.24879807692307693 0.1346153846153846
4 0.7067307692307693 0.5024038461538461 0.3293269230769231 0.13581730769230768
4 0.44711538461538464 0.5769230769230769 0.09254807692307693 0.10096153846153846
0 0.9074519230769231 0.2127403846153846 0.15264423076923078 0.0985576923076923
4 0.07692307692307693 0.5192307692307693 0.15384615384615385 0.09134615384615384
0 0.36899038461538464 0.8125 0.13942307692307693 0.0829326923076923
0 0.36899038461538464 0.7475961538461539 0.12379807692307693 0.07451923076923077
4 0.5985576923076923 0.4855769230769231 0.19471153846153846 0.07211538461538461
0 0.46634615384615385 0.3245192307692308 0.1310096153846154 0.05889423076923077
0 0.6466346153846154 0.3317307692307692 0.14903846153846154 0.05889423076923077
0 0.8473557692307693 0.3425480769230769 0.14182692307692307 0.057692307692307696
0 0.7439903846153846 0.33653846153846156 0.15745192307692307 0.056490384615384616
0 0.5324519230769231 0.3918269230769231 0.1141826923076923 0.051682692307692304
0 0.6971153846153846 0.05048076923076923 0.15144230769230768 0.052884615384615384
0 0.78125 0.3737980769230769 0.12860576923076922 0.042067307692307696
0 0.6670673076923077 0.38100961538461536 0.1346153846153846 0.055288461538461536