1 0.2956730769230769 0.6838942307692307 0.13581730769230768 0.22355769230769232
1 0.33413461538461536 0.11298076923076923 0.078125 0.20432692307692307
1 0.22115384615384615 0.7752403846153846 0.14182692307692307 0.19230769230769232
1 0.6442307692307693 0.765625 0.08774038461538461 0.1875
1 0.21634615384615385 0.44471153846153844 0.13221153846153846 0.18389423076923078
1 0.6995192307692307 0.8677884615384616 0.09735576923076923 0.1814903846153846
1 0.8076923076923077 0.5192307692307693 0.10576923076923077 0.18028846153846154
1 0.13581730769230768 0.5120192307692307 0.1141826923076923 0.16826923076923078
1 0.34975961538461536 0.7175480769230769 0.1045673076923077 0.16706730769230768
1 0.9747596153846154 0.6838942307692307 0.04326923076923077 0.1658653846153846
1 0.28725961538461536 0.15264423076923078 0.0673076923076923 0.15985576923076922
1 0.5324519230769231 0.14182692307692307 0.051682692307692304 0.15745192307692307
1 0.6069711538461539 0.41947115384615385 0.13221153846153846 0.15985576923076922
1 0.5637019230769231 0.8353365384615384 0.07692307692307693 0.15625
1 0.5769230769230769 0.22115384615384615 0.052884615384615384 0.15504807692307693
1 0.6262019230769231 0.5144230769230769 0.10817307692307693 0.15625
1 0.43509615384615385 0.265625 0.1201923076923077 0.15504807692307693
1 0.4338942307692308 0.19471153846153846 0.06971153846153846 0.14903846153846154
1 0.7115384615384616 0.5072115384615384 0.10096153846153846 0.14543269230769232
1 0.7872596153846154 0.4050480769230769 0.07692307692307693 0.14423076923076922
1 0.8545673076923077 0.3737980769230769 0.06971153846153846 0.14182692307692307
1 0.8629807692307693 0.6862980769230769 0.08173076923076923 0.14423076923076922
1 0.12620192307692307 0.7307692307692307 0.109375 0.14182692307692307
1 0.49158653846153844 0.6550480769230769 0.11057692307692307 0.14182692307692307
1 0.3125 0.8894230769230769 0.09014423076923077 0.14182692307692307
1 0.09495192307692307 0.06129807692307692 0.15625 0.12259615384615384
1 0.3942307692307692 0.609375 0.0889423076923077 0.13581730769230768
1 0.3557692307692308 0.41586538461538464 0.15504807692307693 0.1310096153846154
1 0.7572115384615384 0.125 0.0985576923076923 0.12860576923076922
1 0.7908653846153846 0.27524038461538464 0.10336538461538461 0.12620192307692307
1 0.6923076923076923 0.7019230769230769 0.052884615384615384 0.12139423076923077
1 0.5036057692307693 0.484375 0.0829326923076923 0.11899038461538461
1 0.6310096153846154 0.2848557692307692 0.057692307692307696 0.11899038461538461
1 0.6033653846153846 0.056490384615384616 0.0673076923076923 0.109375
1 0.515625 0.052884615384615384 0.05889423076923077 0.10576923076923077
1 0.6935096153846154 0.4230769230769231 0.0733173076923077 0.109375
1 0.3245192307692308 0.9435096153846154 0.12139423076923077 0.10336538461538461
1 0.25600961538461536 0.5276442307692307 0.078125 0.109375
1 0.9026442307692307 0.4074519230769231 0.05048076923076923 0.10817307692307693
1 0.8497596153846154 0.8112980769230769 0.09375 0.10576923076923077
1 0.7596153846153846 0.36177884615384615 0.04567307692307692 0.09975961538461539
1 0.42427884615384615 0.49278846153846156 0.0625 0.09375
1 0.90625 0.33653846153846156 0.0625 0.09375
1 0.3401442307692308 0.49759615384615385 0.08653846153846154 0.09014423076923077
1 0.7908653846153846 0.052884615384615384 0.09014423076923077 0.08774038461538461
1 0.23557692307692307 0.17548076923076922 0.078125 0.0889423076923077
1 0.24639423076923078 0.35216346153846156 0.06370192307692307 0.08413461538461539
1 0.35096153846153844 0.3329326923076923 0.0829326923076923 0.08413461538461539
1 0.6658653846153846 0.6286057692307693 0.057692307692307696 0.078125
1 0.6237980769230769 0.7439903846153846 0.09735576923076923 0.07692307692307693
1 0.546875 0.9447115384615384 0.051682692307692304 0.07451923076923077
1 0.5192307692307693 0.3894230769230769 0.09375 0.07451923076923077
1 0.35096153846153844 0.8269230769230769 0.10576923076923077 0.0733173076923077
1 0.6802884615384616 0.35216346153846156 0.04326923076923077 0.06610576923076923
1 0.9278846153846154 0.6790865384615384 0.06370192307692307 0.0625
1 0.2091346153846154 0.5384615384615384 0.03125 0.056490384615384616