1 0.07451923076923077 0.13701923076923078 0.14903846153846154 0.14423076923076922
1 0.11298076923076923 0.7379807692307693 0.16105769230769232 0.13221153846153846
1 0.8353365384615384 0.46274038461538464 0.15745192307692307 0.11899038461538461
1 0.057692307692307696 0.4254807692307692 0.11538461538461539 0.10817307692307693
1 0.42908653846153844 0.7247596153846154 0.18389423076923078 0.10096153846153846
1 0.25721153846153844 0.9026442307692307 0.09975961538461539 0.09975961538461539
1 0.078125 0.5072115384615384 0.15504807692307693 0.09495192307692307
1 0.41225961538461536 0.5360576923076923 0.1346153846153846 0.09375
1 0.9326923076923077 0.2439903846153846 0.11778846153846154 0.09254807692307693
1 0.4723557692307692 0.9050480769230769 0.15144230769230768 0.08413461538461539
1 0.6286057692307693 0.9627403846153846 0.12379807692307693 0.06850961538461539
1 0.12379807692307693 0.9639423076923077 0.16346153846153846 0.06850961538461539
1 0.5216346153846154 0.5300480769230769 0.15625 0.0733173076923077
1 0.3004807692307692 0.5661057692307693 0.1466346153846154 0.06129807692307692
1 0.6442307692307693 0.5372596153846154 0.1310096153846154 0.055288461538461536