0 0.1622596153846154 0.7668269230769231 0.019230769230769232 0.057692307692307696
0 0.4651442307692308 0.4266826923076923 0.016826923076923076 0.05048076923076923
0 0.42788461538461536 0.8088942307692307 0.03125 0.04567307692307692
0 0.1622596153846154 0.9050480769230769 0.014423076923076924 0.04326923076923077
0 0.31971153846153844 0.2956730769230769 0.025240384615384616 0.04326923076923077
0 0.3713942307692308 0.8245192307692307 0.020432692307692308 0.04326923076923077
0 0.3870192307692308 0.2980769230769231 0.026442307692307692 0.04326923076923077
0 0.39302884615384615 0.8737980769230769 0.016826923076923076 0.040865384615384616
0 0.390625 0.41346153846153844 0.020432692307692308 0.038461538461538464
0 0.4206730769230769 0.2956730769230769 0.03485576923076923 0.037259615384615384
0 0.7403846153846154 0.3317307692307692 0.055288461538461536 0.038461538461538464
0 0.24519230769230768 0.8990384615384616 0.03245192307692308 0.03485576923076923
0 0.47596153846153844 0.38100961538461536 0.021634615384615384 0.03485576923076923
0 0.23076923076923078 0.8401442307692307 0.051682692307692304 0.03485576923076923
0 0.6478365384615384 0.31971153846153844 0.016826923076923076 0.03245192307692308
0 0.43028846153846156 0.36177884615384615 0.016826923076923076 0.03245192307692308
0 0.11177884615384616 0.6153846153846154 0.03485576923076923 0.03245192307692308
0 0.5348557692307693 0.2247596153846154 0.026442307692307692 0.03245192307692308
0 0.125 0.7632211538461539 0.04326923076923077 0.030048076923076924
0 0.15264423076923078 0.9362980769230769 0.016826923076923076 0.026442307692307692
4 0.4519230769230769 0.13221153846153846 0.06850961538461539 0.027644230769230768
0 0.22956730769230768 0.8209134615384616 0.02403846153846154 0.02403846153846154
0 0.17548076923076922 0.5216346153846154 0.02403846153846154 0.02403846153846154
0 0.9855769230769231 0.359375 0.020432692307692308 0.021634615384615384
0 0.9471153846153846 0.38100961538461536 0.016826923076923076 0.021634615384615384
0 0.5072115384615384 0.43028846153846156 0.03125 0.021634615384615384
0 0.4375 0.45072115384615385 0.009615384615384616 0.021634615384615384
0 0.9819711538461539 0.4543269230769231 0.03485576923076923 0.020432692307692308
0 0.22716346153846154 0.5252403846153846 0.019230769230769232 0.020432692307692308
0 0.18389423076923078 0.9278846153846154 0.026442307692307692 0.020432692307692308
0 0.5408653846153846 0.4723557692307692 0.030048076923076924 0.020432692307692308
0 0.47836538461538464 0.41225961538461536 0.021634615384615384 0.020432692307692308
0 0.3269230769230769 0.5096153846153846 0.020432692307692308 0.020432692307692308
0 0.13942307692307693 0.5336538461538461 0.025240384615384616 0.020432692307692308
0 0.4543269230769231 0.5168269230769231 0.021634615384615384 0.019230769230769232
0 0.9831730769230769 0.47596153846153844 0.030048076923076924 0.020432692307692308
0 0.32091346153846156 0.4110576923076923 0.014423076923076924 0.019230769230769232
0 0.6394230769230769 0.21995192307692307 0.042067307692307696 0.019230769230769232
0 0.5372596153846154 0.44711538461538464 0.016826923076923076 0.016826923076923076
0 0.6911057692307693 0.18870192307692307 0.015625 0.016826923076923076
0 0.5997596153846154 0.19230769230769232 0.014423076923076924 0.015625
0 0.2956730769230769 0.5300480769230769 0.015625 0.014423076923076924
0 0.6947115384615384 0.33653846153846156 0.019230769230769232 0.014423076923076924
0 0.5745192307692307 0.27403846153846156 0.016826923076923076 0.01201923076923077
0 0.6622596153846154 0.23798076923076922 0.010817307692307692 0.010817307692307692