0 0.8317307692307693 0.4675480769230769 0.3004807692307692 0.140625
0 0.18629807692307693 0.4387019230769231 0.28125 0.140625
0 0.6334134615384616 0.5276442307692307 0.17067307692307693 0.1346153846153846
4 0.5637019230769231 0.07932692307692307 0.7776442307692307 0.125
0 0.25721153846153844 0.5769230769230769 0.3161057692307692 0.12139423076923077
0 0.14783653846153846 0.2800480769230769 0.16706730769230768 0.1141826923076923
0 0.24278846153846154 0.37740384615384615 0.2848557692307692 0.10336538461538461
0 0.4987980769230769 0.25841346153846156 0.23557692307692307 0.09375
0 0.5697115384615384 0.35336538461538464 0.25600961538461536 0.0889423076923077
0 0.49038461538461536 0.42788461538461536 0.20673076923076922 0.08774038461538461
0 0.7668269230769231 0.3293269230769231 0.2512019230769231 0.08653846153846154
0 0.8521634615384616 0.22596153846153846 0.15504807692307693 0.05889423076923077
0 0.04447115384615385 0.18028846153846154 0.06370192307692307 0.056490384615384616
0 0.2620192307692308 0.18389423076923078 0.09975961538461539 0.051682692307692304
0 0.859375 0.09735576923076923 0.06610576923076923 0.040865384615384616
0 0.9314903846153846 0.030048076923076924 0.046875 0.03485576923076923
0 0.7692307692307693 0.036057692307692304 0.05889423076923077 0.026442307692307692
0 0.328125 0.054086538461538464 0.06850961538461539 0.021634615384615384
0 0.6911057692307693 0.06370192307692307 0.056490384615384616 0.019230769230769232