0 0.6442307692307693 0.8858173076923077 0.08653846153846154 0.10096153846153846
0 0.6802884615384616 0.8149038461538461 0.07211538461538461 0.10336538461538461
0 0.6983173076923077 0.7776442307692307 0.06370192307692307 0.10576923076923077
0 0.7427884615384616 0.7355769230769231 0.038461538461538464 0.08653846153846154
0 0.5612980769230769 0.7740384615384616 0.07932692307692307 0.11298076923076923
0 0.5240384615384616 0.6971153846153846 0.06971153846153846 0.09735576923076923
0 0.6033653846153846 0.7043269230769231 0.07932692307692307 0.10096153846153846
0 0.6370192307692307 0.7451923076923077 0.052884615384615384 0.056490384615384616
0 0.515625 0.5612980769230769 0.08413461538461539 0.1141826923076923
0 0.43149038461538464 0.40625 0.10576923076923077 0.15144230769230768
0 0.4855769230769231 0.4411057692307692 0.0673076923076923 0.07211538461538461
0 0.6129807692307693 0.47475961538461536 0.07692307692307693 0.06850961538461539
0 0.5637019230769231 0.38221153846153844 0.0625 0.08774038461538461
0 0.5925480769230769 0.33413461538461536 0.07692307692307693 0.09375
0 0.4362980769230769 0.18990384615384615 0.07211538461538461 0.11057692307692307
0 0.4891826923076923 0.0889423076923077 0.09975961538461539 0.1778846153846154
0 0.5865384615384616 0.8137019230769231 0.06370192307692307 0.03125
0 0.5036057692307693 0.3557692307692308 0.07692307692307693 0.057692307692307696
0 0.46875 0.1346153846153846 0.052884615384615384 0.0829326923076923