3 0.703125 0.5793269230769231 0.3401442307692308 0.15745192307692307
3 0.6802884615384616 0.296875 0.15144230769230768 0.11298076923076923
3 0.8569711538461539 0.3112980769230769 0.09254807692307693 0.09495192307692307
3 0.9182692307692307 0.3088942307692308 0.07211538461538461 0.09375
3 0.7596153846153846 0.2956730769230769 0.052884615384615384 0.07692307692307693
3 0.1658653846153846 0.23798076923076922 0.07211538461538461 0.07692307692307693
3 0.5060096153846154 0.234375 0.06610576923076923 0.07692307692307693
3 0.9435096153846154 0.1658653846153846 0.07451923076923077 0.0733173076923077
3 0.9819711538461539 0.18389423076923078 0.03245192307692308 0.06971153846153846
3 0.2608173076923077 0.25 0.04807692307692308 0.06610576923076923
3 0.32211538461538464 0.24759615384615385 0.07692307692307693 0.0625
3 0.12139423076923077 0.2848557692307692 0.09735576923076923 0.046875