1 0.5540865384615384 0.2247596153846154 0.27524038461538464 0.20793269230769232
1 0.35697115384615385 0.2403846153846154 0.18629807692307693 0.17548076923076922
1 0.19591346153846154 0.9254807692307693 0.3389423076923077 0.1466346153846154
1 0.10216346153846154 0.6706730769230769 0.19471153846153846 0.15264423076923078
1 0.3449519230769231 0.6334134615384616 0.2548076923076923 0.14182692307692307
1 0.1502403846153846 0.07572115384615384 0.3004807692307692 0.13221153846153846
1 0.39663461538461536 0.8305288461538461 0.21754807692307693 0.12980769230769232
1 0.7920673076923077 0.6766826923076923 0.24519230769230768 0.1310096153846154
1 0.9831730769230769 0.7379807692307693 0.030048076923076924 0.11057692307692307
1 0.9543269230769231 0.9038461538461539 0.08774038461538461 0.09254807692307693
1 0.9759615384615384 0.6502403846153846 0.04567307692307692 0.07211538461538461