2 0.4387019230769231 0.5588942307692307 0.125 0.10817307692307693
2 0.16706730769230768 0.49158653846153844 0.06971153846153846 0.09375
2 0.5721153846153846 0.5096153846153846 0.07692307692307693 0.09014423076923077
2 0.35096153846153844 0.515625 0.038461538461538464 0.07211538461538461
2 0.24278846153846154 0.48197115384615385 0.06610576923076923 0.0673076923076923
2 0.30288461538461536 0.49278846153846156 0.04567307692307692 0.056490384615384616
2 0.9435096153846154 0.5060096153846154 0.08173076923076923 0.04807692307692308
2 0.7355769230769231 0.5216346153846154 0.04326923076923077 0.040865384615384616
2 0.06009615384615385 0.5144230769230769 0.03125 0.037259615384615384
2 0.8978365384615384 0.4495192307692308 0.038461538461538464 0.037259615384615384
2 0.015625 0.5264423076923077 0.03125 0.03485576923076923
2 0.006009615384615385 0.47596153846153844 0.01201923076923077 0.027644230769230768
2 0.8088942307692307 0.47115384615384615 0.021634615384615384 0.025240384615384616