0 0.3870192307692308 0.5973557692307693 0.33774038461538464 0.17668269230769232
0 0.6213942307692307 0.5456730769230769 0.3137019230769231 0.16346153846153846
0 0.5456730769230769 0.3088942307692308 0.1778846153846154 0.14903846153846154
0 0.5949519230769231 0.4098557692307692 0.20793269230769232 0.14543269230769232
0 0.8894230769230769 0.6009615384615384 0.203125 0.13581730769230768
0 0.09495192307692307 0.5276442307692307 0.18990384615384615 0.13701923076923078
0 0.3125 0.46274038461538464 0.13581730769230768 0.125
0 0.38221153846153844 0.3858173076923077 0.17067307692307693 0.11899038461538461
0 0.8894230769230769 0.3329326923076923 0.1875 0.11899038461538461
0 0.7752403846153846 0.3161057692307692 0.14903846153846154 0.11538461538461539
0 0.13341346153846154 0.4387019230769231 0.17668269230769232 0.11778846153846154
0 0.8461538461538461 0.4362980769230769 0.24278846153846154 0.1141826923076923
0 0.9543269230769231 0.3137019230769231 0.07451923076923077 0.10336538461538461
0 0.8966346153846154 0.5012019230769231 0.20432692307692307 0.10817307692307693
0 0.2860576923076923 0.2956730769230769 0.11298076923076923 0.09975961538461539
0 0.6237980769230769 0.27884615384615385 0.1502403846153846 0.10096153846153846
4 0.08653846153846154 0.13942307692307693 0.17307692307692307 0.09014423076923077
0 0.4411057692307692 0.06490384615384616 0.09495192307692307 0.046875
0 0.9194711538461539 0.013221153846153846 0.10096153846153846 0.026442307692307692
0 0.6682692307692307 0.04326923076923077 0.051682692307692304 0.027644230769230768