0 0.18509615384615385 0.016826923076923076 0.21394230769230768 0.03245192307692308
0 0.4543269230769231 0.6466346153846154 0.24278846153846154 0.109375
0 0.06129807692307692 0.014423076923076924 0.07211538461538461 0.027644230769230768
0 0.8990384615384616 0.06971153846153846 0.19831730769230768 0.10817307692307693
0 0.9098557692307693 0.7932692307692307 0.15144230769230768 0.10336538461538461
0 0.13341346153846154 0.12980769230769232 0.23317307692307693 0.10336538461538461
0 0.04326923076923077 0.9290865384615384 0.08653846153846154 0.0985576923076923
0 0.31971153846153844 0.9483173076923077 0.203125 0.09495192307692307
0 0.1814903846153846 0.8725961538461539 0.1778846153846154 0.09375
0 0.4483173076923077 0.04326923076923077 0.31850961538461536 0.08653846153846154
0 0.6766826923076923 0.5829326923076923 0.1971153846153846 0.09014423076923077
0 0.057692307692307696 0.7524038461538461 0.11538461538461539 0.0889423076923077
0 0.2439903846153846 0.3605769230769231 0.27403846153846156 0.09375
0 0.5625 0.5576923076923077 0.2764423076923077 0.09495192307692307
0 0.8185096153846154 0.171875 0.2668269230769231 0.09375
0 0.20793269230769232 0.24879807692307693 0.2439903846153846 0.09014423076923077
0 0.052884615384615384 0.5540865384615384 0.1045673076923077 0.08653846153846154
0 0.3786057692307692 0.7331730769230769 0.24519230769230768 0.09014423076923077
0 0.03365384615384615 0.8269230769230769 0.0673076923076923 0.08413461538461539
0 0.3004807692307692 0.6394230769230769 0.17067307692307693 0.08774038461538461
0 0.9338942307692307 0.890625 0.09375 0.08653846153846154
0 0.08774038461538461 0.6610576923076923 0.17548076923076922 0.08653846153846154
0 0.6334134615384616 0.9483173076923077 0.18870192307692307 0.08413461538461539
0 0.4326923076923077 0.7692307692307693 0.22355769230769232 0.08653846153846154
0 0.5192307692307693 0.35096153846153844 0.23918269230769232 0.0829326923076923
0 0.09134615384615384 0.5877403846153846 0.18269230769230768 0.0829326923076923
0 0.2980769230769231 0.2620192307692308 0.16105769230769232 0.07692307692307693
0 0.33052884615384615 0.5745192307692307 0.1971153846153846 0.078125
0 0.4387019230769231 0.8509615384615384 0.18269230769230768 0.07692307692307693
0 0.1622596153846154 0.39663461538461536 0.2439903846153846 0.08173076923076923
0 0.20673076923076922 0.7848557692307693 0.1935096153846154 0.078125
0 0.9651442307692307 0.15745192307692307 0.06610576923076923 0.07451923076923077
0 0.3401442307692308 0.1658653846153846 0.2439903846153846 0.07692307692307693
0 0.9338942307692307 0.34975961538461536 0.12860576923076922 0.0733173076923077
0 0.7211538461538461 0.2283653846153846 0.20673076923076922 0.0733173076923077
0 0.8269230769230769 0.3641826923076923 0.16105769230769232 0.07211538461538461
0 0.3798076923076923 0.12379807692307693 0.21754807692307693 0.0733173076923077
0 0.18629807692307693 0.4987980769230769 0.3088942307692308 0.078125
0 0.5637019230769231 0.4182692307692308 0.18389423076923078 0.06971153846153846
0 0.5901442307692307 0.8173076923076923 0.22956730769230768 0.07211538461538461
0 0.5048076923076923 0.27403846153846156 0.2439903846153846 0.0733173076923077
0 0.9795673076923077 0.25 0.037259615384615384 0.06610576923076923
0 0.7259615384615384 0.8966346153846154 0.16826923076923078 0.0673076923076923
0 0.8269230769230769 0.31009615384615385 0.22956730769230768 0.06850961538461539
0 0.8004807692307693 0.47596153846153844 0.2980769230769231 0.06971153846153846
0 0.037259615384615384 0.3918269230769231 0.06610576923076923 0.057692307692307696
0 0.46153846153846156 0.96875 0.14543269230769232 0.06129807692307692
0 0.9122596153846154 0.5949519230769231 0.16826923076923078 0.0625
0 0.7776442307692307 0.7199519230769231 0.22235576923076922 0.06370192307692307
0 0.9603365384615384 0.42788461538461536 0.07692307692307693 0.056490384615384616
0 0.19230769230769232 0.44471153846153844 0.2283653846153846 0.06129807692307692
0 0.028846153846153848 0.35697115384615385 0.04567307692307692 0.05048076923076923
0 0.7259615384615384 0.44350961538461536 0.19831730769230768 0.055288461538461536
0 0.021634615384615384 0.6286057692307693 0.04326923076923077 0.0733173076923077