1 0.7091346153846154 0.23918269230769232 0.12620192307692307 0.11298076923076923
1 0.5757211538461539 0.7548076923076923 0.08774038461538461 0.10576923076923077
1 0.7439903846153846 0.734375 0.1466346153846154 0.10817307692307693
1 0.4579326923076923 0.8629807692307693 0.1466346153846154 0.10096153846153846
1 0.2776442307692308 0.6262019230769231 0.13581730769230768 0.07692307692307693
1 0.7548076923076923 0.5540865384615384 0.11899038461538461 0.07451923076923077
1 0.3269230769230769 0.8293269230769231 0.1201923076923077 0.07211538461538461
1 0.5745192307692307 0.4963942307692308 0.13581730769230768 0.0733173076923077
1 0.6213942307692307 0.4651442307692308 0.13701923076923078 0.0733173076923077
1 0.6574519230769231 0.5480769230769231 0.11538461538461539 0.06971153846153846
1 0.8365384615384616 0.5348557692307693 0.12139423076923077 0.06850961538461539
1 0.7211538461538461 0.8653846153846154 0.13221153846153846 0.06971153846153846
1 0.9290865384615384 0.9074519230769231 0.10096153846153846 0.06610576923076923
1 0.4230769230769231 0.4423076923076923 0.15625 0.0673076923076923
1 0.9567307692307693 0.5697115384615384 0.0829326923076923 0.06129807692307692