4 0.9411057692307693 0.4110576923076923 0.11538461538461539 0.10336538461538461
0 0.10216346153846154 0.2824519230769231 0.1875 0.10336538461538461
4 0.8846153846153846 0.6081730769230769 0.21995192307692307 0.09495192307692307
0 0.16947115384615385 0.8870192307692307 0.09014423076923077 0.08653846153846154
4 0.16346153846153846 0.5841346153846154 0.2091346153846154 0.0889423076923077
0 0.3137019230769231 0.3485576923076923 0.19110576923076922 0.0673076923076923
0 0.3894230769230769 0.33052884615384615 0.20192307692307693 0.0673076923076923
0 0.5348557692307693 0.47115384615384615 0.12379807692307693 0.056490384615384616
0 0.3641826923076923 0.5288461538461539 0.19831730769230768 0.06129807692307692
0 0.06971153846153846 0.41586538461538464 0.1346153846153846 0.057692307692307696
0 0.4639423076923077 0.3942307692307692 0.16826923076923078 0.056490384615384616
0 0.43149038461538464 0.4567307692307692 0.15144230769230768 0.055288461538461536
0 0.2692307692307692 0.3942307692307692 0.14423076923076922 0.04807692307692308
0 0.18870192307692307 0.41225961538461536 0.12379807692307693 0.046875
0 0.53125 0.4182692307692308 0.09014423076923077 0.04326923076923077
0 0.021634615384615384 0.359375 0.030048076923076924 0.038461538461538464
4 0.7403846153846154 0.703125 0.32211538461538464 0.13581730769230768