0 0.057692307692307696 0.6105769230769231 0.11538461538461539 0.125
0 0.36538461538461536 0.6682692307692307 0.2800480769230769 0.125
0 0.5889423076923077 0.44471153846153844 0.2439903846153846 0.1141826923076923
4 0.6802884615384616 0.2932692307692308 0.6370192307692307 0.12860576923076922
0 0.17307692307692307 0.5841346153846154 0.17548076923076922 0.10576923076923077
0 0.35336538461538464 0.3894230769230769 0.1658653846153846 0.10576923076923077
0 0.38461538461538464 0.5132211538461539 0.15985576923076922 0.10576923076923077
0 0.9050480769230769 0.5012019230769231 0.1875 0.10576923076923077
0 0.6935096153846154 0.7211538461538461 0.18629807692307693 0.10096153846153846
0 0.8629807692307693 0.7355769230769231 0.17307692307692307 0.09975961538461539
0 0.5997596153846154 0.5480769230769231 0.12620192307692307 0.09735576923076923
0 0.33413461538461536 0.5661057692307693 0.1502403846153846 0.09495192307692307
0 0.59375 0.35096153846153844 0.18028846153846154 0.09014423076923077
0 0.7908653846153846 0.46033653846153844 0.1466346153846154 0.0829326923076923
0 0.1971153846153846 0.5012019230769231 0.14423076923076922 0.08173076923076923
0 0.7560096153846154 0.5793269230769231 0.1658653846153846 0.08173076923076923
0 0.5324519230769231 0.6262019230769231 0.14423076923076922 0.078125
0 0.8978365384615384 0.5793269230769231 0.171875 0.0733173076923077
0 0.8822115384615384 0.6490384615384616 0.13942307692307693 0.06610576923076923
0 0.9302884615384616 0.22235576923076922 0.09254807692307693 0.040865384615384616
0 0.31971153846153844 0.2824519230769231 0.07211538461538461 0.026442307692307692
0 0.9879807692307693 0.17307692307692307 0.020432692307692308 0.025240384615384616
0 0.19951923076923078 0.21875 0.057692307692307696 0.02403846153846154
0 0.8653846153846154 0.14543269230769232 0.025240384615384616 0.021634615384615384
0 0.6382211538461539 0.1971153846153846 0.05048076923076923 0.021634615384615384
0 0.8197115384615384 0.21995192307692307 0.056490384615384616 0.019230769230769232
0 0.25600961538461536 0.040865384615384616 0.038461538461538464 0.015625
0 0.6045673076923077 0.09134615384615384 0.038461538461538464 0.014423076923076924