2 0.4963942307692308 0.5420673076923077 0.1201923076923077 0.10576923076923077
2 0.36177884615384615 0.46274038461538464 0.0625 0.08653846153846154
2 0.17548076923076922 0.4675480769230769 0.07932692307692307 0.07932692307692307
2 0.43509615384615385 0.4639423076923077 0.042067307692307696 0.0733173076923077
2 0.6418269230769231 0.4254807692307692 0.038461538461538464 0.06129807692307692
2 0.7764423076923077 0.43149038461538464 0.04807692307692308 0.057692307692307696
2 0.9891826923076923 0.4254807692307692 0.019230769230769232 0.056490384615384616
2 0.6057692307692307 0.42427884615384615 0.040865384615384616 0.04807692307692308
2 0.7463942307692307 0.3942307692307692 0.040865384615384616 0.04807692307692308
2 0.9567307692307693 0.41586538461538464 0.038461538461538464 0.046875
2 0.14783653846153846 0.4362980769230769 0.042067307692307696 0.04567307692307692
2 0.12139423076923077 0.44350961538461536 0.020432692307692308 0.042067307692307696
2 0.8040865384615384 0.4182692307692308 0.03125 0.040865384615384616
2 0.703125 0.4230769230769231 0.03485576923076923 0.036057692307692304
2 0.9122596153846154 0.41586538461538464 0.021634615384615384 0.036057692307692304
2 0.3137019230769231 0.42908653846153844 0.026442307692307692 0.027644230769230768
2 0.4519230769230769 0.4206730769230769 0.040865384615384616 0.040865384615384616