0 0.5204326923076923 0.2668269230769231 0.6057692307692307 0.44471153846153844
0 0.4387019230769231 0.11658653846153846 0.4375 0.23317307692307693
4 0.5841346153846154 0.5865384615384616 0.3798076923076923 0.21394230769230768
4 0.19110576923076922 0.8918269230769231 0.38221153846153844 0.20673076923076922
0 0.19471153846153846 0.453125 0.3004807692307692 0.18629807692307693
0 0.9146634615384616 0.3449519230769231 0.16706730769230768 0.14903846153846154
0 0.056490384615384616 0.3112980769230769 0.0985576923076923 0.13701923076923078
0 0.1658653846153846 0.35697115384615385 0.11298076923076923 0.12379807692307693
0 0.07091346153846154 0.38100961538461536 0.1346153846153846 0.1141826923076923
0 0.4074519230769231 0.3894230769230769 0.24278846153846154 0.1045673076923077
0 0.057692307692307696 0.48197115384615385 0.11538461538461539 0.0985576923076923
0 0.39783653846153844 0.4423076923076923 0.1310096153846154 0.0733173076923077
0 0.4675480769230769 0.7355769230769231 0.18629807692307693 0.07451923076923077
4 0.6394230769230769 0.7247596153846154 0.0889423076923077 0.06370192307692307
0 0.28966346153846156 0.5697115384615384 0.17668269230769232 0.06370192307692307
0 0.8689903846153846 0.5793269230769231 0.1310096153846154 0.056490384615384616
0 0.6442307692307693 0.5504807692307693 0.08774038461538461 0.04567307692307692
0 0.9615384615384616 0.5697115384615384 0.06850961538461539 0.04807692307692308
0 0.7043269230769231 0.5625 0.07211538461538461 0.036057692307692304
0 0.7728365384615384 0.5661057692307693 0.06370192307692307 0.03485576923076923
4 0.14423076923076922 0.13221153846153846 0.2644230769230769 0.2644230769230769