4 0.5480769230769231 0.11538461538461539 0.30649038461538464 0.125
4 0.07932692307692307 0.08653846153846154 0.15745192307692307 0.09254807692307693
6 0.7355769230769231 0.45072115384615385 0.22956730769230768 0.0889423076923077
0 0.7403846153846154 0.027644230769230768 0.3076923076923077 0.055288461538461536
6 0.359375 0.6045673076923077 0.17067307692307693 0.06610576923076923
0 0.7596153846153846 0.3317307692307692 0.15264423076923078 0.055288461538461536
0 0.17668269230769232 0.019230769230769232 0.1141826923076923 0.030048076923076924
0 0.3076923076923077 0.020432692307692308 0.08653846153846154 0.036057692307692304
0 0.484375 0.42908653846153844 0.21153846153846154 0.05048076923076923
0 0.140625 0.31490384615384615 0.15745192307692307 0.046875
0 0.47836538461538464 0.026442307692307692 0.08173076923076923 0.042067307692307696
0 0.3942307692307692 0.06490384615384616 0.09254807692307693 0.042067307692307696
0 0.8064903846153846 0.08533653846153846 0.11778846153846154 0.040865384615384616
0 0.9771634615384616 0.20793269230769232 0.036057692307692304 0.038461538461538464
4 0.8112980769230769 0.1502403846153846 0.07692307692307693 0.037259615384615384
0 0.9098557692307693 0.08413461538461539 0.09495192307692307 0.037259615384615384
0 0.9723557692307693 0.07932692307692307 0.038461538461538464 0.03485576923076923
0 0.5745192307692307 0.18629807692307693 0.037259615384615384 0.03485576923076923
0 0.9435096153846154 0.11298076923076923 0.09735576923076923 0.03485576923076923
0 0.5637019230769231 0.03365384615384615 0.051682692307692304 0.03485576923076923
4 0.34134615384615385 0.35216346153846156 0.1502403846153846 0.03245192307692308
0 0.8605769230769231 0.11899038461538461 0.08653846153846154 0.030048076923076924
0 0.7439903846153846 0.12620192307692307 0.06971153846153846 0.030048076923076924
0 0.051682692307692304 0.01201923076923077 0.09254807692307693 0.009615384615384616
6 0.171875 0.4170673076923077 0.12139423076923077 0.027644230769230768
6 0.5745192307692307 0.34975961538461536 0.08173076923076923 0.021634615384615384
0 0.9134615384615384 0.2091346153846154 0.051682692307692304 0.021634615384615384