0 0.9230769230769231 0.12139423076923077 0.15144230769230768 0.21153846153846154
4 0.46153846153846156 0.609375 0.47475961538461536 0.17307692307692307
4 0.2860576923076923 0.9591346153846154 0.4110576923076923 0.07932692307692307
0 0.1502403846153846 0.35336538461538464 0.1935096153846154 0.1141826923076923
0 0.3389423076923077 0.4254807692307692 0.18028846153846154 0.08653846153846154
0 0.9603365384615384 0.36778846153846156 0.07692307692307693 0.08653846153846154
0 0.07091346153846154 0.3762019230769231 0.13701923076923078 0.07692307692307693
0 0.7800480769230769 0.47716346153846156 0.21514423076923078 0.0733173076923077
0 0.953125 0.47836538461538464 0.09014423076923077 0.06971153846153846
0 0.038461538461538464 0.4795673076923077 0.07692307692307693 0.06850961538461539
0 0.15384615384615385 0.4254807692307692 0.19471153846153846 0.06370192307692307
0 0.6057692307692307 0.4651442307692308 0.15144230769230768 0.055288461538461536
0 0.5973557692307693 0.421875 0.15745192307692307 0.052884615384615384
0 0.7175480769230769 0.39783653846153844 0.1466346153846154 0.04326923076923077