1 0.33413461538461536 0.3004807692307692 0.17548076923076922 0.17067307692307693
1 0.2932692307692308 0.7439903846153846 0.23557692307692307 0.17307692307692307
1 0.3894230769230769 0.5432692307692307 0.19951923076923078 0.13942307692307693
1 0.7596153846153846 0.5552884615384616 0.27524038461538464 0.1310096153846154
1 0.2127403846153846 0.4074519230769231 0.203125 0.11899038461538461
1 0.48197115384615385 0.7932692307692307 0.203125 0.10576923076923077
1 0.8629807692307693 0.6322115384615384 0.16346153846153846 0.07932692307692307
1 0.15745192307692307 0.7019230769230769 0.09975961538461539 0.06610576923076923
1 0.7319711538461539 0.8762019230769231 0.1814903846153846 0.07211538461538461
1 0.53125 0.8978365384615384 0.12860576923076922 0.06610576923076923
1 0.8497596153846154 0.8329326923076923 0.12980769230769232 0.06370192307692307
1 0.7115384615384616 0.9459134615384616 0.16706730769230768 0.05889423076923077
1 0.6105769230769231 0.7560096153846154 0.2091346153846154 0.05889423076923077
1 0.9326923076923077 0.6177884615384616 0.12620192307692307 0.1310096153846154