0 0.8509615384615384 0.21754807692307693 0.03245192307692308 0.0829326923076923
0 0.2644230769230769 0.8088942307692307 0.08774038461538461 0.0829326923076923
0 0.2824519230769231 0.2283653846153846 0.06610576923076923 0.07932692307692307
0 0.31490384615384615 0.3425480769230769 0.057692307692307696 0.056490384615384616
0 0.5012019230769231 0.27884615384615385 0.026442307692307692 0.051682692307692304
0 0.7127403846153846 0.32211538461538464 0.014423076923076924 0.05048076923076923
0 0.2512019230769231 0.14423076923076922 0.020432692307692308 0.04807692307692308
0 0.7644230769230769 0.1935096153846154 0.021634615384615384 0.046875
0 0.6802884615384616 0.10817307692307693 0.021634615384615384 0.042067307692307696
0 0.7776442307692307 0.2644230769230769 0.03245192307692308 0.03485576923076923
0 0.4411057692307692 0.13942307692307693 0.051682692307692304 0.027644230769230768
0 0.7740384615384616 0.49399038461538464 0.04567307692307692 0.026442307692307692
0 0.4639423076923077 0.2283653846153846 0.04807692307692308 0.025240384615384616
0 0.7163461538461539 0.40384615384615385 0.042067307692307696 0.025240384615384616
0 0.054086538461538464 0.14302884615384615 0.030048076923076924 0.02403846153846154
0 0.03485576923076923 0.10096153846153846 0.019230769230769232 0.01201923076923077
6 0.3449519230769231 0.6141826923076923 0.35096153846153844 0.5060096153846154