0 0.6021634615384616 0.5877403846153846 0.33653846153846156 0.16706730769230768
0 0.3629807692307692 0.5528846153846154 0.3137019230769231 0.15504807692307693
0 0.421875 0.3076923076923077 0.17548076923076922 0.14543269230769232
0 0.3786057692307692 0.41346153846153844 0.20673076923076922 0.140625
0 0.09975961538461539 0.6274038461538461 0.1935096153846154 0.13221153846153846
0 0.8990384615384616 0.5 0.19951923076923078 0.13221153846153846
0 0.6682692307692307 0.44711538461538464 0.1346153846153846 0.12139423076923077
0 0.5925480769230769 0.3737980769230769 0.16826923076923078 0.1141826923076923
0 0.08413461538461539 0.3557692307692308 0.16826923076923078 0.11538461538461539
0 0.19110576923076922 0.3317307692307692 0.14543269230769232 0.11298076923076923
0 0.8473557692307693 0.4098557692307692 0.17548076923076922 0.11298076923076923
0 0.12740384615384615 0.45913461538461536 0.24278846153846154 0.10817307692307693
0 0.02403846153846154 0.34375 0.04807692307692308 0.10336538461538461
0 0.09254807692307693 0.5264423076923077 0.18269230769230768 0.09975961538461539
0 0.6838942307692307 0.2764423076923077 0.11057692307692307 0.09735576923076923
0 0.34134615384615385 0.28365384615384615 0.14903846153846154 0.09735576923076923
4 0.8894230769230769 0.1045673076923077 0.20673076923076922 0.08653846153846154
0 0.5108173076923077 0.055288461538461536 0.09495192307692307 0.04326923076923077
0 0.037259615384615384 0.028846153846153848 0.07451923076923077 0.038461538461538464
0 0.2800480769230769 0.05048076923076923 0.05048076923076923 0.026442307692307692