2 0.5216346153846154 0.7668269230769231 0.109375 0.09975961538461539
2 0.6670673076923077 0.49399038461538464 0.078125 0.09495192307692307
2 0.7223557692307693 0.49038461538461536 0.08413461538461539 0.09375
2 0.3233173076923077 0.49158653846153844 0.06370192307692307 0.0733173076923077
2 0.8713942307692307 0.49038461538461536 0.0625 0.07211538461538461
2 0.021634615384615384 0.5192307692307693 0.04326923076923077 0.06971153846153846
2 0.40865384615384615 0.484375 0.04567307692307692 0.051682692307692304
2 0.12259615384615384 0.5024038461538461 0.046875 0.05048076923076923
2 0.3449519230769231 0.4831730769230769 0.025240384615384616 0.046875
2 0.9471153846153846 0.4495192307692308 0.04567307692307692 0.04807692307692308
2 0.3798076923076923 0.4831730769230769 0.026442307692307692 0.04567307692307692
2 0.17307692307692307 0.5072115384615384 0.04567307692307692 0.040865384615384616
2 0.35096153846153844 0.4254807692307692 0.030048076923076924 0.037259615384615384
2 0.22596153846153846 0.4723557692307692 0.0625 0.026442307692307692
2 0.17548076923076922 0.8185096153846154 0.3137019230769231 0.12620192307692307