1 0.3545673076923077 0.5721153846153846 0.3016826923076923 0.15504807692307693
1 0.8954326923076923 0.8221153846153846 0.20673076923076922 0.13701923076923078
1 0.9759615384615384 0.21875 0.03125 0.125
1 0.13942307692307693 0.5745192307692307 0.2644230769230769 0.11538461538461539
1 0.8341346153846154 0.5685096153846154 0.2920673076923077 0.1141826923076923
1 0.9290865384615384 0.734375 0.13942307692307693 0.11298076923076923
1 0.4026442307692308 0.8040865384615384 0.17668269230769232 0.09735576923076923
1 0.9735576923076923 0.5324519230769231 0.05048076923076923 0.09254807692307693
1 0.5925480769230769 0.8125 0.15264423076923078 0.06610576923076923
1 0.6778846153846154 0.6598557692307693 0.140625 0.057692307692307696
1 0.5216346153846154 0.7944711538461539 0.11778846153846154 0.052884615384615384
1 0.6310096153846154 0.7848557692307693 0.0889423076923077 0.051682692307692304
1 0.9447115384615384 0.9459134615384616 0.10817307692307693 0.07932692307692307