1 0.4699519230769231 0.8930288461538461 0.20192307692307693 0.12980769230769232
1 0.39903846153846156 0.3545673076923077 0.15504807692307693 0.09735576923076923
1 0.3245192307692308 0.9651442307692307 0.1502403846153846 0.06610576923076923
1 0.14182692307692307 0.3557692307692308 0.11778846153846154 0.078125
1 0.9254807692307693 0.47115384615384615 0.09975961538461539 0.06610576923076923
1 0.35096153846153844 0.2620192307692308 0.10817307692307693 0.05889423076923077
1 0.2956730769230769 0.4855769230769231 0.10336538461538461 0.056490384615384616
1 0.6694711538461539 0.8197115384615384 0.08413461538461539 0.052884615384615384
1 0.984375 0.6346153846153846 0.027644230769230768 0.052884615384615384
1 0.5721153846153846 0.6370192307692307 0.06971153846153846 0.046875
1 0.4963942307692308 0.06850961538461539 0.09254807692307693 0.046875
1 0.9651442307692307 0.5408653846153846 0.0673076923076923 0.042067307692307696
1 0.5697115384615384 0.1935096153846154 0.06370192307692307 0.037259615384615384
1 0.96875 0.5769230769230769 0.05889423076923077 0.03485576923076923
1 0.8605769230769231 0.8052884615384616 0.04567307692307692 0.021634615384615384
1 0.9170673076923077 0.6514423076923077 0.05048076923076923 0.021634615384615384
1 0.39783653846153844 0.42788461538461536 0.06129807692307692 0.021634615384615384
1 0.5252403846153846 0.7331730769230769 0.036057692307692304 0.020432692307692308