6 0.2403846153846154 0.5793269230769231 0.19831730769230768 0.08413461538461539
0 0.04927884615384615 0.028846153846153848 0.0829326923076923 0.057692307692307696
0 0.11538461538461539 0.06971153846153846 0.09375 0.06610576923076923
0 0.22235576923076922 0.09975961538461539 0.08413461538461539 0.0625
0 0.019230769230769232 0.09495192307692307 0.026442307692307692 0.06129807692307692
6 0.796875 0.4963942307692308 0.18269230769230768 0.057692307692307696
0 0.39903846153846156 0.16346153846153846 0.10576923076923077 0.055288461538461536
0 0.18028846153846154 0.019230769230769232 0.10096153846153846 0.038461538461538464
4 0.04326923076923077 0.1658653846153846 0.078125 0.055288461538461536
0 0.8341346153846154 0.11298076923076923 0.11298076923076923 0.051682692307692304
0 0.28125 0.06129807692307692 0.0625 0.05048076923076923
0 0.21153846153846154 0.04447115384615385 0.07692307692307693 0.04567307692307692
0 0.6225961538461539 0.2824519230769231 0.09975961538461539 0.04567307692307692
0 0.4855769230769231 0.10336538461538461 0.08774038461538461 0.04326923076923077
0 0.3112980769230769 0.11899038461538461 0.0625 0.040865384615384616
0 0.7524038461538461 0.21995192307692307 0.09375 0.040865384615384616
0 0.7247596153846154 0.13221153846153846 0.06610576923076923 0.038461538461538464
0 0.515625 0.19110576923076922 0.08413461538461539 0.037259615384615384
0 0.6502403846153846 0.13701923076923078 0.0733173076923077 0.036057692307692304
0 0.39663461538461536 0.10336538461538461 0.05889423076923077 0.03485576923076923
0 0.8137019230769231 0.1935096153846154 0.06610576923076923 0.03245192307692308
0 0.8713942307692307 0.16826923076923078 0.07451923076923077 0.03245192307692308
0 0.49158653846153844 0.15504807692307693 0.0733173076923077 0.030048076923076924
0 0.375 0.07091346153846154 0.06850961538461539 0.027644230769230768
0 0.6286057692307693 0.10216346153846154 0.08653846153846154 0.026442307692307692
0 0.8629807692307693 0.24278846153846154 0.06370192307692307 0.025240384615384616