2 0.014423076923076924 0.4639423076923077 0.028846153846153848 0.09615384615384616
2 0.7620192307692307 0.5240384615384616 0.06610576923076923 0.08413461538461539
2 0.6310096153846154 0.5300480769230769 0.0733173076923077 0.07692307692307693
2 0.8449519230769231 0.53125 0.06370192307692307 0.07692307692307693
2 0.5012019230769231 0.5204326923076923 0.06370192307692307 0.0673076923076923
2 0.19951923076923078 0.6935096153846154 0.18269230769230768 0.0673076923076923
2 0.3076923076923077 0.49158653846153844 0.055288461538461536 0.06129807692307692
2 0.15745192307692307 0.49278846153846156 0.05048076923076923 0.06129807692307692
2 0.2620192307692308 0.5012019230769231 0.06129807692307692 0.06129807692307692
2 0.9471153846153846 0.5012019230769231 0.055288461538461536 0.06129807692307692
2 0.44350961538461536 0.5228365384615384 0.06850961538461539 0.05889423076923077
2 0.4987980769230769 0.6838942307692307 0.2403846153846154 0.05048076923076923
2 0.11057692307692307 0.49038461538461536 0.04326923076923077 0.042067307692307696
2 0.22596153846153846 0.5036057692307693 0.04807692307692308 0.038461538461538464
2 0.19110576923076922 0.4987980769230769 0.025240384615384616 0.03125
2 0.052884615384615384 0.4963942307692308 0.03485576923076923 0.030048076923076924
2 0.34975961538461536 0.5144230769230769 0.06610576923076923 0.02403846153846154