0 0.5012019230769231 0.21033653846153846 0.09014423076923077 0.16826923076923078
0 0.5637019230769231 0.21875 0.07211538461538461 0.1658653846153846
0 0.6682692307692307 0.41586538461538464 0.1045673076923077 0.15625
0 0.4519230769230769 0.06370192307692307 0.10336538461538461 0.12620192307692307
0 0.5685096153846154 0.828125 0.11538461538461539 0.140625
0 0.5072115384615384 0.5192307692307693 0.09014423076923077 0.1346153846153846
0 0.8088942307692307 0.4026442307692308 0.0625 0.1346153846153846
0 0.5492788461538461 0.42788461538461536 0.07692307692307693 0.13221153846153846
0 0.3173076923076923 0.8161057692307693 0.046875 0.1310096153846154
0 0.4411057692307692 0.22716346153846154 0.0625 0.1310096153846154
0 0.6358173076923077 0.2920673076923077 0.07451923076923077 0.1310096153846154
0 0.5973557692307693 0.3762019230769231 0.09735576923076923 0.12860576923076922
0 0.23076923076923078 0.6814903846153846 0.040865384615384616 0.125
0 0.4495192307692308 0.44711538461538464 0.08173076923076923 0.11298076923076923
0 0.21754807692307693 0.36177884615384615 0.040865384615384616 0.09735576923076923
0 0.17548076923076922 0.5637019230769231 0.03245192307692308 0.09735576923076923
0 0.27524038461538464 0.4206730769230769 0.03125 0.09735576923076923
0 0.28725961538461536 0.6334134615384616 0.03125 0.09735576923076923
0 0.08653846153846154 0.5637019230769231 0.027644230769230768 0.09254807692307693
0 0.5552884615384616 0.5552884615384616 0.07932692307692307 0.09014423076923077
0 0.5817307692307693 0.640625 0.055288461538461536 0.08774038461538461
0 0.2776442307692308 0.3004807692307692 0.038461538461538464 0.08413461538461539
0 0.296875 0.7223557692307693 0.03125 0.08413461538461539
0 0.10817307692307693 0.44350961538461536 0.03125 0.08173076923076923
0 0.16826923076923078 0.44711538461538464 0.030048076923076924 0.07451923076923077
0 0.41225961538461536 0.15264423076923078 0.046875 0.06971153846153846
0 0.3125 0.23076923076923078 0.026442307692307692 0.06850961538461539
0 0.25600961538461536 0.5396634615384616 0.027644230769230768 0.06370192307692307
0 0.28846153846153844 0.5456730769230769 0.036057692307692304 0.06370192307692307
0 0.35096153846153844 0.3137019230769231 0.046875 0.052884615384615384
0 0.4326923076923077 0.7331730769230769 0.021634615384615384 0.05048076923076923
0 0.4495192307692308 0.9122596153846154 0.021634615384615384 0.05048076923076923
0 0.3786057692307692 0.9170673076923077 0.03125 0.05048076923076923
0 0.36899038461538464 0.24158653846153846 0.03485576923076923 0.046875
0 0.1502403846153846 0.14543269230769232 0.020432692307692308 0.046875
0 0.47836538461538464 0.7716346153846154 0.019230769230769232 0.046875
0 0.14182692307692307 0.007211538461538462 0.025240384615384616 0.014423076923076924
0 0.8052884615384616 0.6442307692307693 0.056490384615384616 0.040865384615384616
0 0.41225961538461536 0.7728365384615384 0.009615384615384616 0.040865384615384616
0 0.38461538461538464 0.8713942307692307 0.019230769230769232 0.037259615384615384
0 0.42788461538461536 0.8028846153846154 0.014423076923076924 0.036057692307692304
0 0.21995192307692307 0.18389423076923078 0.015625 0.03485576923076923
0 0.17548076923076922 0.15985576923076922 0.027644230769230768 0.03125
0 0.15745192307692307 0.09735576923076923 0.030048076923076924 0.03125
0 0.1658653846153846 0.2091346153846154 0.01201923076923077 0.027644230769230768
0 0.40024038461538464 0.7776442307692307 0.01201923076923077 0.027644230769230768
0 0.12379807692307693 0.2091346153846154 0.021634615384615384 0.027644230769230768
0 0.21514423076923078 0.056490384615384616 0.019230769230769232 0.025240384615384616
0 0.24879807692307693 0.13221153846153846 0.021634615384615384 0.025240384615384616
0 0.2692307692307692 0.1201923076923077 0.014423076923076924 0.020432692307692308
6 0.3137019230769231 0.5432692307692307 0.07211538461538461 0.3401442307692308