4 0.5324519230769231 0.7307692307692307 0.7644230769230769 0.2668269230769231
0 0.7247596153846154 0.10576923076923077 0.22596153846153846 0.21153846153846154
0 0.9362980769230769 0.49399038461538464 0.12379807692307693 0.19951923076923078
0 0.7091346153846154 0.36899038461538464 0.16105769230769232 0.19831730769230768
0 0.14783653846153846 0.23557692307692307 0.2403846153846154 0.16706730769230768
0 0.6754807692307693 0.23557692307692307 0.19110576923076922 0.15144230769230768
4 0.09254807692307693 0.5540865384615384 0.18509615384615385 0.13221153846153846
0 0.9387019230769231 0.41586538461538464 0.1201923076923077 0.109375
0 0.30528846153846156 0.3449519230769231 0.15745192307692307 0.09975961538461539
0 0.5408653846153846 0.33413461538461536 0.11538461538461539 0.078125
0 0.7151442307692307 0.4182692307692308 0.1875 0.078125
0 0.421875 0.3605769230769231 0.056490384615384616 0.0733173076923077
0 0.3401442307692308 0.6442307692307693 0.15504807692307693 0.06971153846153846
4 0.4735576923076923 0.43509615384615385 0.13581730769230768 0.0625
0 0.6033653846153846 0.38221153846153844 0.16346153846153846 0.06129807692307692
0 0.4074519230769231 0.4807692307692308 0.14182692307692307 0.057692307692307696
0 0.11778846153846154 0.453125 0.0889423076923077 0.05048076923076923
0 0.32572115384615385 0.4411057692307692 0.10576923076923077 0.046875
0 0.009615384615384616 0.45552884615384615 0.019230769230769232 0.042067307692307696
0 0.06370192307692307 0.4567307692307692 0.06850961538461539 0.040865384615384616
0 0.19831730769230768 0.4879807692307692 0.036057692307692304 0.036057692307692304
0 0.31850961538461536 0.40625 0.10336538461538461 0.051682692307692304