0 0.4387019230769231 0.5096153846153846 0.14182692307692307 0.06129807692307692
0 0.038461538461538464 0.5432692307692307 0.07692307692307693 0.07211538461538461
0 0.6057692307692307 0.3329326923076923 0.13581730769230768 0.0625
0 0.2548076923076923 0.24879807692307693 0.15625 0.07211538461538461
0 0.5252403846153846 0.21634615384615385 0.12139423076923077 0.06129807692307692
0 0.7223557692307693 0.22716346153846154 0.09975961538461539 0.05048076923076923
0 0.6658653846153846 0.24158653846153846 0.06850961538461539 0.056490384615384616
0 0.7584134615384616 0.2512019230769231 0.06971153846153846 0.04807692307692308
0 0.2127403846153846 0.11298076923076923 0.09495192307692307 0.03485576923076923
0 0.7572115384615384 0.14423076923076922 0.05889423076923077 0.040865384615384616
0 0.22235576923076922 0.06370192307692307 0.09254807692307693 0.03485576923076923
0 0.29086538461538464 0.03485576923076923 0.06971153846153846 0.04567307692307692
0 0.6442307692307693 0.4230769230769231 0.07692307692307693 0.07451923076923077
0 0.6105769230769231 0.20072115384615385 0.06971153846153846 0.046875
0 0.4807692307692308 0.12379807692307693 0.057692307692307696 0.04807692307692308
0 0.028846153846153848 0.12379807692307693 0.04567307692307692 0.10096153846153846