0 0.5084134615384616 0.19831730769230768 0.9735576923076923 0.39663461538461536
0 0.13942307692307693 0.23197115384615385 0.2776442307692308 0.25721153846153844
0 0.19471153846153846 0.4855769230769231 0.3894230769230769 0.25600961538461536
4 0.6995192307692307 0.4987980769230769 0.5985576923076923 0.2439903846153846
0 0.29086538461538464 0.7680288461538461 0.39663461538461536 0.15144230769230768
0 0.38100961538461536 0.5973557692307693 0.31850961538461536 0.11899038461538461
0 0.9555288461538461 0.48677884615384615 0.08653846153846154 0.09254807692307693
0 0.8774038461538461 0.859375 0.21394230769230768 0.09254807692307693
0 0.8677884615384616 0.5745192307692307 0.0889423076923077 0.07451923076923077
4 0.6658653846153846 0.8449519230769231 0.11057692307692307 0.0733173076923077
0 0.8870192307692307 0.6370192307692307 0.11057692307692307 0.07211538461538461
0 0.6935096153846154 0.6478365384615384 0.14423076923076922 0.06610576923076923
0 0.21394230769230768 0.65625 0.09735576923076923 0.056490384615384616
0 0.052884615384615384 0.9855769230769231 0.07451923076923077 0.025240384615384616
0 0.5649038461538461 0.6622596153846154 0.09375 0.05048076923076923
0 0.34375 0.6658653846153846 0.07692307692307693 0.046875
0 0.6334134615384616 0.7055288461538461 0.042067307692307696 0.04567307692307692
0 0.47596153846153844 0.6862980769230769 0.078125 0.04567307692307692
0 0.6526442307692307 0.6646634615384616 0.11298076923076923 0.04326923076923077
0 0.040865384615384616 0.7463942307692307 0.0673076923076923 0.03485576923076923
0 0.4639423076923077 0.6658653846153846 0.0889423076923077 0.027644230769230768