4 0.5120192307692307 0.4723557692307692 0.18028846153846154 0.17668269230769232
0 0.7740384615384616 0.06370192307692307 0.4495192307692308 0.12379807692307693
0 0.9519230769230769 0.2127403846153846 0.09254807692307693 0.10817307692307693
4 0.8653846153846154 0.5048076923076923 0.10576923076923077 0.0673076923076923
0 0.7175480769230769 0.7548076923076923 0.09495192307692307 0.0625
0 0.9314903846153846 0.4411057692307692 0.03245192307692308 0.04807692307692308
0 0.9771634615384616 0.5865384615384616 0.036057692307692304 0.04807692307692308
4 0.6478365384615384 0.6310096153846154 0.0985576923076923 0.051682692307692304
0 0.46153846153846156 0.24879807692307693 0.057692307692307696 0.04567307692307692
4 0.47836538461538464 0.7103365384615384 0.0625 0.04567307692307692
0 0.9759615384615384 0.4795673076923077 0.04326923076923077 0.04326923076923077
6 0.9423076923076923 0.8425480769230769 0.06971153846153846 0.04567307692307692
0 0.3942307692307692 0.5841346153846154 0.09735576923076923 0.040865384615384616
0 0.8149038461538461 0.4495192307692308 0.10336538461538461 0.038461538461538464
0 0.6911057692307693 0.4230769230769231 0.09975961538461539 0.038461538461538464
0 0.38461538461538464 0.42788461538461536 0.0985576923076923 0.038461538461538464
0 0.47475961538461536 0.5324519230769231 0.07211538461538461 0.036057692307692304
0 0.3293269230769231 0.45913461538461536 0.0985576923076923 0.037259615384615384
0 0.6189903846153846 0.45552884615384615 0.0985576923076923 0.036057692307692304
0 0.7487980769230769 0.49759615384615385 0.09495192307692307 0.036057692307692304
0 0.8533653846153846 0.4387019230769231 0.09495192307692307 0.03485576923076923
0 0.7524038461538461 0.47836538461538464 0.055288461538461536 0.03125
0 0.32211538461538464 0.4230769230769231 0.09254807692307693 0.03485576923076923
0 0.5552884615384616 0.4326923076923077 0.07692307692307693 0.03245192307692308
0 0.28725961538461536 0.53125 0.036057692307692304 0.027644230769230768
0 0.2860576923076923 0.5480769230769231 0.016826923076923076 0.015625
0 0.3293269230769231 0.5564903846153846 0.03125 0.014423076923076924
0 0.30649038461538464 0.5817307692307693 0.015625 0.01201923076923077
0 0.23317307692307693 0.5528846153846154 0.025240384615384616 0.01201923076923077
0 0.31850961538461536 0.5685096153846154 0.016826923076923076 0.010817307692307692