0 0.3004807692307692 0.0985576923076923 0.1502403846153846 0.18389423076923078
0 0.17307692307692307 0.09735576923076923 0.09975961538461539 0.16346153846153846
0 0.5264423076923077 0.1814903846153846 0.17307692307692307 0.1622596153846154
4 0.5973557692307693 0.5300480769230769 0.15625 0.15625
0 0.19831730769230768 0.3088942307692308 0.07451923076923077 0.08653846153846154
4 0.33413461538461536 0.6298076923076923 0.11778846153846154 0.08173076923076923
0 0.3088942307692308 0.40024038461538464 0.11057692307692307 0.07692307692307693
0 0.06850961538461539 0.4182692307692308 0.078125 0.07211538461538461
0 0.027644230769230768 0.4807692307692308 0.055288461538461536 0.06370192307692307
0 0.08653846153846154 0.34375 0.11778846153846154 0.0625
0 0.3894230769230769 0.36538461538461536 0.17307692307692307 0.06370192307692307
0 0.11538461538461539 0.4651442307692308 0.07692307692307693 0.057692307692307696
0 0.03485576923076923 0.41346153846153844 0.06971153846153846 0.055288461538461536
0 0.1466346153846154 0.3870192307692308 0.09375 0.04567307692307692
0 0.2439903846153846 0.3233173076923077 0.10096153846153846 0.040865384615384616
0 0.2764423076923077 0.28966346153846156 0.08413461538461539 0.038461538461538464