0 0.7043269230769231 0.44350961538461536 0.4483173076923077 0.24519230769230768
0 0.3317307692307692 0.44471153846153844 0.2608173076923077 0.23076923076923078
4 0.4543269230769231 0.6887019230769231 0.3076923076923077 0.14543269230769232
0 0.7788461538461539 0.3473557692307692 0.21514423076923078 0.14182692307692307
0 0.9807692307692307 0.8629807692307693 0.036057692307692304 0.1310096153846154
0 0.8665865384615384 0.5949519230769231 0.09254807692307693 0.10336538461538461
0 0.9098557692307693 0.45913461538461536 0.0733173076923077 0.10336538461538461
0 0.9579326923076923 0.6502403846153846 0.08173076923076923 0.08173076923076923
0 0.9411057692307693 0.7884615384615384 0.1141826923076923 0.078125
0 0.9122596153846154 0.7115384615384616 0.09495192307692307 0.06971153846153846
4 0.40384615384615385 0.15745192307692307 0.4855769230769231 0.31490384615384615