2 0.6394230769230769 0.4110576923076923 0.08774038461538461 0.10336538461538461
2 0.052884615384615384 0.6742788461538461 0.08653846153846154 0.10336538461538461
2 0.23557692307692307 0.41586538461538464 0.06850961538461539 0.08653846153846154
2 0.7908653846153846 0.4050480769230769 0.07211538461538461 0.0829326923076923
2 0.26322115384615385 0.41346153846153844 0.038461538461538464 0.06370192307692307
2 0.3004807692307692 0.41346153846153844 0.046875 0.056490384615384616
2 0.03245192307692308 0.44471153846153844 0.06370192307692307 0.056490384615384616
2 0.09014423076923077 0.4411057692307692 0.051682692307692304 0.051682692307692304
2 0.16346153846153846 0.4074519230769231 0.042067307692307696 0.05048076923076923
2 0.2668269230769231 0.3581730769230769 0.042067307692307696 0.05048076923076923
2 0.13341346153846154 0.39663461538461536 0.052884615384615384 0.046875
2 0.5408653846153846 0.6814903846153846 0.17668269230769232 0.12139423076923077