2 0.7692307692307693 0.8341346153846154 0.4423076923076923 0.19471153846153846
2 0.49759615384615385 0.6971153846153846 0.39663461538461536 0.1502403846153846
2 0.3762019230769231 0.328125 0.08774038461538461 0.1141826923076923
2 0.8810096153846154 0.27283653846153844 0.05889423076923077 0.09375
2 0.7692307692307693 0.28725961538461536 0.07932692307692307 0.08173076923076923
2 0.8605769230769231 0.4963942307692308 0.15625 0.08173076923076923
2 0.33413461538461536 0.234375 0.042067307692307696 0.06370192307692307
2 0.3125 0.2127403846153846 0.027644230769230768 0.06370192307692307
2 0.3557692307692308 0.23076923076923078 0.042067307692307696 0.06129807692307692
2 0.7620192307692307 0.22596153846153846 0.052884615384615384 0.056490384615384616
2 0.27884615384615385 0.22596153846153846 0.038461538461538464 0.055288461538461536
2 0.6838942307692307 0.1658653846153846 0.036057692307692304 0.052884615384615384
2 0.4807692307692308 0.23076923076923078 0.051682692307692304 0.052884615384615384
2 0.9362980769230769 0.24879807692307693 0.03245192307692308 0.046875
2 0.9591346153846154 0.2403846153846154 0.03485576923076923 0.04326923076923077
2 0.18509615384615385 0.10576923076923077 0.04567307692307692 0.042067307692307696
2 0.6935096153846154 0.2247596153846154 0.03245192307692308 0.040865384615384616
2 0.6021634615384616 0.20793269230769232 0.03125 0.040865384615384616
2 0.8485576923076923 0.23317307692307693 0.03485576923076923 0.03125