1 0.8942307692307693 0.6382211538461539 0.2091346153846154 0.13942307692307693
1 0.6358173076923077 0.5877403846153846 0.30528846153846156 0.13221153846153846
1 0.21033653846153846 0.7872596153846154 0.125 0.09735576923076923
1 0.4411057692307692 0.6502403846153846 0.21394230769230768 0.10096153846153846
1 0.39663461538461536 0.8581730769230769 0.14423076923076922 0.0889423076923077
1 0.3762019230769231 0.6177884615384616 0.25961538461538464 0.09254807692307693
1 0.3317307692307692 0.7596153846153846 0.12379807692307693 0.0733173076923077
1 0.78125 0.44711538461538464 0.17067307692307693 0.0673076923076923
1 0.9302884615384616 0.2860576923076923 0.09975961538461539 0.04567307692307692
1 0.06971153846153846 0.6935096153846154 0.11538461538461539 0.04567307692307692
1 0.19591346153846154 0.7067307692307693 0.18269230769230768 0.06370192307692307