0 0.5 0.3004807692307692 0.6105769230769231 0.4326923076923077
0 0.40865384615384615 0.12860576923076922 0.4423076923076923 0.25721153846153844
4 0.5853365384615384 0.6286057692307693 0.3858173076923077 0.203125
4 0.1935096153846154 0.9362980769230769 0.3858173076923077 0.125
0 0.171875 0.5120192307692307 0.30288461538461536 0.1778846153846154
0 0.9146634615384616 0.3581730769230769 0.16706730769230768 0.14543269230769232
0 0.03485576923076923 0.37259615384615385 0.06850961538461539 0.13701923076923078
0 0.13701923076923078 0.41346153846153844 0.11057692307692307 0.12139423076923077
0 0.054086538461538464 0.44471153846153844 0.10576923076923077 0.11298076923076923
0 0.390625 0.4338942307692308 0.24639423076923078 0.09735576923076923
0 0.04447115384615385 0.5504807692307693 0.08774038461538461 0.09495192307692307
0 0.38221153846153844 0.49038461538461536 0.1346153846153846 0.06971153846153846
0 0.47115384615384615 0.7908653846153846 0.19110576923076922 0.06850961538461539
4 0.6502403846153846 0.7704326923076923 0.09014423076923077 0.0625
0 0.2776442307692308 0.6286057692307693 0.1814903846153846 0.057692307692307696
0 0.8810096153846154 0.6069711538461539 0.1346153846153846 0.052884615384615384
0 0.6442307692307693 0.5889423076923077 0.08774038461538461 0.04326923076923077
0 0.9699519230769231 0.5913461538461539 0.056490384615384616 0.04567307692307692
0 0.7079326923076923 0.5985576923076923 0.07211538461538461 0.03485576923076923
0 0.7788461538461539 0.5985576923076923 0.06610576923076923 0.03125
4 0.11658653846153846 0.15504807692307693 0.23076923076923078 0.3088942307692308