0 0.38100961538461536 0.8713942307692307 0.08413461538461539 0.0985576923076923
0 0.3449519230769231 0.8004807692307693 0.06850961538461539 0.10096153846153846
0 0.32572115384615385 0.7644230769230769 0.0625 0.1045673076923077
0 0.2824519230769231 0.7235576923076923 0.036057692307692304 0.08413461538461539
0 0.46274038461538464 0.7584134615384616 0.07692307692307693 0.109375
0 0.49759615384615385 0.6814903846153846 0.06850961538461539 0.09495192307692307
0 0.4182692307692308 0.6911057692307693 0.078125 0.0985576923076923
0 0.38461538461538464 0.7319711538461539 0.051682692307692304 0.055288461538461536
0 0.5024038461538461 0.546875 0.0829326923076923 0.11057692307692307
0 0.5817307692307693 0.3918269230769231 0.10096153846153846 0.14903846153846154
0 0.5300480769230769 0.42788461538461536 0.06610576923076923 0.06971153846153846
0 0.40384615384615385 0.4639423076923077 0.07451923076923077 0.06610576923076923
0 0.4519230769230769 0.3713942307692308 0.06129807692307692 0.08413461538461539
0 0.4230769230769231 0.3245192307692308 0.0733173076923077 0.09014423076923077
0 0.5745192307692307 0.17908653846153846 0.06850961538461539 0.109375
0 0.5216346153846154 0.08413461538461539 0.09495192307692307 0.16706730769230768
0 0.4375 0.7980769230769231 0.0625 0.030048076923076924
0 0.5096153846153846 0.3449519230769231 0.07451923076923077 0.056490384615384616
0 0.5408653846153846 0.12379807692307693 0.051682692307692304 0.08173076923076923