0 0.7271634615384616 0.5216346153846154 0.3485576923076923 0.1658653846153846
0 0.12139423076923077 0.6213942307692307 0.24278846153846154 0.14182692307692307
0 0.35336538461538464 0.30288461538461536 0.2091346153846154 0.1201923076923077
0 0.8377403846153846 0.34975961538461536 0.31971153846153844 0.12980769230769232
0 0.46274038461538464 0.4411057692307692 0.2920673076923077 0.1201923076923077
0 0.5612980769230769 0.21514423076923078 0.3629807692307692 0.11899038461538461
0 0.4963942307692308 0.28846153846153844 0.265625 0.1141826923076923
0 0.7427884615384616 0.8100961538461539 0.2704326923076923 0.11298076923076923
0 0.31850961538461536 0.07932692307692307 0.3545673076923077 0.11538461538461539
0 0.5516826923076923 0.7836538461538461 0.328125 0.109375
0 0.14903846153846154 0.14903846153846154 0.2644230769230769 0.10576923076923077
0 0.13581730769230768 0.8245192307692307 0.27163461538461536 0.1045673076923077
0 0.1502403846153846 0.47475961538461536 0.3004807692307692 0.10336538461538461
0 0.8389423076923077 0.6983173076923077 0.3016826923076923 0.0985576923076923
0 0.2536057692307692 0.6802884615384616 0.2512019230769231 0.09014423076923077
0 0.10576923076923077 0.3713942307692308 0.20192307692307693 0.08774038461538461
0 0.9278846153846154 0.9543269230769231 0.09975961538461539 0.08173076923076923
0 0.5492788461538461 0.8064903846153846 0.2956730769230769 0.0889423076923077
0 0.4206730769230769 0.7716346153846154 0.19951923076923078 0.08413461538461539
0 0.9543269230769231 0.515625 0.08774038461538461 0.078125
0 0.13701923076923078 0.8930288461538461 0.27403846153846156 0.0889423076923077
0 0.22235576923076922 0.39903846153846156 0.08413461538461539 0.0733173076923077
0 0.9699519230769231 0.07932692307692307 0.056490384615384616 0.078125
0 0.421875 0.8509615384615384 0.28125 0.0829326923076923
0 0.5528846153846154 0.5480769230769231 0.140625 0.07451923076923077
0 0.7788461538461539 0.2824519230769231 0.19951923076923078 0.078125
0 0.9014423076923077 0.8762019230769231 0.15985576923076922 0.07451923076923077
0 0.6045673076923077 0.6538461538461539 0.2283653846153846 0.0733173076923077
0 0.28725961538461536 0.6105769230769231 0.13581730769230768 0.06370192307692307
0 0.5540865384615384 0.7271634615384616 0.2776442307692308 0.06610576923076923
0 0.09014423076923077 0.5865384615384616 0.18028846153846154 0.0625
0 0.6394230769230769 0.9783653846153846 0.27524038461538464 0.038461538461538464
0 0.2848557692307692 0.9675480769230769 0.2704326923076923 0.055288461538461536
0 0.9951923076923077 0.15504807692307693 0.006009615384615385 0.055288461538461536