2 0.22716346153846154 0.6442307692307693 0.0889423076923077 0.09375
2 0.6971153846153846 0.6105769230769231 0.051682692307692304 0.06370192307692307
2 0.8533653846153846 0.6262019230769231 0.052884615384615384 0.0625
2 0.8088942307692307 0.6237980769230769 0.036057692307692304 0.055288461538461536
2 0.9411057692307693 0.6358173076923077 0.08774038461538461 0.057692307692307696
2 0.7716346153846154 0.6213942307692307 0.03125 0.052884615384615384
2 0.5817307692307693 0.5673076923076923 0.0673076923076923 0.052884615384615384
2 0.3485576923076923 0.5060096153846154 0.05048076923076923 0.05048076923076923
2 0.9134615384615384 0.6153846153846154 0.057692307692307696 0.04807692307692308
2 0.6490384615384616 0.5745192307692307 0.036057692307692304 0.04326923076923077
2 0.9627403846153846 0.6009615384615384 0.04326923076923077 0.042067307692307696
2 0.22596153846153846 0.49399038461538464 0.046875 0.036057692307692304
2 0.7427884615384616 0.6286057692307693 0.056490384615384616 0.03485576923076923
2 0.4387019230769231 0.5829326923076923 0.04567307692307692 0.030048076923076924
2 0.9879807692307693 0.6274038461538461 0.007211538461538462 0.02403846153846154
2 0.14903846153846154 0.7788461538461539 0.2980769230769231 0.1045673076923077