2 0.18629807692307693 0.8605769230769231 0.3425480769230769 0.18629807692307693
2 0.6466346153846154 0.4795673076923077 0.18269230769230768 0.140625
2 0.42908653846153844 0.2608173076923077 0.1346153846153846 0.12620192307692307
2 0.7716346153846154 0.16346153846153846 0.078125 0.0733173076923077
2 0.5997596153846154 0.1778846153846154 0.07211538461538461 0.06129807692307692
2 0.8509615384615384 0.15985576923076922 0.046875 0.056490384615384616
2 0.9591346153846154 0.14543269230769232 0.04807692307692308 0.057692307692307696
2 0.3762019230769231 0.36177884615384615 0.19951923076923078 0.05889423076923077
2 0.8882211538461539 0.16346153846153846 0.051682692307692304 0.038461538461538464
2 0.7235576923076923 0.1658653846153846 0.03485576923076923 0.03485576923076923
2 0.6754807692307693 0.17548076923076922 0.05889423076923077 0.03485576923076923