0 0.6262019230769231 0.5973557692307693 0.3112980769230769 0.15985576923076922
0 0.4074519230769231 0.5528846153846154 0.29086538461538464 0.14903846153846154
0 0.4735576923076923 0.33052884615384615 0.1622596153846154 0.13581730769230768
0 0.42908653846153844 0.4254807692307692 0.19230769230769232 0.13221153846153846
0 0.15745192307692307 0.6081730769230769 0.18629807692307693 0.125
0 0.9050480769230769 0.5288461538461539 0.1875 0.12379807692307693
0 0.6935096153846154 0.47115384615384615 0.125 0.1141826923076923
0 0.6274038461538461 0.40024038461538464 0.15745192307692307 0.10817307692307693
0 0.15264423076923078 0.3581730769230769 0.171875 0.10817307692307693
0 0.25961538461538464 0.3401442307692308 0.13581730769230768 0.1045673076923077
0 0.859375 0.44471153846153844 0.1622596153846154 0.10576923076923077
0 0.19471153846153846 0.4543269230769231 0.2247596153846154 0.10336538461538461
0 0.06610576923076923 0.3401442307692308 0.12139423076923077 0.09495192307692307
0 0.14423076923076922 0.5144230769230769 0.19831730769230768 0.09495192307692307
0 0.7151442307692307 0.3137019230769231 0.10336538461538461 0.09014423076923077
0 0.40024038461538464 0.30408653846153844 0.13701923076923078 0.09254807692307693
4 0.9086538461538461 0.16346153846153846 0.18028846153846154 0.08173076923076923
0 0.5685096153846154 0.10096153846153846 0.08774038461538461 0.042067307692307696
0 0.12139423076923077 0.055288461538461536 0.09254807692307693 0.037259615384615384
0 0.3545673076923077 0.08533653846153846 0.046875 0.026442307692307692