6 0.6021634615384616 0.43028846153846156 0.057692307692307696 0.1502403846153846
4 0.6153846153846154 0.6286057692307693 0.042067307692307696 0.1346153846153846
0 0.3004807692307692 0.8040865384615384 0.015625 0.10817307692307693
0 0.36177884615384615 0.8762019230769231 0.019230769230769232 0.10576923076923077
0 0.48677884615384615 0.6911057692307693 0.026442307692307692 0.09375
0 0.4735576923076923 0.4326923076923077 0.02403846153846154 0.0673076923076923
0 0.5504807692307693 0.7079326923076923 0.01201923076923077 0.04567307692307692
0 0.5252403846153846 0.6057692307692307 0.01201923076923077 0.040865384615384616
0 0.44711538461538464 0.7776442307692307 0.03125 0.03125
0 0.41947115384615385 0.7560096153846154 0.019230769230769232 0.025240384615384616
0 0.6394230769230769 0.8786057692307693 0.006009615384615385 0.02403846153846154
0 0.6574519230769231 0.9050480769230769 0.009615384615384616 0.021634615384615384
0 0.3918269230769231 0.9615384615384616 0.016826923076923076 0.021634615384615384
0 0.7307692307692307 0.7487980769230769 0.006009615384615385 0.019230769230769232
0 0.49278846153846156 0.5841346153846154 0.015625 0.019230769230769232
0 0.6682692307692307 0.8762019230769231 0.007211538461538462 0.019230769230769232
0 0.5024038461538461 0.4254807692307692 0.021634615384615384 0.016826923076923076
0 0.71875 0.7091346153846154 0.004807692307692308 0.014423076923076924
0 0.6286057692307693 0.8353365384615384 0.009615384615384616 0.010817307692307692
0 0.6081730769230769 0.8629807692307693 0.009615384615384616 0.010817307692307692