3 0.42788461538461536 0.3605769230769231 0.0733173076923077 0.1045673076923077
3 0.5036057692307693 0.3605769230769231 0.06971153846153846 0.09975961538461539
3 0.054086538461538464 0.27403846153846156 0.0889423076923077 0.09735576923076923
3 0.6009615384615384 0.35336538461538464 0.0673076923076923 0.09014423076923077
3 0.6730769230769231 0.5913461538461539 0.30649038461538464 0.10336538461538461
3 0.4050480769230769 0.23076923076923078 0.037259615384615384 0.0733173076923077
3 0.5372596153846154 0.2403846153846154 0.052884615384615384 0.0733173076923077
3 0.9074519230769231 0.2932692307692308 0.09014423076923077 0.06850961538461539
3 0.45072115384615385 0.22596153846153846 0.06370192307692307 0.06610576923076923
3 0.6706730769230769 0.36778846153846156 0.0733173076923077 0.0625
3 0.19471153846153846 0.07211538461538461 0.057692307692307696 0.05048076923076923
3 0.953125 0.36778846153846156 0.08173076923076923 0.06370192307692307