6 0.9543269230769231 0.8533653846153846 0.06850961538461539 0.1141826923076923
6 0.3581730769230769 0.5348557692307693 0.25600961538461536 0.1141826923076923
6 0.5949519230769231 0.5348557692307693 0.2127403846153846 0.1045673076923077
4 0.5072115384615384 0.14543269230769232 0.22956730769230768 0.07211538461538461
6 0.3233173076923077 0.4375 0.15144230769230768 0.06610576923076923
4 0.703125 0.2439903846153846 0.17067307692307693 0.05889423076923077
4 0.08774038461538461 0.2668269230769231 0.09014423076923077 0.055288461538461536
0 0.3894230769230769 0.030048076923076924 0.1201923076923077 0.051682692307692304
0 0.3605769230769231 0.019230769230769232 0.1141826923076923 0.037259615384615384
0 0.28966346153846156 0.016826923076923076 0.1201923076923077 0.03245192307692308
0 0.17307692307692307 0.02403846153846154 0.09254807692307693 0.04326923076923077
0 0.6394230769230769 0.02283653846153846 0.055288461538461536 0.037259615384615384
0 0.26802884615384615 0.06129807692307692 0.07211538461538461 0.03485576923076923
0 0.21875 0.003605769230769231 0.08413461538461539 0.007211538461538462
4 0.3088942307692308 0.19471153846153846 0.10576923076923077 0.04807692307692308