2 0.5168269230769231 0.48197115384615385 0.11538461538461539 0.12980769230769232
2 0.3918269230769231 0.40024038461538464 0.038461538461538464 0.06129807692307692
2 0.5901442307692307 0.38822115384615385 0.038461538461538464 0.057692307692307696
2 0.7439903846153846 0.37259615384615385 0.037259615384615384 0.055288461538461536
2 0.6418269230769231 0.35216346153846156 0.04326923076923077 0.04567307692307692
2 0.9507211538461539 0.3473557692307692 0.03125 0.04326923076923077
2 0.6959134615384616 0.3858173076923077 0.057692307692307696 0.04326923076923077
2 0.7884615384615384 0.36538461538461536 0.036057692307692304 0.040865384615384616
2 0.8076923076923077 0.3581730769230769 0.025240384615384616 0.036057692307692304
2 0.5492788461538461 0.3798076923076923 0.02403846153846154 0.030048076923076924
2 0.8966346153846154 0.36177884615384615 0.025240384615384616 0.02403846153846154
2 0.5012019230769231 0.3870192307692308 0.036057692307692304 0.038461538461538464