0 0.06610576923076923 0.6189903846153846 0.13221153846153846 0.12379807692307693
0 0.39783653846153844 0.6658653846153846 0.2860576923076923 0.11899038461538461
0 0.6201923076923077 0.42908653846153844 0.24879807692307693 0.109375
4 0.6911057692307693 0.2692307692307692 0.6177884615384616 0.109375
0 0.19471153846153846 0.5877403846153846 0.1778846153846154 0.1045673076923077
0 0.375 0.3798076923076923 0.16826923076923078 0.10336538461538461
0 0.41225961538461536 0.5060096153846154 0.16105769230769232 0.10336538461538461
0 0.9266826923076923 0.47475961538461536 0.14423076923076922 0.10096153846153846
0 0.7391826923076923 0.7103365384615384 0.1875 0.09735576923076923
0 0.9122596153846154 0.71875 0.171875 0.0985576923076923
0 0.6346153846153846 0.5348557692307693 0.12860576923076922 0.09735576923076923
0 0.36177884615384615 0.5637019230769231 0.15144230769230768 0.09375
0 0.6213942307692307 0.3317307692307692 0.18269230769230768 0.08774038461538461
0 0.8293269230769231 0.4362980769230769 0.1502403846153846 0.08173076923076923
0 0.21754807692307693 0.5 0.1466346153846154 0.078125
0 0.7956730769230769 0.5612980769230769 0.16826923076923078 0.078125
0 0.5685096153846154 0.6165865384615384 0.14543269230769232 0.07451923076923077
0 0.9278846153846154 0.5564903846153846 0.14423076923076922 0.06850961538461539
0 0.9290865384615384 0.6286057692307693 0.140625 0.0625
0 0.9591346153846154 0.18629807692307693 0.08173076923076923 0.037259615384615384
0 0.33653846153846156 0.27163461538461536 0.0733173076923077 0.025240384615384616
0 0.21033653846153846 0.2091346153846154 0.05889423076923077 0.021634615384615384
0 0.8954326923076923 0.109375 0.025240384615384616 0.021634615384615384
0 0.6622596153846154 0.17067307692307693 0.051682692307692304 0.021634615384615384
0 0.8509615384615384 0.1875 0.057692307692307696 0.019230769230769232
0 0.2620192307692308 0.02283653846153846 0.040865384615384616 0.015625
0 0.6237980769230769 0.06370192307692307 0.040865384615384616 0.01201923076923077