0 0.1622596153846154 0.1778846153846154 0.03245192307692308 0.08173076923076923
0 0.6862980769230769 0.8064903846153846 0.08774038461538461 0.0829326923076923
0 0.7175480769230769 0.23557692307692307 0.06610576923076923 0.07932692307692307
0 0.9795673076923077 0.5733173076923077 0.03125 0.0625
0 0.6766826923076923 0.3449519230769231 0.056490384615384616 0.056490384615384616
0 0.4987980769230769 0.2668269230769231 0.027644230769230768 0.05048076923076923
0 0.28846153846153844 0.29086538461538464 0.015625 0.04807692307692308
0 0.7560096153846154 0.15745192307692307 0.020432692307692308 0.04807692307692308
0 0.24879807692307693 0.16105769230769232 0.021634615384615384 0.046875
0 0.3389423076923077 0.08413461538461539 0.021634615384615384 0.042067307692307696
0 0.23076923076923078 0.2283653846153846 0.03245192307692308 0.03485576923076923
0 0.5697115384615384 0.1346153846153846 0.051682692307692304 0.027644230769230768
0 0.21394230769230768 0.4543269230769231 0.04567307692307692 0.026442307692307692
0 0.5408653846153846 0.22115384615384615 0.046875 0.026442307692307692
0 0.2776442307692308 0.3701923076923077 0.042067307692307696 0.025240384615384616
0 0.9495192307692307 0.17307692307692307 0.030048076923076924 0.02403846153846154
0 0.9711538461538461 0.13341346153846154 0.019230769230769232 0.01201923076923077
6 0.6237980769230769 0.609375 0.3545673076923077 0.5036057692307693