4 0.9002403846153846 0.4110576923076923 0.19471153846153846 0.09254807692307693
0 0.08173076923076923 0.3485576923076923 0.1622596153846154 0.08774038461538461
4 0.8485576923076923 0.5961538461538461 0.265625 0.08173076923076923
0 0.1778846153846154 0.8990384615384616 0.08173076923076923 0.07692307692307693
4 0.15264423076923078 0.6201923076923077 0.19110576923076922 0.07692307692307693
0 0.27524038461538464 0.3954326923076923 0.17548076923076922 0.055288461538461536
0 0.3425480769230769 0.3737980769230769 0.18389423076923078 0.055288461538461536
0 0.4855769230769231 0.49399038461538464 0.11057692307692307 0.04807692307692308
0 0.3329326923076923 0.5576923076923077 0.1814903846153846 0.05048076923076923
0 0.05889423076923077 0.4735576923076923 0.11778846153846154 0.05048076923076923
0 0.41586538461538464 0.42788461538461536 0.15264423076923078 0.046875
0 0.3894230769230769 0.4879807692307692 0.13701923076923078 0.046875
0 0.23557692307692307 0.43990384615384615 0.1310096153846154 0.038461538461538464
0 0.16466346153846154 0.46153846153846156 0.11298076923076923 0.038461538461538464
0 0.4795673076923077 0.44471153846153844 0.08173076923076923 0.037259615384615384
0 0.009615384615384616 0.421875 0.019230769230769232 0.036057692307692304
4 0.6887019230769231 0.6935096153846154 0.2920673076923077 0.11538461538461539