6 0.9387019230769231 0.8401442307692307 0.09014423076923077 0.11538461538461539
6 0.3389423076923077 0.5096153846153846 0.25721153846153844 0.11899038461538461
6 0.5769230769230769 0.515625 0.21394230769230768 0.10817307692307693
4 0.4951923076923077 0.12379807692307693 0.23076923076923078 0.07692307692307693
6 0.30649038461538464 0.41346153846153844 0.15264423076923078 0.0673076923076923
4 0.6887019230769231 0.22716346153846154 0.171875 0.0625
4 0.07451923076923077 0.23918269230769232 0.09014423076923077 0.056490384615384616
0 0.37740384615384615 0.016826923076923076 0.1201923076923077 0.03365384615384615
0 0.34975961538461536 0.008413461538461538 0.11538461538461539 0.016826923076923076
0 0.2800480769230769 0.006009615384615385 0.12139423076923077 0.010817307692307692
0 0.16346153846153846 0.010817307692307692 0.09495192307692307 0.021634615384615384
0 0.6298076923076923 0.014423076923076924 0.056490384615384616 0.020432692307692308
0 0.25721153846153844 0.036057692307692304 0.07211538461538461 0.036057692307692304
4 0.296875 0.17067307692307693 0.10817307692307693 0.05048076923076923