2 0.4855769230769231 0.5048076923076923 0.12379807692307693 0.13701923076923078
2 0.35216346153846156 0.4170673076923077 0.042067307692307696 0.06610576923076923
2 0.5661057692307693 0.4026442307692308 0.042067307692307696 0.0625
2 0.7307692307692307 0.3870192307692308 0.040865384615384616 0.057692307692307696
2 0.6189903846153846 0.36538461538461536 0.046875 0.04807692307692308
2 0.9519230769230769 0.3581730769230769 0.03485576923076923 0.046875
2 0.6790865384615384 0.40024038461538464 0.0625 0.046875
2 0.7776442307692307 0.3786057692307692 0.037259615384615384 0.04326923076923077
2 0.7992788461538461 0.3713942307692308 0.026442307692307692 0.038461538461538464
2 0.5216346153846154 0.3942307692307692 0.026442307692307692 0.03125
2 0.8942307692307693 0.3737980769230769 0.026442307692307692 0.025240384615384616
2 0.46875 0.40024038461538464 0.037259615384615384 0.042067307692307696