1 0.1778846153846154 0.7115384615384616 0.21754807692307693 0.1310096153846154
1 0.42427884615384615 0.6286057692307693 0.29086538461538464 0.125
1 0.8533653846153846 0.7596153846153846 0.1201923076923077 0.09254807692307693
1 0.6177884615384616 0.6622596153846154 0.203125 0.09735576923076923
1 0.6862980769230769 0.8521634615384616 0.13701923076923078 0.08653846153846154
1 0.6730769230769231 0.6213942307692307 0.24879807692307693 0.08774038461538461
1 0.7355769230769231 0.7512019230769231 0.11899038461538461 0.06971153846153846
1 0.2692307692307692 0.5144230769230769 0.16346153846153846 0.06610576923076923
1 0.03365384615384615 0.5889423076923077 0.05889423076923077 0.046875
1 0.10576923076923077 0.38221153846153844 0.09495192307692307 0.04326923076923077
1 0.9591346153846154 0.6550480769230769 0.07932692307692307 0.04326923076923077
1 0.051682692307692304 0.7560096153846154 0.06971153846153846 0.036057692307692304
1 0.8557692307692307 0.6814903846153846 0.17307692307692307 0.0625