1 0.09134615384615384 0.10096153846153846 0.15985576923076922 0.13942307692307693
1 0.09254807692307693 0.6971153846153846 0.15985576923076922 0.1310096153846154
1 0.8233173076923077 0.47475961538461536 0.15625 0.11778846153846154
1 0.05889423076923077 0.38461538461538464 0.1141826923076923 0.1045673076923077
1 0.4050480769230769 0.7055288461538461 0.18269230769230768 0.09975961538461539
1 0.2247596153846154 0.8689903846153846 0.0985576923076923 0.0985576923076923
1 0.07692307692307693 0.4675480769230769 0.15264423076923078 0.09735576923076923
1 0.4026442307692308 0.5192307692307693 0.13221153846153846 0.09254807692307693
1 0.9387019230769231 0.2692307692307692 0.1201923076923077 0.09375
1 0.43509615384615385 0.8846153846153846 0.1502403846153846 0.0829326923076923
1 0.5865384615384616 0.9591346153846154 0.12139423076923077 0.078125
1 0.08774038461538461 0.9278846153846154 0.16105769230769232 0.078125
1 0.5108173076923077 0.5204326923076923 0.15504807692307693 0.07211538461538461
1 0.28966346153846156 0.5408653846153846 0.14543269230769232 0.06129807692307692
1 0.6310096153846154 0.5360576923076923 0.12980769230769232 0.052884615384615384