0 0.6382211538461539 0.05889423076923077 0.3581730769230769 0.11778846153846154
4 0.5336538461538461 0.39302884615384615 0.421875 0.140625
0 0.052884615384615384 0.1622596153846154 0.1045673076923077 0.09375
0 0.07091346153846154 0.24879807692307693 0.14182692307692307 0.09495192307692307
4 0.23918269230769232 0.5913461538461539 0.19471153846153846 0.08173076923076923
0 0.9206730769230769 0.14423076923076922 0.125 0.06971153846153846
0 0.21634615384615385 0.6838942307692307 0.11057692307692307 0.06610576923076923
4 0.49278846153846156 0.6802884615384616 0.06610576923076923 0.042067307692307696
0 0.6838942307692307 0.4254807692307692 0.055288461538461536 0.036057692307692304
0 0.4795673076923077 0.30288461538461536 0.0733173076923077 0.03485576923076923
6 0.038461538461538464 0.7920673076923077 0.04807692307692308 0.03245192307692308
0 0.22596153846153846 0.4951923076923077 0.10336538461538461 0.03245192307692308
0 0.6237980769230769 0.4987980769230769 0.042067307692307696 0.027644230769230768
0 0.3245192307692308 0.43149038461538464 0.07692307692307693 0.030048076923076924
0 0.5612980769230769 0.4110576923076923 0.0889423076923077 0.030048076923076924
0 0.7307692307692307 0.5348557692307693 0.036057692307692304 0.02403846153846154
0 0.6466346153846154 0.515625 0.042067307692307696 0.021634615384615384
0 0.6899038461538461 0.5396634615384616 0.03485576923076923 0.021634615384615384
0 0.5973557692307693 0.4963942307692308 0.009615384615384616 0.019230769230769232
0 0.6117788461538461 0.5456730769230769 0.025240384615384616 0.014423076923076924
0 0.6189903846153846 0.5240384615384616 0.02403846153846154 0.014423076923076924
0 0.6778846153846154 0.5324519230769231 0.027644230769230768 0.010817307692307692
0 0.5685096153846154 0.5480769230769231 0.02403846153846154 0.010817307692307692