0 0.48677884615384615 0.1971153846153846 0.9735576923076923 0.3942307692307692
0 0.8653846153846154 0.2247596153846154 0.2608173076923077 0.2439903846153846
0 0.8197115384615384 0.47115384615384615 0.3581730769230769 0.24278846153846154
4 0.3137019230769231 0.5084134615384616 0.6274038461538461 0.22355769230769232
0 0.7463942307692307 0.7463942307692307 0.3798076923076923 0.140625
0 0.6514423076923077 0.5877403846153846 0.30528846153846156 0.10817307692307693
0 0.0673076923076923 0.5108173076923077 0.1346153846153846 0.08653846153846154
0 0.18870192307692307 0.8653846153846154 0.203125 0.08413461538461539
0 0.18389423076923078 0.5901442307692307 0.08413461538461539 0.06971153846153846
4 0.390625 0.8401442307692307 0.1045673076923077 0.06850961538461539
0 0.16706730769230768 0.6514423076923077 0.10576923076923077 0.06850961538461539
0 0.35336538461538464 0.6514423076923077 0.13701923076923078 0.06129807692307692
0 0.8149038461538461 0.6370192307692307 0.09375 0.052884615384615384
0 0.9747596153846154 0.9579326923076923 0.046875 0.05048076923076923
0 0.47836538461538464 0.6610576923076923 0.0889423076923077 0.04567307692307692
0 0.6911057692307693 0.6526442307692307 0.0733173076923077 0.04326923076923077
0 0.41346153846153844 0.7043269230769231 0.040865384615384616 0.04326923076923077
0 0.5637019230769231 0.6790865384615384 0.0733173076923077 0.042067307692307696
0 0.3942307692307692 0.6658653846153846 0.10817307692307693 0.040865384615384616
0 0.9759615384615384 0.7139423076923077 0.04567307692307692 0.03485576923076923
0 0.5745192307692307 0.6586538461538461 0.08413461538461539 0.026442307692307692