6 0.6706730769230769 0.6658653846153846 0.32211538461538464 0.33413461538461536
0 0.08653846153846154 0.051682692307692304 0.051682692307692304 0.09375
0 0.23076923076923078 0.8557692307692307 0.037259615384615384 0.06850961538461539
0 0.8461538461538461 0.1045673076923077 0.036057692307692304 0.05889423076923077
0 0.7980769230769231 0.125 0.03485576923076923 0.057692307692307696
0 0.009615384615384616 0.3894230769230769 0.006009615384615385 0.046875
0 0.6887019230769231 0.05048076923076923 0.07692307692307693 0.05048076923076923
0 0.6923076923076923 0.4026442307692308 0.025240384615384616 0.04326923076923077
0 0.9014423076923077 0.12259615384615384 0.040865384615384616 0.038461538461538464
0 0.7079326923076923 0.03245192307692308 0.06370192307692307 0.037259615384615384
0 0.8365384615384616 0.16466346153846154 0.020432692307692308 0.03485576923076923
0 0.010817307692307692 0.515625 0.021634615384615384 0.03125
0 0.6057692307692307 0.2283653846153846 0.06370192307692307 0.03125
0 0.15144230769230768 0.25961538461538464 0.06129807692307692 0.030048076923076924
0 0.6574519230769231 0.20072115384615385 0.027644230769230768 0.025240384615384616
0 0.6730769230769231 0.16346153846153846 0.026442307692307692 0.025240384615384616
0 0.6322115384615384 0.13341346153846154 0.06129807692307692 0.025240384615384616
0 0.4495192307692308 0.44471153846153844 0.040865384615384616 0.021634615384615384
0 0.9242788461538461 0.21394230769230768 0.036057692307692304 0.019230769230769232
0 0.49278846153846156 0.29086538461538464 0.016826923076923076 0.016826923076923076