2 0.47596153846153844 0.7223557692307693 0.3449519230769231 0.24278846153846154
2 0.4423076923076923 0.5060096153846154 0.06129807692307692 0.10096153846153846
2 0.33653846153846156 0.5144230769230769 0.051682692307692304 0.09735576923076923
2 0.6189903846153846 0.5504807692307693 0.052884615384615384 0.07932692307692307
2 0.12980769230769232 0.49278846153846156 0.04567307692307692 0.07932692307692307
2 0.37740384615384615 0.5192307692307693 0.038461538461538464 0.06971153846153846
2 0.5084134615384616 0.5276442307692307 0.04326923076923077 0.06971153846153846
2 0.5252403846153846 0.5240384615384616 0.030048076923076924 0.06129807692307692
2 0.20793269230769232 0.5096153846153846 0.03125 0.05889423076923077
2 0.21754807692307693 0.4987980769230769 0.030048076923076924 0.055288461538461536
2 0.28365384615384615 0.5276442307692307 0.016826923076923076 0.042067307692307696
2 0.25721153846153844 0.5288461538461539 0.027644230769230768 0.036057692307692304
2 0.11298076923076923 0.4519230769230769 0.03125 0.056490384615384616