1 0.7692307692307693 0.25 0.23317307692307693 0.13581730769230768
1 0.6862980769230769 0.3762019230769231 0.21153846153846154 0.10096153846153846
1 0.8329326923076923 0.6394230769230769 0.13221153846153846 0.08413461538461539
1 0.9783653846153846 0.7956730769230769 0.03125 0.07451923076923077
1 0.46274038461538464 0.734375 0.13581730769230768 0.07211538461538461
1 0.8365384615384616 0.9939903846153846 0.1971153846153846 0.007211538461538462
1 0.11899038461538461 0.8076923076923077 0.06610576923076923 0.06129807692307692
1 0.3605769230769231 0.484375 0.12980769230769232 0.06129807692307692
1 0.5180288461538461 0.3858173076923077 0.10096153846153846 0.052884615384615384
1 0.5637019230769231 0.7512019230769231 0.08653846153846154 0.04807692307692308
1 0.2403846153846154 0.016826923076923076 0.2127403846153846 0.03245192307692308
1 0.1141826923076923 0.5096153846153846 0.078125 0.04326923076923077
1 0.9194711538461539 0.8846153846153846 0.07932692307692307 0.042067307692307696
1 0.026442307692307692 0.40625 0.046875 0.037259615384615384
1 0.7355769230769231 0.48677884615384615 0.09495192307692307 0.03485576923076923
1 0.8377403846153846 0.3858173076923077 0.055288461538461536 0.03245192307692308
1 0.8449519230769231 0.8149038461538461 0.05889423076923077 0.03125
1 0.2776442307692308 0.6418269230769231 0.07692307692307693 0.026442307692307692
1 0.31850961538461536 0.9759615384615384 0.109375 0.04326923076923077