4 0.9050480769230769 0.3954326923076923 0.1658653846153846 0.13221153846153846
0 0.3473557692307692 0.025240384615384616 0.07451923076923077 0.04807692307692308
0 0.9254807692307693 0.030048076923076924 0.1346153846153846 0.06009615384615385
4 0.9158653846153846 0.09375 0.15264423076923078 0.07932692307692307
4 0.8762019230769231 0.20793269230769232 0.1778846153846154 0.0733173076923077
0 0.7620192307692307 0.12620192307692307 0.09014423076923077 0.055288461538461536
0 0.5288461538461539 0.5973557692307693 0.1778846153846154 0.051682692307692304
4 0.03125 0.4543269230769231 0.0625 0.051682692307692304
0 0.44350961538461536 0.27403846153846156 0.09975961538461539 0.04567307692307692
0 0.30408653846153844 0.20192307692307693 0.06370192307692307 0.04326923076923077
0 0.6382211538461539 0.16826923076923078 0.10336538461538461 0.042067307692307696
0 0.6550480769230769 0.2127403846153846 0.08774038461538461 0.037259615384615384
0 0.19951923076923078 0.23317307692307693 0.06850961538461539 0.037259615384615384
0 0.3858173076923077 0.2512019230769231 0.10336538461538461 0.037259615384615384
0 0.06009615384615385 0.20432692307692307 0.07932692307692307 0.036057692307692304
0 0.027644230769230768 0.2704326923076923 0.055288461538461536 0.037259615384615384
0 0.5456730769230769 0.21394230769230768 0.10096153846153846 0.036057692307692304
6 0.3449519230769231 0.5612980769230769 0.08774038461538461 0.03485576923076923
0 0.2127403846153846 0.2283653846153846 0.0673076923076923 0.03485576923076923
0 0.1622596153846154 0.23918269230769232 0.0625 0.03245192307692308
0 0.3004807692307692 0.5240384615384616 0.09975961538461539 0.03125
0 0.1971153846153846 0.27283653846153844 0.07211538461538461 0.03125
0 0.39903846153846156 0.5168269230769231 0.0673076923076923 0.030048076923076924
0 0.08413461538461539 0.25721153846153844 0.05889423076923077 0.026442307692307692
0 0.0673076923076923 0.23317307692307693 0.07211538461538461 0.025240384615384616
0 0.21033653846153846 0.019230769230769232 0.15745192307692307 0.03125