6 0.004807692307692308 0.8161057692307693 0.009615384615384616 0.11899038461538461
6 0.6225961538461539 0.5612980769230769 0.2692307692307692 0.1310096153846154
6 0.3786057692307692 0.5336538461538461 0.2247596153846154 0.1201923076923077
4 0.5192307692307693 0.14302884615384615 0.2403846153846154 0.08653846153846154
6 0.6706730769230769 0.4675480769230769 0.16105769230769232 0.07692307692307693
4 0.30528846153846156 0.22115384615384615 0.1778846153846154 0.06971153846153846
4 0.9338942307692307 0.32211538461538464 0.09495192307692307 0.06129807692307692
0 0.6550480769230769 0.039663461538461536 0.12620192307692307 0.05889423076923077
0 0.6875 0.03245192307692308 0.1201923076923077 0.04567307692307692
0 0.7596153846153846 0.037259615384615384 0.12620192307692307 0.04326923076923077
0 0.8774038461538461 0.06009615384615385 0.0985576923076923 0.05048076923076923
0 0.39903846153846156 0.010817307692307692 0.05889423076923077 0.021634615384615384
0 0.7752403846153846 0.08653846153846154 0.07451923076923077 0.038461538461538464
0 0.8341346153846154 0.03125 0.08413461538461539 0.015625
4 0.7151442307692307 0.21995192307692307 0.11298076923076923 0.056490384615384616