1 0.11298076923076923 0.7139423076923077 0.21875 0.12620192307692307
1 0.3737980769230769 0.640625 0.3004807692307692 0.11778846153846154
1 0.8185096153846154 0.8016826923076923 0.12139423076923077 0.09014423076923077
1 0.5745192307692307 0.6862980769230769 0.2091346153846154 0.09014423076923077
1 0.6382211538461539 0.8894230769230769 0.140625 0.0829326923076923
1 0.6370192307692307 0.6466346153846154 0.25721153846153844 0.078125
1 0.6935096153846154 0.7860576923076923 0.12139423076923077 0.06850961538461539
1 0.21514423076923078 0.5120192307692307 0.16826923076923078 0.05889423076923077
1 0.052884615384615384 0.3629807692307692 0.0985576923076923 0.040865384615384616
1 0.9459134615384616 0.6971153846153846 0.1045673076923077 0.040865384615384616
1 0.8245192307692307 0.7199519230769231 0.1814903846153846 0.056490384615384616