1 0.15384615384615385 0.6586538461538461 0.22596153846153846 0.12980769230769232
1 0.4206730769230769 0.5997596153846154 0.3016826923076923 0.12379807692307693
1 0.8557692307692307 0.7824519230769231 0.12379807692307693 0.09375
1 0.6177884615384616 0.6550480769230769 0.21153846153846154 0.09495192307692307
1 0.6706730769230769 0.8617788461538461 0.14182692307692307 0.08653846153846154
1 0.6826923076923077 0.6189903846153846 0.25961538461538464 0.0829326923076923
1 0.7331730769230769 0.7608173076923077 0.12139423076923077 0.06971153846153846
1 0.2692307692307692 0.46274038461538464 0.17067307692307693 0.0625
1 0.02403846153846154 0.515625 0.04807692307692308 0.05048076923076923
1 0.1141826923076923 0.30528846153846156 0.0985576923076923 0.042067307692307696
1 0.9639423076923077 0.6850961538461539 0.057692307692307696 0.042067307692307696
1 0.027644230769230768 0.6911057692307693 0.055288461538461536 0.036057692307692304
1 0.8665865384615384 0.7019230769230769 0.1814903846153846 0.05889423076923077