0 0.4050480769230769 0.08413461538461539 0.23918269230769232 0.16706730769230768
0 0.025240384615384616 0.08653846153846154 0.05048076923076923 0.12620192307692307
0 0.44711538461538464 0.22115384615384615 0.10096153846153846 0.12139423076923077
0 0.27163461538461536 0.24278846153846154 0.12860576923076922 0.12379807692307693
0 0.48677884615384615 0.25600961538461536 0.06850961538461539 0.11298076923076923
0 0.7127403846153846 0.27403846153846156 0.11538461538461539 0.0985576923076923
0 0.35336538461538464 0.5084134615384616 0.12620192307692307 0.0889423076923077
0 0.24639423076923078 0.32091346153846156 0.09495192307692307 0.0829326923076923
0 0.9002403846153846 0.010817307692307692 0.13221153846153846 0.021634615384615384
4 0.3449519230769231 0.5997596153846154 0.13701923076923078 0.08413461538461539
4 0.8701923076923077 0.6394230769230769 0.18629807692307693 0.08173076923076923
0 0.30408653846153844 0.3485576923076923 0.09014423076923077 0.06610576923076923
4 0.9314903846153846 0.4543269230769231 0.11298076923076923 0.04326923076923077
6 0.9387019230769231 0.8125 0.10576923076923077 0.037259615384615384
0 0.8521634615384616 0.5300480769230769 0.11538461538461539 0.036057692307692304
0 0.9927884615384616 0.7692307692307693 0.010817307692307692 0.046875