0 0.5192307692307693 0.2127403846153846 0.09735576923076923 0.16706730769230768
0 0.5793269230769231 0.21634615384615385 0.078125 0.1622596153846154
0 0.6923076923076923 0.39663461538461536 0.109375 0.15504807692307693
0 0.46033653846153844 0.06971153846153846 0.10817307692307693 0.13942307692307693
0 0.036057692307692304 0.6983173076923077 0.051682692307692304 0.13942307692307693
0 0.6262019230769231 0.7956730769230769 0.11778846153846154 0.14182692307692307
0 0.5456730769230769 0.5060096153846154 0.09495192307692307 0.1346153846153846
0 0.8245192307692307 0.3762019230769231 0.0673076923076923 0.1310096153846154
0 0.5805288461538461 0.41586538461538464 0.0829326923076923 0.1310096153846154
0 0.38461538461538464 0.8004807692307693 0.052884615384615384 0.12620192307692307
0 0.46274038461538464 0.23317307692307693 0.0673076923076923 0.12860576923076922
0 0.6538461538461539 0.2824519230769231 0.07932692307692307 0.12860576923076922
0 0.6225961538461539 0.3641826923076923 0.10096153846153846 0.12860576923076922
0 0.29447115384615385 0.6802884615384616 0.04807692307692308 0.12139423076923077
0 0.4879807692307692 0.4411057692307692 0.08653846153846154 0.11057692307692307
0 0.2608173076923077 0.3762019230769231 0.04567307692307692 0.09495192307692307
0 0.234375 0.5697115384615384 0.037259615384615384 0.09375
0 0.31850961538461536 0.42788461538461536 0.036057692307692304 0.09375
0 0.3449519230769231 0.6286057692307693 0.037259615384615384 0.09375
0 0.1502403846153846 0.5769230769230769 0.03485576923076923 0.09014423076923077
0 0.5949519230769231 0.5372596153846154 0.08173076923076923 0.09014423076923077
0 0.625 0.6153846153846154 0.057692307692307696 0.08774038461538461
0 0.31490384615384615 0.3137019230769231 0.042067307692307696 0.0829326923076923
0 0.3605769230769231 0.7127403846153846 0.03485576923076923 0.08173076923076923
0 0.1622596153846154 0.46033653846153844 0.036057692307692304 0.07932692307692307
0 0.21995192307692307 0.46033653846153844 0.03245192307692308 0.0733173076923077
0 0.43149038461538464 0.16466346153846154 0.04807692307692308 0.06971153846153846
0 0.3425480769230769 0.2439903846153846 0.030048076923076924 0.0673076923076923
0 0.054086538461538464 0.5432692307692307 0.026442307692307692 0.06610576923076923
0 0.3088942307692308 0.5420673076923077 0.030048076923076924 0.0625
0 0.3401442307692308 0.5456730769230769 0.038461538461538464 0.0625
0 0.38461538461538464 0.32091346153846156 0.04807692307692308 0.052884615384615384
0 0.49038461538461536 0.7139423076923077 0.02403846153846154 0.05048076923076923
0 0.5180288461538461 0.8834134615384616 0.025240384615384616 0.04807692307692308
0 0.45072115384615385 0.8930288461538461 0.03245192307692308 0.04807692307692308
0 0.39663461538461536 0.2512019230769231 0.036057692307692304 0.046875
0 0.18269230769230768 0.17427884615384615 0.021634615384615384 0.04567307692307692
0 0.5360576923076923 0.7463942307692307 0.021634615384615384 0.04567307692307692
0 0.1658653846153846 0.036057692307692304 0.025240384615384616 0.030048076923076924
0 0.8377403846153846 0.6045673076923077 0.056490384615384616 0.042067307692307696
0 0.4735576923076923 0.7536057692307693 0.01201923076923077 0.038461538461538464
0 0.453125 0.8485576923076923 0.020432692307692308 0.037259615384615384
0 0.4891826923076923 0.7800480769230769 0.015625 0.036057692307692304
0 0.2512019230769231 0.20552884615384615 0.015625 0.03245192307692308
0 0.20793269230769232 0.18629807692307693 0.030048076923076924 0.03125
0 0.18629807692307693 0.12860576923076922 0.030048076923076924 0.03125
0 0.20192307692307693 0.23557692307692307 0.014423076923076924 0.026442307692307692
0 0.46274038461538464 0.7572115384615384 0.014423076923076924 0.027644230769230768
0 0.16105769230769232 0.23557692307692307 0.02403846153846154 0.026442307692307692
0 0.23798076923076922 0.08653846153846154 0.020432692307692308 0.025240384615384616
0 0.27524038461538464 0.15625 0.021634615384615384 0.025240384615384616
0 0.2932692307692308 0.14302884615384615 0.014423076923076924 0.020432692307692308
0 0.9831730769230769 0.7644230769230769 0.001201923076923077 0.001201923076923077
6 0.3629807692307692 0.5420673076923077 0.09014423076923077 0.3293269230769231