1 0.5504807692307693 0.4206730769230769 0.18028846153846154 0.13701923076923078
1 0.9146634615384616 0.4795673076923077 0.16706730769230768 0.1310096153846154
1 0.3088942307692308 0.6382211538461539 0.21514423076923078 0.12980769230769232
1 0.9375 0.3485576923076923 0.1201923076923077 0.12620192307692307
1 0.5288461538461539 0.5721153846153846 0.21875 0.125
1 0.7091346153846154 0.7379807692307693 0.23798076923076922 0.11899038461538461
1 0.08533653846153846 0.7800480769230769 0.15745192307692307 0.10336538461538461
1 0.8629807692307693 0.90625 0.18870192307692307 0.0985576923076923
1 0.3870192307692308 0.7536057692307693 0.13701923076923078 0.09495192307692307
1 0.5528846153846154 0.7980769230769231 0.171875 0.08774038461538461
1 0.8557692307692307 0.30649038461538464 0.14903846153846154 0.0829326923076923
1 0.046875 0.18629807692307693 0.09375 0.0829326923076923
1 0.32572115384615385 0.9855769230769231 0.13581730769230768 0.026442307692307692