0 0.7067307692307693 0.07932692307692307 0.10576923076923077 0.15865384615384615
4 0.3269230769230769 0.5072115384615384 0.265625 0.1502403846153846
0 0.5324519230769231 0.1622596153846154 0.17307692307692307 0.1466346153846154
0 0.8473557692307693 0.2548076923076923 0.08173076923076923 0.08173076923076923
4 0.7199519230769231 0.5865384615384616 0.12620192307692307 0.078125
0 0.7608173076923077 0.35697115384615385 0.14543269230769232 0.0733173076923077
4 0.9399038461538461 0.6730769230769231 0.11778846153846154 0.07451923076923077
0 0.9699519230769231 0.3557692307692308 0.055288461538461536 0.07211538461538461
0 0.6682692307692307 0.31971153846153844 0.17307692307692307 0.0625
0 0.9543269230769231 0.2824519230769231 0.0829326923076923 0.057692307692307696
0 0.9230769230769231 0.4026442307692308 0.06129807692307692 0.052884615384615384
0 0.9182692307692307 0.3293269230769231 0.08173076923076923 0.04567307692307692
0 0.7716346153846154 0.23798076923076922 0.06971153846153846 0.037259615384615384
0 0.8064903846153846 0.2668269230769231 0.07451923076923077 0.036057692307692304
0 0.8509615384615384 0.056490384615384616 0.1310096153846154 0.11298076923076923