0 0.6189903846153846 0.19831730769230768 0.4723557692307692 0.35096153846153844
0 0.4098557692307692 0.578125 0.2283653846153846 0.23798076923076922
0 0.15865384615384615 0.7536057692307693 0.2403846153846154 0.19471153846153846
0 0.2932692307692308 0.3942307692307692 0.13221153846153846 0.1935096153846154
0 0.9098557692307693 0.6634615384615384 0.046875 0.07451923076923077
0 0.6057692307692307 0.6346153846153846 0.056490384615384616 0.06610576923076923
0 0.7259615384615384 0.6213942307692307 0.07211538461538461 0.06370192307692307
0 0.9675480769230769 0.7403846153846154 0.06129807692307692 0.055288461538461536
0 0.5276442307692307 0.6670673076923077 0.06971153846153846 0.052884615384615384
0 0.6947115384615384 0.6838942307692307 0.09014423076923077 0.051682692307692304
0 0.8365384615384616 0.6742788461538461 0.08413461538461539 0.037259615384615384
0 0.6778846153846154 0.6141826923076923 0.056490384615384616 0.037259615384615384
0 0.9098557692307693 0.6838942307692307 0.10336538461538461 0.037259615384615384
0 0.9579326923076923 0.7403846153846154 0.08173076923076923 0.037259615384615384