0 0.11177884615384616 0.6057692307692307 0.12139423076923077 0.078125
0 0.03125 0.5456730769230769 0.05889423076923077 0.0733173076923077
0 0.31971153846153844 0.6057692307692307 0.12860576923076922 0.052884615384615384
0 0.21514423076923078 0.22716346153846154 0.12139423076923077 0.052884615384615384
0 0.27283653846153844 0.17548076923076922 0.1466346153846154 0.051682692307692304
0 0.0673076923076923 0.2776442307692308 0.13221153846153846 0.046875
0 0.5576923076923077 0.45072115384615385 0.08173076923076923 0.03485576923076923
0 0.45913461538461536 0.4831730769230769 0.08173076923076923 0.027644230769230768
0 0.5408653846153846 0.41346153846153844 0.0625 0.025240384615384616
0 0.43990384615384615 0.4014423076923077 0.03485576923076923 0.007211538461538462
6 0.5901442307692307 0.3762019230769231 0.4050480769230769 0.0889423076923077