0 0.5408653846153846 0.5204326923076923 0.15264423076923078 0.07211538461538461
0 0.9567307692307693 0.5913461538461539 0.078125 0.078125
0 0.38100961538461536 0.31850961538461536 0.14903846153846154 0.0733173076923077
0 0.7596153846153846 0.26322115384615385 0.16826923076923078 0.08413461538461539
0 0.47716346153846156 0.20192307692307693 0.13221153846153846 0.06971153846153846
0 0.2692307692307692 0.1971153846153846 0.109375 0.057692307692307696
0 0.3269230769230769 0.21634615384615385 0.07451923076923077 0.0625
0 0.22716346153846154 0.21754807692307693 0.07692307692307693 0.055288461538461536
0 0.8161057692307693 0.12379807692307693 0.10336538461538461 0.042067307692307696
0 0.23798076923076922 0.1045673076923077 0.06610576923076923 0.046875
0 0.8112980769230769 0.06971153846153846 0.09975961538461539 0.042067307692307696
0 0.7403846153846154 0.037259615384615384 0.07932692307692307 0.046875
0 0.3317307692307692 0.4110576923076923 0.08413461538461539 0.0829326923076923
0 0.3894230769230769 0.17908653846153846 0.07692307692307693 0.052884615384615384
0 0.5324519230769231 0.109375 0.0625 0.052884615384615384
0 0.9903846153846154 0.15264423076923078 0.015625 0.11057692307692307