3 0.5889423076923077 0.3173076923076923 0.0625 0.09254807692307693
3 0.5204326923076923 0.32211538461538464 0.05889423076923077 0.0889423076923077
3 0.9266826923076923 0.21995192307692307 0.078125 0.08413461538461539
3 0.43149038461538464 0.31850961538461536 0.057692307692307696 0.07932692307692307
3 0.3762019230769231 0.5396634615384616 0.2764423076923077 0.08173076923076923
3 0.6045673076923077 0.1971153846153846 0.03125 0.06610576923076923
3 0.4831730769230769 0.2127403846153846 0.04567307692307692 0.06370192307692307
3 0.14903846153846154 0.27884615384615385 0.08173076923076923 0.057692307692307696
3 0.5612980769230769 0.19591346153846154 0.056490384615384616 0.057692307692307696
3 0.36899038461538464 0.33653846153846156 0.06370192307692307 0.052884615384615384
3 0.7884615384615384 0.04326923076923077 0.05048076923076923 0.04326923076923077
3 0.10697115384615384 0.34975961538461536 0.078125 0.055288461538461536