0 0.4963942307692308 0.5204326923076923 0.5048076923076923 0.34375
0 0.4098557692307692 0.09975961538461539 0.21875 0.19831730769230768
0 0.9074519230769231 0.7271634615384616 0.17548076923076922 0.1935096153846154
0 0.8557692307692307 0.5697115384615384 0.140625 0.1502403846153846
0 0.9567307692307693 0.5432692307692307 0.08413461538461539 0.12980769230769232
0 0.9375 0.4362980769230769 0.12139423076923077 0.11899038461538461
0 0.9675480769230769 0.8088942307692307 0.0625 0.08173076923076923
0 0.8197115384615384 0.9350961538461539 0.0733173076923077 0.06610576923076923
0 0.9122596153846154 0.8894230769230769 0.10336538461538461 0.06610576923076923
0 0.29447115384615385 0.8629807692307693 0.08173076923076923 0.052884615384615384
0 0.7740384615384616 0.7992788461538461 0.078125 0.052884615384615384
0 0.7067307692307693 0.7908653846153846 0.052884615384615384 0.052884615384615384
0 0.5036057692307693 0.9338942307692307 0.15144230769230768 0.051682692307692304
0 0.4170673076923077 0.8605769230769231 0.09735576923076923 0.046875
0 0.6634615384615384 0.8774038461538461 0.08173076923076923 0.046875
0 0.1622596153846154 0.9242788461538461 0.1201923076923077 0.04567307692307692
0 0.037259615384615384 0.9447115384615384 0.0733173076923077 0.04326923076923077
0 0.5721153846153846 0.8341346153846154 0.09975961538461539 0.04326923076923077
0 0.8004807692307693 0.7548076923076923 0.051682692307692304 0.042067307692307696
0 0.5336538461538461 0.8846153846153846 0.07451923076923077 0.040865384615384616
0 0.21153846153846154 0.8798076923076923 0.08774038461538461 0.038461538461538464
0 0.6274038461538461 0.8149038461538461 0.078125 0.03125
0 0.7259615384615384 0.8677884615384616 0.046875 0.0889423076923077