2 0.36538461538461536 0.47475961538461536 0.1045673076923077 0.11899038461538461
2 0.32211538461538464 0.47716346153846156 0.04326923076923077 0.10336538461538461
2 0.8233173076923077 0.5144230769230769 0.0625 0.06971153846153846
2 0.9699519230769231 0.5240384615384616 0.056490384615384616 0.06850961538461539
2 0.028846153846153848 0.5528846153846154 0.056490384615384616 0.0673076923076923
2 0.7836538461538461 0.5228365384615384 0.06850961538461539 0.056490384615384616
2 0.6141826923076923 0.4879807692307692 0.056490384615384616 0.056490384615384616
2 0.5625 0.5012019230769231 0.06610576923076923 0.055288461538461536
2 0.4963942307692308 0.49158653846153844 0.056490384615384616 0.046875
2 0.7067307692307693 0.6574519230769231 0.203125 0.046875
2 0.08533653846153846 0.5324519230769231 0.026442307692307692 0.03125
2 0.0625 0.5300480769230769 0.02403846153846154 0.036057692307692304