6 0.5961538461538461 0.40384615384615385 0.06370192307692307 0.15264423076923078
4 0.6165865384615384 0.6033653846153846 0.04807692307692308 0.13701923076923078
0 0.30408653846153844 0.7908653846153846 0.020432692307692308 0.109375
0 0.36899038461538464 0.8617788461538461 0.021634615384615384 0.10817307692307693
0 0.4879807692307692 0.671875 0.03125 0.09735576923076923
0 0.4651442307692308 0.4098557692307692 0.026442307692307692 0.06850961538461539
0 0.5528846153846154 0.6850961538461539 0.014423076923076924 0.046875
0 0.5240384615384616 0.5829326923076923 0.014423076923076924 0.040865384615384616
0 0.4519230769230769 0.7596153846153846 0.03245192307692308 0.03125
0 0.4230769230769231 0.7391826923076923 0.019230769230769232 0.026442307692307692
0 0.6490384615384616 0.8545673076923077 0.007211538461538462 0.025240384615384616
0 0.6682692307692307 0.8810096153846154 0.010817307692307692 0.02403846153846154
0 0.4014423076923077 0.9483173076923077 0.016826923076923076 0.021634615384615384
0 0.7379807692307693 0.7199519230769231 0.006009615384615385 0.020432692307692308
0 0.49038461538461536 0.5612980769230769 0.015625 0.019230769230769232
0 0.6778846153846154 0.8509615384615384 0.007211538461538462 0.019230769230769232
0 0.4951923076923077 0.4026442307692308 0.021634615384615384 0.016826923076923076
0 0.7235576923076923 0.6802884615384616 0.004807692307692308 0.015625
0 0.6370192307692307 0.8112980769230769 0.010817307692307692 0.010817307692307692
0 0.6165865384615384 0.8401442307692307 0.009615384615384616 0.010817307692307692