0 0.5961538461538461 0.21514423076923078 0.11899038461538461 0.20192307692307693
0 0.2800480769230769 0.28725961538461536 0.18629807692307693 0.18870192307692307
0 0.5829326923076923 0.8942307692307693 0.11899038461538461 0.18389423076923078
0 0.9831730769230769 0.09615384615384616 0.020432692307692308 0.16826923076923078
0 0.625 0.42427884615384615 0.078125 0.1466346153846154
0 0.3629807692307692 0.9074519230769231 0.109375 0.1141826923076923
0 0.6887019230769231 0.8677884615384616 0.17307692307692307 0.11057692307692307
0 0.9266826923076923 0.9411057692307693 0.09254807692307693 0.10336538461538461
0 0.8689903846153846 0.9254807692307693 0.06850961538461539 0.109375
0 0.9903846153846154 0.6959134615384616 0.015625 0.10096153846153846
0 0.7127403846153846 0.38822115384615385 0.051682692307692304 0.0889423076923077
0 0.9795673076923077 0.3581730769230769 0.03485576923076923 0.06971153846153846