0 0.6045673076923077 0.2704326923076923 0.49278846153846156 0.27403846153846156
4 0.3233173076923077 0.07932692307692307 0.5985576923076923 0.15865384615384615
0 0.43149038461538464 0.375 0.10336538461538461 0.09975961538461539
0 0.18269230769230768 0.8701923076923077 0.19951923076923078 0.0889423076923077
4 0.5276442307692307 0.7427884615384616 0.19110576923076922 0.08173076923076923
4 0.43509615384615385 0.6838942307692307 0.14543269230769232 0.07692307692307693
0 0.28966346153846156 0.4326923076923077 0.14903846153846154 0.0673076923076923
0 0.28365384615384615 0.47475961538461536 0.07211538461538461 0.06129807692307692
0 0.3173076923076923 0.3870192307692308 0.12139423076923077 0.06129807692307692
0 0.3798076923076923 0.49278846153846156 0.10336538461538461 0.05889423076923077
0 0.014423076923076924 0.4338942307692308 0.026442307692307692 0.051682692307692304
0 0.020432692307692308 0.6225961538461539 0.040865384615384616 0.055288461538461536
0 0.18870192307692307 0.41586538461538464 0.11298076923076923 0.055288461538461536
0 0.06610576923076923 0.43990384615384615 0.12980769230769232 0.056490384615384616
0 0.11899038461538461 0.5144230769230769 0.10576923076923077 0.052884615384615384
0 0.16826923076923078 0.4519230769230769 0.10096153846153846 0.05048076923076923
0 0.4483173076923077 0.44711538461538464 0.12379807692307693 0.046875
0 0.2848557692307692 0.5060096153846154 0.08413461538461539 0.042067307692307696