1 0.7283653846153846 0.5276442307692307 0.21514423076923078 0.18269230769230768
1 0.9314903846153846 0.21875 0.1346153846153846 0.16105769230769232
1 0.06129807692307692 0.859375 0.12139423076923077 0.13942307692307693
1 0.4326923076923077 0.4519230769230769 0.203125 0.13581730769230768
1 0.8605769230769231 0.5012019230769231 0.1466346153846154 0.12379807692307693
1 0.31850961538461536 0.4675480769230769 0.16346153846153846 0.11778846153846154
1 0.12379807692307693 0.5649038461538461 0.18629807692307693 0.11298076923076923
1 0.03485576923076923 0.6502403846153846 0.06971153846153846 0.109375
1 0.18629807692307693 0.6370192307692307 0.1814903846153846 0.0985576923076923
1 0.6742788461538461 0.4963942307692308 0.14423076923076922 0.0829326923076923
1 0.5456730769230769 0.41225961538461536 0.10576923076923077 0.07932692307692307
1 0.5685096153846154 0.4987980769230769 0.12620192307692307 0.07211538461538461
1 0.5925480769230769 0.9723557692307693 0.18629807692307693 0.055288461538461536