4 0.16826923076923078 0.6706730769230769 0.3161057692307692 0.1466346153846154
4 0.5036057692307693 0.4074519230769231 0.234375 0.13701923076923078
4 0.5096153846153846 0.5612980769230769 0.16826923076923078 0.1201923076923077
0 0.28125 0.14423076923076922 0.18269230769230768 0.07451923076923077
0 0.7728365384615384 0.10576923076923077 0.16346153846153846 0.0673076923076923
4 0.5685096153846154 0.6538461538461539 0.24639423076923078 0.055288461538461536
0 0.8028846153846154 0.1622596153846154 0.16826923076923078 0.046875
0 0.9591346153846154 0.11057692307692307 0.08173076923076923 0.04326923076923077
0 0.9747596153846154 0.18990384615384615 0.046875 0.04567307692307692
0 0.9411057692307693 0.10216346153846154 0.1141826923076923 0.03245192307692308
0 0.9543269230769231 0.052884615384615384 0.0889423076923077 0.051682692307692304