2 0.4795673076923077 0.6526442307692307 0.328125 0.2247596153846154
2 0.4699519230769231 0.4411057692307692 0.056490384615384616 0.09735576923076923
2 0.36658653846153844 0.4375 0.046875 0.09254807692307693
2 0.6346153846153846 0.5012019230769231 0.05048076923076923 0.07692307692307693
2 0.16826923076923078 0.3954326923076923 0.042067307692307696 0.07451923076923077
2 0.4050480769230769 0.44711538461538464 0.036057692307692304 0.0673076923076923
2 0.53125 0.4675480769230769 0.040865384615384616 0.0673076923076923
2 0.5480769230769231 0.4651442307692308 0.026442307692307692 0.057692307692307696
2 0.24278846153846154 0.4206730769230769 0.027644230769230768 0.057692307692307696
2 0.25240384615384615 0.41225961538461536 0.027644230769230768 0.052884615384615384
2 0.3137019230769231 0.44591346153846156 0.015625 0.040865384615384616
2 0.28846153846153844 0.44471153846153844 0.026442307692307692 0.03485576923076923
2 0.15504807692307693 0.3557692307692308 0.027644230769230768 0.055288461538461536