6 0.4338942307692308 0.15865384615384615 0.10576923076923077 0.22235576923076922
0 0.9579326923076923 0.33413461538461536 0.07692307692307693 0.12860576923076922
0 0.7067307692307693 0.33052884615384615 0.027644230769230768 0.09254807692307693
0 0.2608173076923077 0.35336538461538464 0.026442307692307692 0.08653846153846154
0 0.5408653846153846 0.203125 0.02403846153846154 0.06971153846153846
0 0.22355769230769232 0.8413461538461539 0.03485576923076923 0.056490384615384616
0 0.9567307692307693 0.4495192307692308 0.015625 0.055288461538461536
0 0.5877403846153846 0.9362980769230769 0.021634615384615384 0.04326923076923077
0 0.1778846153846154 0.9206730769230769 0.03245192307692308 0.042067307692307696
0 0.8028846153846154 0.9375 0.016826923076923076 0.038461538461538464
0 0.7560096153846154 0.5504807692307693 0.036057692307692304 0.038461538461538464
0 0.9759615384615384 0.9266826923076923 0.021634615384615384 0.037259615384615384
0 0.9050480769230769 0.9771634615384616 0.020432692307692308 0.014423076923076924
0 0.5360576923076923 0.4110576923076923 0.01201923076923077 0.036057692307692304
0 0.8401442307692307 0.9086538461538461 0.016826923076923076 0.036057692307692304
0 0.36778846153846156 0.31971153846153844 0.007211538461538462 0.027644230769230768
0 0.47475961538461536 0.33774038461538464 0.016826923076923076 0.025240384615384616
0 0.6213942307692307 0.8521634615384616 0.01201923076923077 0.021634615384615384
0 0.5240384615384616 0.35336538461538464 0.010817307692307692 0.020432692307692308
0 0.6069711538461539 0.9302884615384616 0.016826923076923076 0.020432692307692308
0 0.3894230769230769 0.40384615384615385 0.010817307692307692 0.010817307692307692
6 0.2608173076923077 0.5120192307692307 0.07932692307692307 0.2283653846153846