0 0.8353365384615384 0.054086538461538464 0.21153846153846154 0.07692307692307693
0 0.49278846153846156 0.6610576923076923 0.2403846153846154 0.11298076923076923
0 0.9615384615384616 0.06610576923076923 0.07451923076923077 0.07451923076923077
0 0.12740384615384615 0.04807692307692308 0.19831730769230768 0.09495192307692307
0 0.052884615384615384 0.7512019230769231 0.1045673076923077 0.10336538461538461
0 0.8762019230769231 0.19471153846153846 0.2439903846153846 0.11057692307692307
0 0.8942307692307693 0.96875 0.15144230769230768 0.05889423076923077
0 0.5889423076923077 0.9615384615384616 0.203125 0.07451923076923077
0 0.7331730769230769 0.9158653846153846 0.17668269230769232 0.09495192307692307
0 0.5721153846153846 0.06129807692307692 0.3137019230769231 0.10096153846153846
0 0.2824519230769231 0.5721153846153846 0.19471153846153846 0.09375
0 0.8966346153846154 0.8137019230769231 0.16706730769230768 0.09254807692307693
0 0.7331730769230769 0.4050480769230769 0.27163461538461536 0.0985576923076923
0 0.39663461538461536 0.5612980769230769 0.27524038461538464 0.0985576923076923
0 0.19230769230769232 0.1502403846153846 0.265625 0.09735576923076923
0 0.7824519230769231 0.3004807692307692 0.24278846153846154 0.09375
0 0.9206730769230769 0.6189903846153846 0.1466346153846154 0.08774038461538461
0 0.5564903846153846 0.7560096153846154 0.2439903846153846 0.09375
0 0.9134615384615384 0.8894230769230769 0.125 0.08653846153846154
0 0.6442307692307693 0.671875 0.17067307692307693 0.0889423076923077
0 0.019230769230769232 0.8425480769230769 0.038461538461538464 0.0829326923076923
0 0.875 0.7223557692307693 0.22355769230769232 0.09014423076923077
0 0.2800480769230769 0.9350961538461539 0.18870192307692307 0.08774038461538461
0 0.4987980769230769 0.7836538461538461 0.22235576923076922 0.0889423076923077
0 0.4651442307692308 0.3629807692307692 0.23798076923076922 0.08653846153846154
0 0.8798076923076923 0.6490384615384616 0.2247596153846154 0.08653846153846154
0 0.6923076923076923 0.30288461538461536 0.15985576923076922 0.078125
0 0.6237980769230769 0.6045673076923077 0.19471153846153846 0.08173076923076923
0 0.4831730769230769 0.8653846153846154 0.18269230769230768 0.07932692307692307
0 0.8088942307692307 0.45072115384615385 0.24278846153846154 0.0829326923076923
0 0.71875 0.8269230769230769 0.19230769230769232 0.07932692307692307
0 0.6598557692307693 0.021634615384615384 0.17548076923076922 0.036057692307692304
0 0.054086538461538464 0.11899038461538461 0.05889423076923077 0.06971153846153846
0 0.6622596153846154 0.203125 0.24278846153846154 0.07932692307692307
0 0.06490384615384616 0.3112980769230769 0.11057692307692307 0.07211538461538461
0 0.2800480769230769 0.21875 0.20432692307692307 0.07692307692307693
0 0.16105769230769232 0.33774038461538464 0.16105769230769232 0.0733173076923077
0 0.6286057692307693 0.15745192307692307 0.21514423076923078 0.07692307692307693
0 0.7752403846153846 0.5480769230769231 0.30649038461538464 0.08173076923076923
0 0.41225961538461536 0.42427884615384615 0.18269230769230768 0.07211538461538461
0 0.3389423076923077 0.8112980769230769 0.2283653846153846 0.07451923076923077
0 0.4879807692307692 0.28846153846153844 0.2403846153846154 0.07692307692307693
0 0.030048076923076924 0.20673076923076922 0.026442307692307692 0.05889423076923077
0 0.19591346153846154 0.8737980769230769 0.16826923076923078 0.06850961538461539
0 0.16706730769230768 0.2860576923076923 0.2283653846153846 0.07211538461538461
0 0.17307692307692307 0.4519230769230769 0.2956730769230769 0.0733173076923077
0 0.9495192307692307 0.46274038461538464 0.0985576923076923 0.0625
0 0.4495192307692308 0.9723557692307693 0.14543269230769232 0.052884615384615384
0 0.06850961538461539 0.5564903846153846 0.13581730769230768 0.06610576923076923
0 0.1658653846153846 0.6935096153846154 0.21875 0.0673076923076923
0 0.03365384615384615 0.3858173076923077 0.056490384615384616 0.052884615384615384
0 0.7740384615384616 0.4951923076923077 0.22596153846153846 0.06370192307692307
0 0.9603365384615384 0.43028846153846156 0.07692307692307693 0.055288461538461536
0 0.2512019230769231 0.42908653846153844 0.19831730769230768 0.056490384615384616
0 0.9435096153846154 0.6971153846153846 0.09014423076923077 0.0733173076923077