0 0.7019230769230769 0.07211538461538461 0.1502403846153846 0.14182692307692307
0 0.8341346153846154 0.06610576923076923 0.09735576923076923 0.12379807692307693
0 0.4699519230769231 0.14423076923076922 0.17668269230769232 0.16346153846153846
4 0.4074519230769231 0.5120192307692307 0.15985576923076922 0.15985576923076922
0 0.8161057692307693 0.2668269230769231 0.07451923076923077 0.08653846153846154
4 0.6850961538461539 0.6057692307692307 0.11899038461538461 0.08173076923076923
0 0.7043269230769231 0.36538461538461536 0.11298076923076923 0.07451923076923077
0 0.9567307692307693 0.375 0.07932692307692307 0.07211538461538461
0 0.9855769230769231 0.4387019230769231 0.025240384615384616 0.06370192307692307
0 0.9338942307692307 0.29927884615384615 0.12139423076923077 0.06129807692307692
0 0.6189903846153846 0.3317307692307692 0.18028846153846154 0.05889423076923077
0 0.9074519230769231 0.4254807692307692 0.078125 0.057692307692307696
0 0.9759615384615384 0.36899038461538464 0.04567307692307692 0.057692307692307696
0 0.8725961538461539 0.34615384615384615 0.09495192307692307 0.04567307692307692
0 0.7692307692307693 0.2824519230769231 0.1045673076923077 0.038461538461538464
0 0.734375 0.24879807692307693 0.08653846153846154 0.037259615384615384