2 0.6911057692307693 0.4014423076923077 0.08774038461538461 0.1045673076923077
2 0.06129807692307692 0.6526442307692307 0.1141826923076923 0.10336538461538461
2 0.27403846153846156 0.3918269230769231 0.06850961538461539 0.08653846153846154
2 0.8473557692307693 0.40024038461538464 0.07211538461538461 0.0829326923076923
2 0.30288461538461536 0.390625 0.037259615384615384 0.06610576923076923
2 0.3425480769230769 0.3918269230769231 0.046875 0.056490384615384616
2 0.06490384615384616 0.41466346153846156 0.06370192307692307 0.056490384615384616
2 0.12379807692307693 0.41225961538461536 0.051682692307692304 0.052884615384615384
2 0.20072115384615385 0.38100961538461536 0.042067307692307696 0.05048076923076923
2 0.31009615384615385 0.33413461538461536 0.04326923076923077 0.05048076923076923
2 0.17067307692307693 0.36899038461538464 0.052884615384615384 0.046875
2 0.007211538461538462 0.4206730769230769 0.014423076923076924 0.04567307692307692
2 0.5793269230769231 0.6778846153846154 0.1778846153846154 0.1201923076923077