4 0.09615384615384616 0.40384615384615385 0.19110576923076922 0.09375
0 0.9399038461538461 0.32091346153846156 0.11778846153846154 0.09254807692307693
4 0.1466346153846154 0.6009615384615384 0.2848557692307692 0.0829326923076923
0 0.8737980769230769 0.9134615384615384 0.08653846153846154 0.08173076923076923
4 0.8954326923076923 0.6141826923076923 0.203125 0.078125
0 0.7596153846153846 0.375 0.1875 0.056490384615384616
0 0.6862980769230769 0.35336538461538464 0.1971153846153846 0.056490384615384616
0 0.5348557692307693 0.484375 0.11899038461538461 0.05048076923076923
0 0.6995192307692307 0.5504807692307693 0.1935096153846154 0.05048076923076923
0 0.9651442307692307 0.4543269230769231 0.06610576923076923 0.051682692307692304
0 0.6081730769230769 0.41225961538461536 0.16346153846153846 0.046875
0 0.6370192307692307 0.47596153846153844 0.1466346153846154 0.046875
0 0.8016826923076923 0.421875 0.140625 0.040865384615384616
0 0.8786057692307693 0.44350961538461536 0.1201923076923077 0.038461538461538464
0 0.5396634615384616 0.4326923076923077 0.08774038461538461 0.037259615384615384
4 0.31971153846153844 0.703125 0.3125 0.11899038461538461