0 0.15264423076923078 0.10216346153846154 0.24639423076923078 0.20432692307692307
0 0.7331730769230769 0.08173076923076923 0.29086538461538464 0.15264423076923078
0 0.5396634615384616 0.05889423076923077 0.10817307692307693 0.11778846153846154
4 0.3629807692307692 0.5120192307692307 0.1622596153846154 0.12620192307692307
0 0.5673076923076923 0.2704326923076923 0.09735576923076923 0.10576923076923077
4 0.8545673076923077 0.5384615384615384 0.11899038461538461 0.09254807692307693
4 0.4723557692307692 0.6514423076923077 0.13581730769230768 0.09014423076923077
0 0.8918269230769231 0.4723557692307692 0.09014423076923077 0.0829326923076923
0 0.7199519230769231 0.3942307692307692 0.06370192307692307 0.07932692307692307
0 0.7776442307692307 0.4495192307692308 0.0889423076923077 0.07211538461538461
0 0.3173076923076923 0.3449519230769231 0.16706730769230768 0.07451923076923077
0 0.9723557692307693 0.6009615384615384 0.04567307692307692 0.06971153846153846
0 0.6706730769230769 0.31850961538461536 0.13581730769230768 0.0733173076923077
0 0.6802884615384616 0.45072115384615385 0.06370192307692307 0.06971153846153846
0 0.7884615384615384 0.3894230769230769 0.1310096153846154 0.05889423076923077
0 0.9723557692307693 0.6418269230769231 0.040865384615384616 0.056490384615384616
0 0.9338942307692307 0.4326923076923077 0.12980769230769232 0.05889423076923077
0 0.46153846153846156 0.2644230769230769 0.09975961538461539 0.055288461538461536
0 0.9447115384615384 0.47115384615384615 0.10817307692307693 0.06129807692307692
0 0.4987980769230769 0.3016826923076923 0.08413461538461539 0.052884615384615384
0 0.6862980769230769 0.38461538461538464 0.0673076923076923 0.046875
0 0.43990384615384615 0.3581730769230769 0.12620192307692307 0.08774038461538461