0 0.5444711538461539 0.09254807692307693 0.24278846153846154 0.18509615384615385
0 0.9266826923076923 0.056490384615384616 0.07932692307692307 0.11298076923076923
0 0.5228365384615384 0.2403846153846154 0.10336538461538461 0.12379807692307693
0 0.6983173076923077 0.23677884615384615 0.1310096153846154 0.125
0 0.49038461538461536 0.2800480769230769 0.06971153846153846 0.1141826923076923
0 0.2704326923076923 0.3293269230769231 0.11778846153846154 0.09975961538461539
0 0.6550480769230769 0.5084134615384616 0.12620192307692307 0.09254807692307693
0 0.734375 0.31009615384615385 0.09735576923076923 0.08413461538461539
0 0.056490384615384616 0.06850961538461539 0.11298076923076923 0.07932692307692307
4 0.6766826923076923 0.5961538461538461 0.13942307692307693 0.08774038461538461
4 0.1658653846153846 0.7091346153846154 0.18629807692307693 0.08653846153846154
0 0.6802884615384616 0.3449519230769231 0.09254807692307693 0.06850961538461539
4 0.08052884615384616 0.5348557692307693 0.11298076923076923 0.04807692307692308
6 0.12259615384615384 0.8870192307692307 0.10576923076923077 0.040865384615384616
0 0.16826923076923078 0.5985576923076923 0.1141826923076923 0.038461538461538464
0 0.04927884615384615 0.8521634615384616 0.042067307692307696 0.046875