4 0.1346153846153846 0.71875 0.09014423076923077 0.2764423076923077
0 0.671875 0.7355769230769231 0.05889423076923077 0.2512019230769231
0 0.6670673076923077 0.13942307692307693 0.15144230769230768 0.1201923076923077
0 0.8293269230769231 0.5564903846153846 0.020432692307692308 0.11057692307692307
0 0.8473557692307693 0.021634615384615384 0.140625 0.042067307692307696
0 0.8918269230769231 0.5697115384615384 0.05048076923076923 0.06610576923076923
0 0.6658653846153846 0.9158653846153846 0.030048076923076924 0.06370192307692307
0 0.9338942307692307 0.6574519230769231 0.056490384615384616 0.06610576923076923
0 0.578125 0.1502403846153846 0.046875 0.04807692307692308
0 0.546875 0.7740384615384616 0.04567307692307692 0.04567307692307692
0 0.47716346153846156 0.5252403846153846 0.042067307692307696 0.037259615384615384
0 0.5096153846153846 0.4987980769230769 0.03125 0.03245192307692308