4 0.8125 0.06610576923076923 0.33774038461538464 0.109375
4 0.9675480769230769 0.15985576923076922 0.06129807692307692 0.12379807692307693
4 0.7956730769230769 0.40865384615384615 0.1875 0.09975961538461539
4 0.4891826923076923 0.24158653846153846 0.13701923076923078 0.09254807692307693
4 0.17307692307692307 0.3173076923076923 0.27403846153846156 0.09495192307692307
0 0.8377403846153846 0.08173076923076923 0.13942307692307693 0.06610576923076923
0 0.45913461538461536 0.07211538461538461 0.10817307692307693 0.06129807692307692
0 0.14783653846153846 0.057692307692307696 0.08653846153846154 0.052884615384615384
0 0.6298076923076923 0.18870192307692307 0.12860576923076922 0.052884615384615384
0 0.30288461538461536 0.11538461538461539 0.09975961538461539 0.05048076923076923
0 0.05889423076923077 0.18629807692307693 0.0673076923076923 0.046875
0 0.7740384615384616 0.13942307692307693 0.1502403846153846 0.051682692307692304
0 0.6057692307692307 0.16826923076923078 0.125 0.05048076923076923
0 0.34375 0.14903846153846154 0.109375 0.046875
0 0.3737980769230769 0.11778846153846154 0.12980769230769232 0.04807692307692308
0 0.16346153846153846 0.12620192307692307 0.09975961538461539 0.04567307692307692
0 0.7920673076923077 0.1502403846153846 0.12980769230769232 0.04807692307692308
0 0.2536057692307692 0.12259615384615384 0.07211538461538461 0.042067307692307696
0 0.3737980769230769 0.10216346153846154 0.09735576923076923 0.042067307692307696
6 0.46274038461538464 0.4891826923076923 0.10096153846153846 0.042067307692307696
0 0.08052884615384616 0.08774038461538461 0.09254807692307693 0.042067307692307696
0 0.28846153846153844 0.4182692307692308 0.09495192307692307 0.040865384615384616
0 0.44350961538461536 0.10216346153846154 0.0889423076923077 0.040865384615384616
0 0.20793269230769232 0.08533653846153846 0.09495192307692307 0.040865384615384616
0 0.1935096153846154 0.4014423076923077 0.07932692307692307 0.03245192307692308