4 0.6995192307692307 0.5985576923076923 0.5973557692307693 0.5192307692307693
0 0.7836538461538461 0.31490384615384615 0.17067307692307693 0.10336538461538461
0 0.34134615384615385 0.9098557692307693 0.25961538461538464 0.08653846153846154
0 0.9134615384615384 0.9447115384615384 0.17067307692307693 0.078125
4 0.6081730769230769 0.6790865384615384 0.14903846153846154 0.06971153846153846
0 0.2644230769230769 0.47475961538461536 0.2247596153846154 0.0673076923076923
0 0.9723557692307693 0.36538461538461536 0.05048076923076923 0.06370192307692307
0 0.44350961538461536 0.5925480769230769 0.06129807692307692 0.04807692307692308
4 0.5733173076923077 0.7524038461538461 0.1502403846153846 0.05048076923076923
0 0.09975961538461539 0.7127403846153846 0.12139423076923077 0.04326923076923077
0 0.14423076923076922 0.5096153846153846 0.04807692307692308 0.038461538461538464
0 0.4098557692307692 0.5817307692307693 0.10817307692307693 0.038461538461538464
0 0.2283653846153846 0.6045673076923077 0.12620192307692307 0.037259615384615384
0 0.18389423076923078 0.5793269230769231 0.12379807692307693 0.037259615384615384
0 0.3088942307692308 0.5480769230769231 0.10817307692307693 0.036057692307692304
0 0.515625 0.5745192307692307 0.0829326923076923 0.03245192307692308
0 0.27403846153846156 0.546875 0.07451923076923077 0.03125
0 0.4098557692307692 0.53125 0.0733173076923077 0.03125
0 0.07692307692307693 0.5637019230769231 0.056490384615384616 0.030048076923076924
0 0.5612980769230769 0.5528846153846154 0.11538461538461539 0.030048076923076924
0 0.12860576923076922 0.5600961538461539 0.0625 0.027644230769230768
0 0.2644230769230769 0.5168269230769231 0.046875 0.026442307692307692
0 0.4362980769230769 0.5120192307692307 0.06610576923076923 0.025240384615384616