0 0.5528846153846154 0.24278846153846154 0.11538461538461539 0.19471153846153846
0 0.24759615384615385 0.3125 0.18028846153846154 0.18269230769230768
0 0.5396634615384616 0.9002403846153846 0.1141826923076923 0.1778846153846154
0 0.9567307692307693 0.12740384615384615 0.07451923076923077 0.16346153846153846
0 0.5817307692307693 0.44471153846153844 0.07692307692307693 0.14182692307692307
0 0.3269230769230769 0.9134615384615384 0.1045673076923077 0.109375
0 0.6418269230769231 0.8737980769230769 0.16826923076923078 0.10817307692307693
0 0.8713942307692307 0.9435096153846154 0.0889423076923077 0.0985576923076923
0 0.8173076923076923 0.9302884615384616 0.0673076923076923 0.10576923076923077
0 0.9519230769230769 0.7079326923076923 0.04567307692307692 0.09735576923076923
0 0.6658653846153846 0.4098557692307692 0.05048076923076923 0.08653846153846154
0 0.9314903846153846 0.3798076923076923 0.05048076923076923 0.0673076923076923
0 0.9266826923076923 0.014423076923076924 0.052884615384615384 0.027644230769230768