6 0.6983173076923077 0.6129807692307693 0.18629807692307693 0.08774038461538461
0 0.9302884615384616 0.11778846153846154 0.09495192307692307 0.06850961538461539
0 0.8545673076923077 0.15745192307692307 0.0889423076923077 0.06370192307692307
0 0.7536057692307693 0.17548076923076922 0.07932692307692307 0.06129807692307692
0 0.9086538461538461 0.06490384615384616 0.13221153846153846 0.06370192307692307
0 0.9615384615384616 0.18990384615384615 0.0733173076923077 0.06370192307692307
0 0.9879807692307693 0.10576923076923077 0.021634615384615384 0.05889423076923077
6 0.19591346153846154 0.49278846153846156 0.17067307692307693 0.06129807692307692
0 0.5865384615384616 0.21995192307692307 0.09975961538461539 0.055288461538461536
0 0.7992788461538461 0.09495192307692307 0.09375 0.055288461538461536
4 0.9362980769230769 0.2536057692307692 0.125 0.0625
0 0.19230769230769232 0.13822115384615385 0.1045673076923077 0.051682692307692304
0 0.7019230769230769 0.13581730769230768 0.057692307692307696 0.04807692307692308
0 0.7668269230769231 0.12620192307692307 0.0733173076923077 0.04567307692307692
0 0.3713942307692308 0.3112980769230769 0.09375 0.046875
0 0.5132211538461539 0.15865384615384615 0.0829326923076923 0.04567307692307692
0 0.6706730769230769 0.18629807692307693 0.05889423076923077 0.040865384615384616
0 0.25841346153846156 0.24278846153846154 0.08774038461538461 0.040865384615384616
0 0.29086538461538464 0.1658653846153846 0.0625 0.038461538461538464
0 0.47836538461538464 0.23557692307692307 0.07932692307692307 0.038461538461538464
0 0.3581730769230769 0.17548076923076922 0.06850961538461539 0.036057692307692304
0 0.5925480769230769 0.16466346153846154 0.056490384615384616 0.03485576923076923
0 0.9338942307692307 0.038461538461538464 0.1201923076923077 0.027644230769230768
0 0.20432692307692307 0.21514423076923078 0.0625 0.03485576923076923
0 0.15384615384615385 0.18629807692307693 0.06971153846153846 0.03485576923076923
0 0.5036057692307693 0.20432692307692307 0.06850961538461539 0.03125
0 0.6177884615384616 0.13701923076923078 0.06370192307692307 0.030048076923076924
0 0.38100961538461536 0.14423076923076922 0.07932692307692307 0.027644230769230768
0 0.15625 0.2548076923076923 0.05889423076923077 0.026442307692307692