2 0.5360576923076923 0.6538461538461539 0.31971153846153844 0.22596153846153846
2 0.5348557692307693 0.4543269230769231 0.057692307692307696 0.09375
2 0.6322115384615384 0.44591346153846156 0.04807692307692308 0.0889423076923077
2 0.38221153846153844 0.5192307692307693 0.05048076923076923 0.0733173076923077
2 0.8161057692307693 0.39663461538461536 0.04326923076923077 0.07211538461538461
2 0.5973557692307693 0.4567307692307692 0.036057692307692304 0.06610576923076923
2 0.47836538461538464 0.4831730769230769 0.040865384615384616 0.06370192307692307
2 0.46274038461538464 0.4807692307692308 0.027644230769230768 0.055288461538461536
2 0.7487980769230769 0.42427884615384615 0.027644230769230768 0.055288461538461536
2 0.7391826923076923 0.41586538461538464 0.027644230769230768 0.05048076923076923
2 0.6814903846153846 0.4495192307692308 0.016826923076923076 0.038461538461538464
2 0.7055288461538461 0.4483173076923077 0.026442307692307692 0.03245192307692308
2 0.8269230769230769 0.3581730769230769 0.030048076923076924 0.051682692307692304