4 0.90625 0.42427884615384615 0.15504807692307693 0.125
0 0.38341346153846156 0.05048076923076923 0.06971153846153846 0.0985576923076923
0 0.9278846153846154 0.06129807692307692 0.12860576923076922 0.09495192307692307
4 0.9194711538461539 0.14182692307692307 0.14903846153846154 0.0733173076923077
4 0.8786057692307693 0.24879807692307693 0.16706730769230768 0.06850961538461539
0 0.9122596153846154 0.026442307692307692 0.16105769230769232 0.052884615384615384
0 0.7740384615384616 0.171875 0.08653846153846154 0.051682692307692304
0 0.5552884615384616 0.6153846153846154 0.1658653846153846 0.04807692307692308
4 0.05889423076923077 0.4795673076923077 0.11778846153846154 0.05048076923076923
0 0.47475961538461536 0.31009615384615385 0.09375 0.042067307692307696
0 0.34375 0.2439903846153846 0.06129807692307692 0.040865384615384616
0 0.6574519230769231 0.21153846153846154 0.09735576923076923 0.038461538461538464
0 0.6730769230769231 0.2536057692307692 0.08173076923076923 0.036057692307692304
0 0.24639423076923078 0.27283653846153844 0.06370192307692307 0.036057692307692304
0 0.4206730769230769 0.28846153846153844 0.09735576923076923 0.036057692307692304
0 0.11538461538461539 0.24519230769230768 0.0733173076923077 0.03485576923076923
0 0.07692307692307693 0.30649038461538464 0.06610576923076923 0.03245192307692308
0 0.5709134615384616 0.2536057692307692 0.09375 0.03485576923076923
6 0.38221153846153844 0.5793269230769231 0.08173076923076923 0.03245192307692308
0 0.25841346153846156 0.26802884615384615 0.06370192307692307 0.03245192307692308
0 0.21153846153846154 0.2776442307692308 0.05889423076923077 0.030048076923076924
0 0.3401442307692308 0.5456730769230769 0.09375 0.030048076923076924
0 0.2439903846153846 0.3088942307692308 0.0673076923076923 0.027644230769230768
0 0.4326923076923077 0.5384615384615384 0.06370192307692307 0.026442307692307692
0 0.025240384615384616 0.2764423076923077 0.05048076923076923 0.028846153846153848
0 0.13701923076923078 0.29447115384615385 0.056490384615384616 0.025240384615384616
0 0.12139423076923077 0.27163461538461536 0.0673076923076923 0.02403846153846154
0 0.25600961538461536 0.04447115384615385 0.14903846153846154 0.08413461538461539