4 0.2283653846153846 0.2860576923076923 0.07692307692307693 0.15625
4 0.5168269230769231 0.11899038461538461 0.1141826923076923 0.09495192307692307
4 0.33533653846153844 0.5697115384615384 0.09254807692307693 0.08413461538461539
0 0.4483173076923077 0.8016826923076923 0.03125 0.05889423076923077
0 0.25721153846153844 0.9134615384615384 0.027644230769230768 0.055288461538461536
0 0.47596153846153844 0.49399038461538464 0.021634615384615384 0.05048076923076923
0 0.6862980769230769 0.6911057692307693 0.015625 0.04326923076923077
0 0.28125 0.6550480769230769 0.020432692307692308 0.037259615384615384
0 0.25 0.6225961538461539 0.019230769230769232 0.03125
0 0.7055288461538461 0.7788461538461539 0.015625 0.027644230769230768
0 0.6201923076923077 0.7055288461538461 0.025240384615384616 0.026442307692307692
0 0.3894230769230769 0.8389423076923077 0.03245192307692308 0.026442307692307692
0 0.3786057692307692 0.3401442307692308 0.010817307692307692 0.026442307692307692
0 0.37259615384615385 0.43028846153846156 0.010817307692307692 0.026442307692307692
0 0.3088942307692308 0.6466346153846154 0.015625 0.025240384615384616
0 0.35096153846153844 0.36538461538461536 0.01201923076923077 0.019230769230769232
0 0.3786057692307692 0.25961538461538464 0.010817307692307692 0.016826923076923076
0 0.3016826923076923 0.8858173076923077 0.030048076923076924 0.015625
0 0.19951923076923078 0.19110576923076922 0.006009615384615385 0.010817307692307692
0 0.6394230769230769 0.6911057692307693 0.020432692307692308 0.010817307692307692
4 0.5793269230769231 0.6598557692307693 0.06610576923076923 0.18028846153846154