4 0.3161057692307692 0.6069711538461539 0.6322115384615384 0.5456730769230769
0 0.24759615384615385 0.31850961538461536 0.17548076923076922 0.11057692307692307
0 0.6730769230769231 0.9338942307692307 0.265625 0.09735576923076923
0 0.09014423076923077 0.9447115384615384 0.18028846153846154 0.07692307692307693
4 0.41225961538461536 0.6911057692307693 0.15264423076923078 0.07451923076923077
0 0.7668269230769231 0.4987980769230769 0.22956730769230768 0.07692307692307693
0 0.042067307692307696 0.3629807692307692 0.07451923076923077 0.0673076923076923
0 0.5817307692307693 0.6117788461538461 0.0625 0.05048076923076923
4 0.44471153846153844 0.7680288461538461 0.15264423076923078 0.056490384615384616
0 0.9254807692307693 0.7463942307692307 0.12379807692307693 0.05048076923076923
0 0.8870192307692307 0.5384615384615384 0.05048076923076923 0.040865384615384616
0 0.6165865384615384 0.6009615384615384 0.109375 0.04326923076923077
0 0.7980769230769231 0.6310096153846154 0.12980769230769232 0.042067307692307696
0 0.8449519230769231 0.6057692307692307 0.12620192307692307 0.042067307692307696
0 0.7199519230769231 0.5709134615384616 0.109375 0.040865384615384616
0 0.5096153846153846 0.5901442307692307 0.08653846153846154 0.037259615384615384
0 0.7548076923076923 0.5709134615384616 0.07692307692307693 0.036057692307692304
0 0.6177884615384616 0.5504807692307693 0.07692307692307693 0.03485576923076923
0 0.9519230769230769 0.59375 0.057692307692307696 0.03245192307692308
0 0.4639423076923077 0.5661057692307693 0.11778846153846154 0.03245192307692308
0 0.9026442307692307 0.5889423076923077 0.06370192307692307 0.030048076923076924
0 0.765625 0.5408653846153846 0.04807692307692308 0.027644230769230768
0 0.5913461538461539 0.5300480769230769 0.0673076923076923 0.027644230769230768