0 0.5600961538461539 0.08653846153846154 0.2824519230769231 0.15745192307692307
0 0.7259615384615384 0.125 0.18389423076923078 0.14903846153846154
0 0.7920673076923077 0.19951923076923078 0.17668269230769232 0.13701923076923078
0 0.14543269230769232 0.36177884615384615 0.29086538461538464 0.12620192307692307
0 0.8425480769230769 0.030048076923076924 0.1658653846153846 0.05889423076923077
4 0.5012019230769231 0.5264423076923077 0.19951923076923078 0.10336538461538461
0 0.8918269230769231 0.1814903846153846 0.15144230769230768 0.09014423076923077
0 0.6394230769230769 0.2668269230769231 0.15264423076923078 0.08774038461538461
4 0.2644230769230769 0.5168269230769231 0.2644230769230769 0.0889423076923077
0 0.7956730769230769 0.1935096153846154 0.1658653846153846 0.0733173076923077
0 0.3870192307692308 0.36899038461538464 0.2403846153846154 0.07451923076923077
0 0.9723557692307693 0.19951923076923078 0.026442307692307692 0.06370192307692307
0 0.13581730769230768 0.24759615384615385 0.1935096153846154 0.0673076923076923
0 0.4338942307692308 0.2620192307692308 0.18629807692307693 0.06610576923076923
0 0.3713942307692308 0.28725961538461536 0.1778846153846154 0.06129807692307692
0 0.09014423076923077 0.31971153846153844 0.18028846153846154 0.057692307692307696
0 0.6129807692307693 0.2848557692307692 0.21754807692307693 0.056490384615384616
0 0.08533653846153846 0.2668269230769231 0.15985576923076922 0.04807692307692308
4 0.09735576923076923 0.5721153846153846 0.19230769230769232 0.08413461538461539