1 0.6887019230769231 0.23557692307692307 0.12980769230769232 0.1141826923076923
1 0.5841346153846154 0.7896634615384616 0.0889423076923077 0.109375
1 0.7620192307692307 0.7560096153846154 0.15144230769230768 0.109375
1 0.4675480769230769 0.9122596153846154 0.15144230769230768 0.10336538461538461
1 0.2608173076923077 0.6754807692307693 0.140625 0.07692307692307693
1 0.7596153846153846 0.5649038461538461 0.12379807692307693 0.07451923076923077
1 0.328125 0.8870192307692307 0.12379807692307693 0.07211538461538461
1 0.5637019230769231 0.5180288461538461 0.140625 0.07211538461538461
1 0.6117788461538461 0.48197115384615385 0.14423076923076922 0.07211538461538461
1 0.6574519230769231 0.5661057692307693 0.1201923076923077 0.06971153846153846
1 0.8449519230769231 0.5384615384615384 0.12620192307692307 0.06850961538461539
1 0.7463942307692307 0.8966346153846154 0.13701923076923078 0.06850961538461539
1 0.9579326923076923 0.9254807692307693 0.08173076923076923 0.0673076923076923
1 0.40024038461538464 0.47115384615384615 0.16346153846153846 0.06610576923076923
1 0.9639423076923077 0.5673076923076923 0.06850961538461539 0.0625