0 0.3870192307692308 0.19110576923076922 0.5264423076923077 0.38100961538461536
0 0.6322115384615384 0.5625 0.25961538461538464 0.2668269230769231
0 0.8882211538461539 0.7307692307692307 0.21995192307692307 0.2247596153846154
0 0.7427884615384616 0.359375 0.15504807692307693 0.21394230769230768
0 0.11057692307692307 0.6899038461538461 0.055288461538461536 0.0829326923076923
0 0.43028846153846156 0.6382211538461539 0.06610576923076923 0.0733173076923077
0 0.3016826923076923 0.6310096153846154 0.07932692307692307 0.07211538461538461
0 0.052884615384615384 0.7752403846153846 0.07211538461538461 0.06129807692307692
0 0.515625 0.6646634615384616 0.078125 0.06129807692307692
0 0.3389423076923077 0.6959134615384616 0.0985576923076923 0.06129807692307692
0 0.18870192307692307 0.6959134615384616 0.09375 0.046875
0 0.35336538461538464 0.6201923076923077 0.06370192307692307 0.04326923076923077
0 0.11298076923076923 0.7115384615384616 0.11057692307692307 0.046875
0 0.06370192307692307 0.7752403846153846 0.09375 0.04326923076923077