1 0.8173076923076923 0.6634615384615384 0.22235576923076922 0.13221153846153846
1 0.5661057692307693 0.5793269230769231 0.296875 0.12860576923076922
1 0.12620192307692307 0.7127403846153846 0.12139423076923077 0.09495192307692307
1 0.36899038461538464 0.6129807692307693 0.20793269230769232 0.0985576923076923
1 0.296875 0.8064903846153846 0.140625 0.08774038461538461
1 0.31009615384615385 0.5721153846153846 0.2536057692307692 0.0889423076923077
1 0.24879807692307693 0.703125 0.1201923076923077 0.07211538461538461
1 0.7247596153846154 0.46274038461538464 0.16706730769230768 0.06610576923076923
1 0.9663461538461539 0.5384615384615384 0.06610576923076923 0.04807692307692308
1 0.8918269230769231 0.3269230769230769 0.0985576923076923 0.04567307692307692
1 0.030048076923076924 0.6057692307692307 0.06009615384615385 0.04326923076923077
1 0.9483173076923077 0.7091346153846154 0.07692307692307693 0.036057692307692304
1 0.125 0.6322115384615384 0.1778846153846154 0.06370192307692307