1 0.9206730769230769 0.11298076923076923 0.15625 0.13701923076923078
1 0.8966346153846154 0.7115384615384616 0.15625 0.12860576923076922
1 0.16947115384615385 0.46274038461538464 0.15264423076923078 0.11298076923076923
1 0.9423076923076923 0.40024038461538464 0.11298076923076923 0.10336538461538461
1 0.5817307692307693 0.7091346153846154 0.18028846153846154 0.09495192307692307
1 0.7584134615384616 0.8798076923076923 0.09735576923076923 0.09495192307692307
1 0.9230769230769231 0.4807692307692308 0.15144230769230768 0.09014423076923077
1 0.5925480769230769 0.5204326923076923 0.1310096153846154 0.08774038461538461
1 0.06129807692307692 0.24879807692307693 0.12139423076923077 0.08774038461538461
1 0.5456730769230769 0.8894230769230769 0.1466346153846154 0.078125
1 0.3918269230769231 0.9567307692307693 0.11899038461538461 0.07451923076923077
1 0.8942307692307693 0.9435096153846154 0.15985576923076922 0.07211538461538461
1 0.4831730769230769 0.5192307692307693 0.15264423076923078 0.06850961538461539
1 0.7043269230769231 0.546875 0.14423076923076922 0.056490384615384616
1 0.36177884615384615 0.5300480769230769 0.12860576923076922 0.05048076923076923