4 0.22596153846153846 0.019230769230769232 0.3401442307692308 0.038461538461538464
4 0.055288461538461536 0.056490384615384616 0.0625 0.11298076923076923
4 0.19110576923076922 0.33533653846153844 0.19230769230769232 0.09975961538461539
4 0.5264423076923077 0.21394230769230768 0.13942307692307693 0.09014423076923077
4 0.8329326923076923 0.34134615384615385 0.2800480769230769 0.09375
0 0.19951923076923078 0.016826923076923076 0.14182692307692307 0.03245192307692308
0 0.5841346153846154 0.04927884615384615 0.109375 0.05889423076923077
0 0.9002403846153846 0.0829326923076923 0.08774038461538461 0.052884615384615384
0 0.3918269230769231 0.13942307692307693 0.12980769230769232 0.052884615384615384
0 0.7331730769230769 0.11778846153846154 0.10096153846153846 0.04807692307692308
0 0.9663461538461539 0.23076923076923078 0.06370192307692307 0.051682692307692304
0 0.25600961538461536 0.06610576923076923 0.15264423076923078 0.051682692307692304
0 0.4182692307692308 0.12379807692307693 0.12860576923076922 0.04807692307692308
0 0.6862980769230769 0.14423076923076922 0.11298076923076923 0.04567307692307692
0 0.6622596153846154 0.10697115384615384 0.13221153846153846 0.046875
0 0.8725961538461539 0.14903846153846154 0.10096153846153846 0.04567307692307692
0 0.23317307692307693 0.0733173076923077 0.13221153846153846 0.046875
0 0.7824519230769231 0.13221153846153846 0.0733173076923077 0.042067307692307696
0 0.6646634615384616 0.09254807692307693 0.0985576923076923 0.042067307692307696
6 0.5120192307692307 0.4699519230769231 0.10336538461538461 0.042067307692307696
0 0.9567307692307693 0.125 0.0829326923076923 0.04326923076923077
0 0.6995192307692307 0.4254807692307692 0.09735576923076923 0.040865384615384616
0 0.5949519230769231 0.08173076923076923 0.09014423076923077 0.038461538461538464
0 0.8365384615384616 0.10216346153846154 0.09735576923076923 0.038461538461538464
0 0.7980769230769231 0.4230769230769231 0.08173076923076923 0.03125