4 0.5336538461538461 0.6514423076923077 0.7295673076923077 0.27524038461538464
4 0.5661057692307693 0.36538461538461536 0.7536057692307693 0.23918269230769232
0 0.71875 0.8918269230769231 0.22355769230769232 0.1141826923076923
0 0.6935096153846154 0.6322115384615384 0.11778846153846154 0.07932692307692307
0 0.12379807692307693 0.18028846153846154 0.2127403846153846 0.07211538461538461
4 0.36899038461538464 0.4831730769230769 0.125 0.06850961538461539
0 0.5228365384615384 0.25961538461538464 0.19230769230769232 0.06610576923076923
0 0.234375 0.1875 0.11538461538461539 0.05889423076923077
0 0.9543269230769231 0.28725961538461536 0.08774038461538461 0.06129807692307692
0 0.44471153846153844 0.1971153846153846 0.17668269230769232 0.05889423076923077
0 0.5745192307692307 0.19831730769230768 0.125 0.056490384615384616
0 0.3269230769230769 0.23557692307692307 0.20432692307692307 0.057692307692307696
0 0.6201923076923077 0.24759615384615385 0.13221153846153846 0.04807692307692308
0 0.4026442307692308 0.1622596153846154 0.16346153846153846 0.04807692307692308
0 0.06850961538461539 0.07932692307692307 0.12139423076923077 0.046875
0 0.6526442307692307 0.3449519230769231 0.17067307692307693 0.04567307692307692