0 0.7043269230769231 0.11778846153846154 0.1778846153846154 0.2283653846153846
0 0.7644230769230769 0.2692307692307692 0.17307692307692307 0.13942307692307693
0 0.828125 0.15985576923076922 0.1971153846153846 0.140625
0 0.8677884615384616 0.06129807692307692 0.2247596153846154 0.12139423076923077
4 0.8954326923076923 0.4050480769230769 0.203125 0.12379807692307693
4 0.5096153846153846 0.6322115384615384 0.2704326923076923 0.11778846153846154
0 0.8413461538461539 0.8461538461538461 0.23076923076923078 0.11298076923076923
0 0.5480769230769231 0.29086538461538464 0.0673076923076923 0.09375
0 0.9459134615384616 0.12860576923076922 0.0733173076923077 0.09375
4 0.5865384615384616 0.5228365384615384 0.19110576923076922 0.09735576923076923
0 0.5120192307692307 0.33413461538461536 0.08774038461538461 0.0889423076923077
0 0.6995192307692307 0.29086538461538464 0.18389423076923078 0.09375
4 0.4074519230769231 0.7067307692307693 0.1346153846153846 0.08653846153846154
0 0.4098557692307692 0.7716346153846154 0.07692307692307693 0.08173076923076923
4 0.43149038461538464 0.4891826923076923 0.17067307692307693 0.07451923076923077
0 0.7331730769230769 0.4014423076923077 0.06971153846153846 0.06370192307692307
0 0.7956730769230769 0.38221153846153844 0.10096153846153846 0.05889423076923077
0 0.7860576923076923 0.39903846153846156 0.08413461538461539 0.05048076923076923
0 0.6225961538461539 0.3557692307692308 0.06971153846153846 0.04807692307692308
0 0.5540865384615384 0.38461538461538464 0.10336538461538461 0.04807692307692308
0 0.6670673076923077 0.39903846153846156 0.09735576923076923 0.04807692307692308
0 0.6935096153846154 0.3737980769230769 0.055288461538461536 0.03485576923076923