0 0.17427884615384615 0.025240384615384616 0.21875 0.05048076923076923
0 0.49038461538461536 0.6802884615384616 0.24639423076923078 0.09975961538461539
0 0.039663461538461536 0.027644230769230768 0.07692307692307693 0.055288461538461536
0 0.9086538461538461 0.056490384615384616 0.18028846153846154 0.10336538461538461
0 0.9471153846153846 0.8076923076923077 0.10336538461538461 0.09975961538461539
0 0.12379807692307693 0.15985576923076922 0.24519230769230768 0.09495192307692307
0 0.05889423076923077 0.9747596153846154 0.11778846153846154 0.05048076923076923
0 0.36538461538461536 0.9783653846153846 0.20673076923076922 0.040865384615384616
0 0.21875 0.9302884615384616 0.1814903846153846 0.08774038461538461
0 0.4495192307692308 0.04326923076923077 0.3269230769230769 0.08413461538461539
0 0.7175480769230769 0.6021634615384616 0.19951923076923078 0.08413461538461539
0 0.06971153846153846 0.8125 0.13701923076923078 0.08413461538461539
0 0.25600961538461536 0.3942307692307692 0.28125 0.08413461538461539
0 0.5973557692307693 0.5829326923076923 0.2848557692307692 0.08413461538461539
0 0.8425480769230769 0.1658653846153846 0.27524038461538464 0.0829326923076923
0 0.21153846153846154 0.2800480769230769 0.25 0.0829326923076923
0 0.05889423076923077 0.6057692307692307 0.11538461538461539 0.0829326923076923
0 0.41586538461538464 0.7752403846153846 0.2512019230769231 0.08173076923076923
0 0.04807692307692308 0.8894230769230769 0.09375 0.08173076923076923
0 0.3293269230769231 0.6814903846153846 0.17307692307692307 0.08173076923076923
0 0.9771634615384616 0.9074519230769231 0.042067307692307696 0.0829326923076923
0 0.09975961538461539 0.7175480769230769 0.1971153846153846 0.07932692307692307
0 0.6923076923076923 0.9723557692307693 0.1935096153846154 0.052884615384615384
0 0.4735576923076923 0.8088942307692307 0.22956730769230768 0.078125
0 0.5396634615384616 0.36899038461538464 0.24519230769230768 0.07451923076923077
0 0.10096153846153846 0.6394230769230769 0.19951923076923078 0.07451923076923077
0 0.30649038461538464 0.28846153846153844 0.1622596153846154 0.07211538461538461
0 0.3557692307692308 0.6129807692307693 0.20192307692307693 0.07211538461538461
0 0.484375 0.8954326923076923 0.1875 0.07211538461538461
0 0.171875 0.4362980769230769 0.25 0.06971153846153846
0 0.2403846153846154 0.8377403846153846 0.1971153846153846 0.06971153846153846
0 0.9807692307692307 0.14302884615384615 0.037259615384615384 0.06971153846153846
0 0.3449519230769231 0.18629807692307693 0.25 0.06610576923076923
0 0.953125 0.3449519230769231 0.09014423076923077 0.06971153846153846
0 0.7439903846153846 0.23076923076923078 0.2127403846153846 0.06610576923076923
0 0.8605769230769231 0.36658653846153844 0.1658653846153846 0.06610576923076923
0 0.38341346153846156 0.14182692307692307 0.22235576923076922 0.06610576923076923
0 0.20192307692307693 0.5408653846153846 0.31850961538461536 0.06610576923076923
0 0.5901442307692307 0.4375 0.18870192307692307 0.0625
0 0.640625 0.8509615384615384 0.23557692307692307 0.0625
0 0.5216346153846154 0.28966346153846156 0.25 0.0625
0 0.7860576923076923 0.9254807692307693 0.17307692307692307 0.06129807692307692
0 0.8581730769230769 0.31009615384615385 0.23798076923076922 0.05889423076923077
0 0.8401442307692307 0.484375 0.3076923076923077 0.056490384615384616
0 0.037259615384615384 0.4375 0.0733173076923077 0.056490384615384616
0 0.5132211538461539 0.9927884615384616 0.15144230769230768 0.010817307692307692
0 0.9375 0.6021634615384616 0.12139423076923077 0.057692307692307696
0 0.8305288461538461 0.7391826923076923 0.2283653846153846 0.055288461538461536
0 0.9819711538461539 0.4254807692307692 0.03245192307692308 0.052884615384615384
0 0.20673076923076922 0.4855769230769231 0.234375 0.05048076923076923
0 0.027644230769230768 0.4026442307692308 0.052884615384615384 0.05048076923076923
0 0.7608173076923077 0.4543269230769231 0.20673076923076922 0.04567307692307692
0 0.030048076923076924 0.6862980769230769 0.056490384615384616 0.07211538461538461