4 0.5024038461538461 0.4735576923076923 0.16346153846153846 0.1622596153846154
0 0.2956730769230769 0.05889423076923077 0.44711538461538464 0.11778846153846154
0 0.1045673076923077 0.1814903846153846 0.12379807692307693 0.09375
4 0.17307692307692307 0.46274038461538464 0.0985576923076923 0.05889423076923077
0 0.28125 0.7115384615384616 0.08774038461538461 0.056490384615384616
0 0.1201923076923077 0.39783653846153844 0.027644230769230768 0.04567307692307692
0 0.051682692307692304 0.5252403846153846 0.04807692307692308 0.04567307692307692
4 0.3605769230769231 0.6045673076923077 0.09014423076923077 0.04567307692307692
0 0.5745192307692307 0.27403846153846156 0.052884615384615384 0.042067307692307696
4 0.5072115384615384 0.6971153846153846 0.057692307692307696 0.040865384615384616
0 0.052884615384615384 0.4266826923076923 0.07932692307692307 0.040865384615384616
6 0.04927884615384615 0.765625 0.0985576923076923 0.04326923076923077
0 0.5985576923076923 0.5901442307692307 0.09014423076923077 0.036057692307692304
0 0.22596153846153846 0.4182692307692308 0.09495192307692307 0.036057692307692304
0 0.34375 0.4074519230769231 0.09254807692307693 0.036057692307692304
0 0.6262019230769231 0.44711538461538464 0.09014423076923077 0.03485576923076923
0 0.5300480769230769 0.5336538461538461 0.06610576923076923 0.03245192307692308
0 0.6730769230769231 0.48197115384615385 0.09014423076923077 0.03245192307692308
0 0.4050480769230769 0.44711538461538464 0.09014423076923077 0.03125
0 0.2824519230769231 0.4699519230769231 0.0889423076923077 0.03125
0 0.19230769230769232 0.4026442307692308 0.0889423076923077 0.03125
0 0.2800480769230769 0.4519230769230769 0.05048076923076923 0.030048076923076924
0 0.6826923076923077 0.4495192307692308 0.08653846153846154 0.030048076923076924
0 0.4675480769230769 0.43149038461538464 0.06971153846153846 0.027644230769230768
0 0.703125 0.5540865384615384 0.03245192307692308 0.026442307692307692
0 0.7019230769230769 0.5697115384615384 0.015625 0.014423076923076924
0 0.6610576923076923 0.5721153846153846 0.030048076923076924 0.01201923076923077
0 0.6802884615384616 0.5973557692307693 0.014423076923076924 0.010817307692307692
0 0.7512019230769231 0.5793269230769231 0.02403846153846154 0.010817307692307692
0 0.6706730769230769 0.5841346153846154 0.015625 0.010817307692307692