4 0.3088942307692308 0.6911057692307693 0.23557692307692307 0.23557692307692307
4 0.609375 0.25721153846153844 0.0889423076923077 0.13221153846153846
0 0.5060096153846154 0.3545673076923077 0.030048076923076924 0.07451923076923077
0 0.4879807692307692 0.3798076923076923 0.030048076923076924 0.06610576923076923
0 0.4675480769230769 0.3293269230769231 0.040865384615384616 0.0625
0 0.44591346153846156 0.4074519230769231 0.05048076923076923 0.06129807692307692
0 0.7668269230769231 0.11298076923076923 0.027644230769230768 0.056490384615384616
0 0.44591346153846156 0.46033653846153844 0.07451923076923077 0.055288461538461536
0 0.44711538461538464 0.2932692307692308 0.051682692307692304 0.051682692307692304
0 0.5144230769230769 0.2283653846153846 0.026442307692307692 0.05048076923076923
0 0.3737980769230769 0.38100961538461536 0.030048076923076924 0.046875
0 0.20552884615384615 0.3449519230769231 0.04326923076923077 0.04326923076923077
0 0.4543269230769231 0.18269230769230768 0.016826923076923076 0.027644230769230768
0 0.3701923076923077 0.45913461538461536 0.016826923076923076 0.02403846153846154
0 0.28846153846153844 0.3918269230769231 0.01201923076923077 0.02403846153846154
0 0.3112980769230769 0.39903846153846156 0.025240384615384616 0.014423076923076924
0 0.6237980769230769 0.4387019230769231 0.08653846153846154 0.05048076923076923