0 0.09495192307692307 0.1935096153846154 0.10576923076923077 0.08413461538461539
4 0.040865384615384616 0.35096153846153844 0.08173076923076923 0.07451923076923077
6 0.6442307692307693 0.5120192307692307 0.1935096153846154 0.06610576923076923
4 0.2439903846153846 0.057692307692307696 0.09495192307692307 0.06610576923076923
4 0.03125 0.05048076923076923 0.0625 0.06610576923076923
0 0.19230769230769232 0.016826923076923076 0.1466346153846154 0.03125
0 0.49278846153846156 0.04927884615384615 0.05048076923076923 0.052884615384615384
0 0.15504807692307693 0.39903846153846156 0.06610576923076923 0.051682692307692304
6 0.22596153846153846 0.48197115384615385 0.15264423076923078 0.05048076923076923
0 0.36538461538461536 0.06009615384615385 0.09735576923076923 0.046875
0 0.19230769230769232 0.009615384615384616 0.10576923076923077 0.019230769230769232
0 0.5252403846153846 0.15504807692307693 0.08413461538461539 0.042067307692307696
0 0.38100961538461536 0.17427884615384615 0.05889423076923077 0.040865384615384616
0 0.5973557692307693 0.1658653846153846 0.06850961538461539 0.040865384615384616
0 0.46153846153846156 0.09134615384615384 0.0733173076923077 0.040865384615384616
0 0.36658653846153844 0.09254807692307693 0.078125 0.038461538461538464
0 0.4026442307692308 0.015625 0.10576923076923077 0.03125
0 0.8149038461538461 0.07211538461538461 0.11538461538461539 0.03485576923076923
0 0.6526442307692307 0.056490384615384616 0.10336538461538461 0.03485576923076923
0 0.9158653846153846 0.0733173076923077 0.0625 0.03485576923076923
0 0.6466346153846154 0.12259615384615384 0.0985576923076923 0.03485576923076923
0 0.47475961538461536 0.014423076923076924 0.07451923076923077 0.028846153846153848
0 0.5685096153846154 0.078125 0.09375 0.03245192307692308
0 0.8341346153846154 0.16706730769230768 0.109375 0.03245192307692308
0 0.13341346153846154 0.4362980769230769 0.040865384615384616 0.03245192307692308
0 0.8978365384615384 0.11177884615384616 0.06850961538461539 0.03125
0 0.7295673076923077 0.11658653846153846 0.07451923076923077 0.03125
0 0.7692307692307693 0.14903846153846154 0.109375 0.03125
0 0.5300480769230769 0.33653846153846156 0.06850961538461539 0.027644230769230768
0 0.6574519230769231 0.07932692307692307 0.10336538461538461 0.025240384615384616