2 0.5108173076923077 0.7079326923076923 0.3449519230769231 0.24278846153846154
2 0.5072115384615384 0.49038461538461536 0.06129807692307692 0.10096153846153846
2 0.4014423076923077 0.4831730769230769 0.051682692307692304 0.09735576923076923
2 0.6766826923076923 0.5576923076923077 0.052884615384615384 0.07932692307692307
2 0.19951923076923078 0.43149038461538464 0.04567307692307692 0.07932692307692307
2 0.4411057692307692 0.49399038461538464 0.038461538461538464 0.06971153846153846
2 0.5697115384615384 0.5192307692307693 0.04326923076923077 0.06971153846153846
2 0.5877403846153846 0.5180288461538461 0.030048076923076924 0.06129807692307692
2 0.27524038461538464 0.46153846153846156 0.03125 0.05889423076923077
2 0.2848557692307692 0.4519230769230769 0.030048076923076924 0.055288461538461536
2 0.3473557692307692 0.4891826923076923 0.016826923076923076 0.042067307692307696
2 0.32211538461538464 0.48677884615384615 0.027644230769230768 0.036057692307692304
2 0.18870192307692307 0.3918269230769231 0.03125 0.056490384615384616