2 0.6105769230769231 0.39783653846153844 0.13701923076923078 0.12139423076923077
2 0.8245192307692307 0.3425480769230769 0.06370192307692307 0.0829326923076923
2 0.1346153846153846 0.36177884615384615 0.09495192307692307 0.0829326923076923
2 0.2091346153846154 0.3629807692307692 0.046875 0.078125
2 0.7524038461538461 0.3425480769230769 0.0673076923076923 0.0733173076923077
2 0.47596153846153844 0.3737980769230769 0.07932692307692307 0.07211538461538461
2 0.5180288461538461 0.6262019230769231 0.23557692307692307 0.05889423076923077
2 0.8617788461538461 0.34975961538461536 0.037259615384615384 0.05889423076923077
2 0.38100961538461536 0.38341346153846156 0.05048076923076923 0.04326923076923077
2 0.3798076923076923 0.3425480769230769 0.030048076923076924 0.037259615384615384
2 0.7019230769230769 0.34975961538461536 0.046875 0.030048076923076924
2 0.0889423076923077 0.3269230769230769 0.038461538461538464 0.026442307692307692
2 0.9783653846153846 0.3786057692307692 0.040865384615384616 0.021634615384615384