0 0.5997596153846154 0.9387019230769231 0.0889423076923077 0.1045673076923077
0 0.6454326923076923 0.8689903846153846 0.0733173076923077 0.10576923076923077
0 0.6694711538461539 0.8329326923076923 0.06610576923076923 0.109375
0 0.7199519230769231 0.7944711538461539 0.037259615384615384 0.09014423076923077
0 0.5264423076923077 0.8112980769230769 0.08173076923076923 0.11538461538461539
0 0.4987980769230769 0.7283653846153846 0.07211538461538461 0.09975961538461539
0 0.5805288461538461 0.7451923076923077 0.0829326923076923 0.1045673076923077
0 0.6105769230769231 0.7920673076923077 0.055288461538461536 0.057692307692307696
0 0.5072115384615384 0.5865384615384616 0.08774038461538461 0.11778846153846154
0 0.4411057692307692 0.41466346153846156 0.10817307692307693 0.15625
0 0.49278846153846156 0.4567307692307692 0.06850961538461539 0.0733173076923077
0 0.6201923076923077 0.5096153846153846 0.07932692307692307 0.06850961538461539
0 0.5805288461538461 0.40625 0.06370192307692307 0.0889423076923077
0 0.6165865384615384 0.3605769230769231 0.078125 0.09495192307692307
0 0.4735576923076923 0.19110576923076922 0.0733173076923077 0.11538461538461539
0 0.5384615384615384 0.09254807692307693 0.09975961538461539 0.18389423076923078
0 0.5480769230769231 0.8569711538461539 0.06610576923076923 0.03125
0 0.5216346153846154 0.3713942307692308 0.07932692307692307 0.05889423076923077
0 0.5132211538461539 0.13701923076923078 0.055288461538461536 0.08413461538461539