1 0.12860576923076922 0.8197115384615384 0.2247596153846154 0.12379807692307693
1 0.18990384615384615 0.5997596153846154 0.19951923076923078 0.12379807692307693
1 0.40024038461538464 0.40024038461538464 0.23076923076923078 0.11778846153846154
1 0.5805288461538461 0.8137019230769231 0.22355769230769232 0.11057692307692307
1 0.19951923076923078 0.8822115384615384 0.15745192307692307 0.09375
1 0.8810096153846154 0.3317307692307692 0.15504807692307693 0.078125
1 0.28846153846153844 0.5396634615384616 0.11057692307692307 0.06971153846153846
1 0.39663461538461536 0.30528846153846156 0.11899038461538461 0.0673076923076923
1 0.8822115384615384 0.17548076923076922 0.10096153846153846 0.06129807692307692
1 0.7776442307692307 0.421875 0.1045673076923077 0.055288461538461536
1 0.5036057692307693 0.8473557692307693 0.09014423076923077 0.051682692307692304
1 0.6814903846153846 0.8076923076923077 0.08173076923076923 0.04326923076923077
1 0.29447115384615385 0.6814903846153846 0.09254807692307693 0.040865384615384616
1 0.8894230769230769 0.4375 0.07211538461538461 0.038461538461538464
1 0.38461538461538464 0.4831730769230769 0.06610576923076923 0.021634615384615384
1 0.3786057692307692 0.6454326923076923 0.06850961538461539 0.038461538461538464