0 0.546875 0.234375 0.1201923076923077 0.19951923076923078
0 0.23798076923076922 0.3112980769230769 0.18629807692307693 0.1875
0 0.5456730769230769 0.9014423076923077 0.11899038461538461 0.18269230769230768
0 0.9507211538461539 0.11057692307692307 0.07451923076923077 0.17067307692307693
0 0.5793269230769231 0.4387019230769231 0.07932692307692307 0.1466346153846154
0 0.3293269230769231 0.9194711538461539 0.10817307692307693 0.11298076923076923
0 0.6490384615384616 0.8737980769230769 0.17307692307692307 0.11298076923076923
0 0.8834134615384616 0.9387019230769231 0.09254807692307693 0.09735576923076923
0 0.8269230769230769 0.9278846153846154 0.06971153846153846 0.109375
0 0.9603365384615384 0.6995192307692307 0.04807692307692308 0.0985576923076923
0 0.6658653846153846 0.4026442307692308 0.051682692307692304 0.0889423076923077
0 0.9350961538461539 0.36658653846153844 0.051682692307692304 0.06971153846153846
0 0.9230769230769231 0.006009615384615385 0.055288461538461536 0.010817307692307692