4 0.8473557692307693 0.7596153846153846 0.042067307692307696 0.22355769230769232
0 0.4567307692307692 0.6009615384615384 0.09254807692307693 0.15625
0 0.28725961538461536 0.6286057692307693 0.051682692307692304 0.09254807692307693
0 0.7668269230769231 0.09735576923076923 0.026442307692307692 0.08653846153846154
0 0.7884615384615384 0.11298076923076923 0.025240384615384616 0.08413461538461539
0 0.609375 0.11298076923076923 0.030048076923076924 0.07932692307692307
0 0.8088942307692307 0.06129807692307692 0.027644230769230768 0.07451923076923077
0 0.5649038461538461 0.08413461538461539 0.016826923076923076 0.0673076923076923
0 0.6033653846153846 0.9723557692307693 0.026442307692307692 0.052884615384615384
0 0.12379807692307693 0.4543269230769231 0.03485576923076923 0.05048076923076923
0 0.17908653846153846 0.6538461538461539 0.021634615384615384 0.05048076923076923
0 0.2848557692307692 0.7151442307692307 0.030048076923076924 0.038461538461538464
0 0.9471153846153846 0.2403846153846154 0.014423076923076924 0.037259615384615384
0 0.375 0.7596153846153846 0.04807692307692308 0.03485576923076923
0 0.4831730769230769 0.25600961538461536 0.014423076923076924 0.027644230769230768
0 0.6838942307692307 0.7403846153846154 0.027644230769230768 0.026442307692307692
0 0.9711538461538461 0.23798076923076922 0.010817307692307692 0.025240384615384616
0 0.8509615384615384 0.29086538461538464 0.016826923076923076 0.020432692307692308
0 0.6322115384615384 0.4807692307692308 0.027644230769230768 0.019230769230769232
0 0.9050480769230769 0.27524038461538464 0.019230769230769232 0.019230769230769232
0 0.28846153846153844 0.7512019230769231 0.042067307692307696 0.015625
0 0.3557692307692308 0.43028846153846156 0.030048076923076924 0.037259615384615384