0 0.8329326923076923 0.12620192307692307 0.036057692307692304 0.08653846153846154
0 0.29086538461538464 0.7992788461538461 0.09375 0.0889423076923077
0 0.24879807692307693 0.19831730769230768 0.06971153846153846 0.08653846153846154
0 0.2932692307692308 0.3112980769230769 0.06129807692307692 0.05889423076923077
0 0.4795673076923077 0.22596153846153846 0.030048076923076924 0.052884615384615384
0 0.7007211538461539 0.24879807692307693 0.016826923076923076 0.052884615384615384
0 0.20673076923076922 0.11538461538461539 0.021634615384615384 0.05048076923076923
0 0.7403846153846154 0.109375 0.02403846153846154 0.05048076923076923
0 0.6442307692307693 0.03125 0.02403846153846154 0.04567307692307692
0 0.7608173076923077 0.1814903846153846 0.03485576923076923 0.036057692307692304
0 0.4014423076923077 0.0889423076923077 0.055288461538461536 0.03125
0 0.7836538461538461 0.4182692307692308 0.04807692307692308 0.030048076923076924
0 0.4338942307692308 0.17908653846153846 0.05048076923076923 0.027644230769230768
0 0.7151442307692307 0.3317307692307692 0.04567307692307692 0.026442307692307692
0 0.009615384615384616 0.1346153846153846 0.019230769230769232 0.026442307692307692
6 0.35336538461538464 0.5889423076923077 0.38221153846153844 0.5360576923076923