4 0.9158653846153846 0.703125 0.07932692307692307 0.2848557692307692
0 0.3605769230769231 0.7704326923076923 0.046875 0.2608173076923077
0 0.31009615384615385 0.1502403846153846 0.15264423076923078 0.11778846153846154
0 0.18028846153846154 0.5985576923076923 0.015625 0.1141826923076923
0 0.11298076923076923 0.03365384615384615 0.14182692307692307 0.055288461538461536
0 0.11778846153846154 0.6177884615384616 0.04807692307692308 0.0673076923076923
0 0.38341346153846156 0.9567307692307693 0.027644230769230768 0.06610576923076923
0 0.08052884615384616 0.7115384615384616 0.055288461538461536 0.06610576923076923
0 0.4050480769230769 0.15504807692307693 0.046875 0.04807692307692308
0 0.49399038461538464 0.7980769230769231 0.04567307692307692 0.04326923076923077
0 0.5432692307692307 0.5348557692307693 0.042067307692307696 0.036057692307692304
0 0.5072115384615384 0.5096153846153846 0.03125 0.03245192307692308