0 0.6838942307692307 0.09254807692307693 0.15144230769230768 0.17668269230769232
0 0.8149038461538461 0.08774038461538461 0.0985576923076923 0.15745192307692307
0 0.453125 0.17668269230769232 0.17548076923076922 0.16346153846153846
4 0.3870192307692308 0.5372596153846154 0.15745192307692307 0.15745192307692307
0 0.7932692307692307 0.3016826923076923 0.07451923076923077 0.08774038461538461
4 0.6574519230769231 0.6334134615384616 0.11899038461538461 0.0829326923076923
0 0.6814903846153846 0.39663461538461536 0.11298076923076923 0.07451923076923077
0 0.9290865384615384 0.4110576923076923 0.07932692307692307 0.07211538461538461
0 0.9723557692307693 0.47475961538461536 0.052884615384615384 0.06610576923076923
0 0.9086538461538461 0.33653846153846156 0.1201923076923077 0.0625
0 0.5973557692307693 0.3629807692307692 0.1778846153846154 0.0625
0 0.8810096153846154 0.46033653846153844 0.078125 0.057692307692307696
0 0.9627403846153846 0.4074519230769231 0.07211538461538461 0.057692307692307696
0 0.8473557692307693 0.38100961538461536 0.09495192307692307 0.04567307692307692
0 0.7463942307692307 0.3173076923076923 0.10336538461538461 0.040865384615384616
0 0.7127403846153846 0.2824519230769231 0.08653846153846154 0.037259615384615384