0 0.44471153846153844 0.4014423076923077 0.08653846153846154 0.056490384615384616
0 0.4182692307692308 0.5276442307692307 0.0733173076923077 0.05889423076923077
0 0.46274038461538464 0.6009615384615384 0.09254807692307693 0.0673076923076923
0 0.7524038461538461 0.6814903846153846 0.13581730769230768 0.07692307692307693
0 0.7439903846153846 0.578125 0.11538461538461539 0.08413461538461539
0 0.7247596153846154 0.5961538461538461 0.10817307692307693 0.08413461538461539
0 0.4963942307692308 0.7259615384615384 0.09014423076923077 0.05048076923076923
0 0.7043269230769231 0.9194711538461539 0.13581730769230768 0.1141826923076923
0 0.11899038461538461 0.4182692307692308 0.23557692307692307 0.18269230769230768
0 0.16466346153846154 0.31971153846153844 0.21153846153846154 0.1346153846153846
0 0.3389423076923077 0.5024038461538461 0.0625 0.05889423076923077
0 0.35336538461538464 0.6105769230769231 0.09495192307692307 0.06610576923076923
0 0.5697115384615384 0.5084134615384616 0.09375 0.06370192307692307
0 0.6009615384615384 0.44711538461538464 0.07932692307692307 0.06971153846153846
0 0.9447115384615384 0.6670673076923077 0.09014423076923077 0.08173076923076923
0 0.5865384615384616 0.6057692307692307 0.06610576923076923 0.040865384615384616
0 0.46274038461538464 0.4651442307692308 0.07932692307692307 0.06610576923076923
0 0.6899038461538461 0.5372596153846154 0.08774038461538461 0.04807692307692308
0 0.3233173076923077 0.5865384615384616 0.05889423076923077 0.04807692307692308
0 0.23317307692307693 0.5504807692307693 0.10576923076923077 0.05889423076923077
0 0.32091346153846156 0.5180288461538461 0.06971153846153846 0.052884615384615384
0 0.3918269230769231 0.4026442307692308 0.06370192307692307 0.04807692307692308
0 0.15264423076923078 0.23076923076923078 0.046875 0.07692307692307693
0 0.36778846153846156 0.30288461538461536 0.18389423076923078 0.09975961538461539
0 0.6995192307692307 0.3629807692307692 0.03485576923076923 0.038461538461538464
0 0.2439903846153846 0.4483173076923077 0.078125 0.037259615384615384
0 0.8509615384615384 0.8377403846153846 0.040865384615384616 0.08653846153846154
0 0.8100961538461539 0.8569711538461539 0.040865384615384616 0.08173076923076923
0 0.7572115384615384 0.9651442307692307 0.08774038461538461 0.0625
0 0.27403846153846156 0.34975961538461536 0.056490384615384616 0.055288461538461536
0 0.23076923076923078 0.3629807692307692 0.06971153846153846 0.040865384615384616
0 0.9230769230769231 0.6887019230769231 0.05048076923076923 0.056490384615384616
0 0.9543269230769231 0.7824519230769231 0.04326923076923077 0.05889423076923077
0 0.5372596153846154 0.46153846153846156 0.027644230769230768 0.030048076923076924
0 0.5745192307692307 0.4963942307692308 0.052884615384615384 0.038461538461538464
0 0.6887019230769231 0.5192307692307693 0.09495192307692307 0.109375
0 0.2644230769230769 0.6213942307692307 0.06370192307692307 0.05048076923076923
0 0.5048076923076923 0.25721153846153844 0.036057692307692304 0.038461538461538464
0 0.47596153846153844 0.25841346153846156 0.03125 0.025240384615384616
0 0.4675480769230769 0.28846153846153844 0.040865384615384616 0.040865384615384616