0 0.46875 0.21394230769230768 0.08413461538461539 0.15985576923076922
0 0.4098557692307692 0.22235576923076922 0.0673076923076923 0.15625
0 0.3112980769230769 0.4074519230769231 0.09735576923076923 0.1466346153846154
0 0.515625 0.0673076923076923 0.09495192307692307 0.1346153846153846
0 0.9759615384615384 0.6574519230769231 0.040865384615384616 0.1346153846153846
0 0.4050480769230769 0.7932692307692307 0.10576923076923077 0.13221153846153846
0 0.46274038461538464 0.5036057692307693 0.08413461538461539 0.125
0 0.18028846153846154 0.3942307692307692 0.057692307692307696 0.125
0 0.4230769230769231 0.4182692307692308 0.07211538461538461 0.125
0 0.6418269230769231 0.7824519230769231 0.04326923076923077 0.12139423076923077
0 0.5252403846153846 0.23076923076923078 0.05889423076923077 0.12139423076923077
0 0.3425480769230769 0.29086538461538464 0.06971153846153846 0.12139423076923077
0 0.3786057692307692 0.36899038461538464 0.09014423076923077 0.11899038461538461
0 0.7223557692307693 0.65625 0.038461538461538464 0.11778846153846154
0 0.5168269230769231 0.4362980769230769 0.07692307692307693 0.1045673076923077
0 0.734375 0.3557692307692308 0.037259615384615384 0.09014423076923077
0 0.7740384615384616 0.5456730769230769 0.03125 0.09014423076923077
0 0.6802884615384616 0.4110576923076923 0.027644230769230768 0.09014423076923077
0 0.6694711538461539 0.6105769230769231 0.030048076923076924 0.09014423076923077
0 0.8569711538461539 0.5456730769230769 0.027644230769230768 0.08774038461538461
0 0.4170673076923077 0.5372596153846154 0.07451923076923077 0.08413461538461539
0 0.3942307692307692 0.6177884615384616 0.051682692307692304 0.0829326923076923
0 0.6778846153846154 0.2980769230769231 0.037259615384615384 0.07932692307692307
0 0.6598557692307693 0.6935096153846154 0.027644230769230768 0.078125
0 0.8365384615384616 0.43149038461538464 0.03125 0.07692307692307693
0 0.78125 0.4362980769230769 0.027644230769230768 0.06971153846153846
0 0.5528846153846154 0.16105769230769232 0.04326923076923077 0.06610576923076923
0 0.6454326923076923 0.23317307692307693 0.025240384615384616 0.06370192307692307
0 0.9495192307692307 0.5060096153846154 0.021634615384615384 0.06370192307692307
0 0.6971153846153846 0.5240384615384616 0.025240384615384616 0.05889423076923077
0 0.6682692307692307 0.5288461538461539 0.03485576923076923 0.05889423076923077
0 0.6081730769230769 0.3112980769230769 0.04326923076923077 0.05048076923076923
0 0.5324519230769231 0.7043269230769231 0.020432692307692308 0.046875
0 0.5168269230769231 0.8725961538461539 0.021634615384615384 0.046875
0 0.5841346153846154 0.8762019230769231 0.027644230769230768 0.046875
0 0.5913461538461539 0.2439903846153846 0.03245192307692308 0.04326923076923077
0 0.796875 0.15264423076923078 0.019230769230769232 0.04326923076923077
0 0.49038461538461536 0.7403846153846154 0.019230769230769232 0.04326923076923077
0 0.8052884615384616 0.015625 0.025240384615384616 0.03125
0 0.18389423076923078 0.6201923076923077 0.052884615384615384 0.037259615384615384
0 0.5528846153846154 0.7415865384615384 0.009615384615384616 0.037259615384615384
0 0.5769230769230769 0.8341346153846154 0.016826923076923076 0.03485576923076923
0 0.5384615384615384 0.7692307692307693 0.01201923076923077 0.03485576923076923
0 0.7307692307692307 0.18870192307692307 0.014423076923076924 0.03125
0 0.7740384615384616 0.1658653846153846 0.027644230769230768 0.030048076923076924
0 0.7908653846153846 0.10817307692307693 0.027644230769230768 0.030048076923076924
0 0.7824519230769231 0.2127403846153846 0.01201923076923077 0.025240384615384616
0 0.5625 0.7451923076923077 0.01201923076923077 0.025240384615384616
0 0.8221153846153846 0.2127403846153846 0.021634615384615384 0.025240384615384616
0 0.7367788461538461 0.06971153846153846 0.016826923076923076 0.02403846153846154
0 0.7043269230769231 0.14182692307692307 0.020432692307692308 0.02403846153846154
0 0.6862980769230769 0.12980769230769232 0.01201923076923077 0.019230769230769232
6 0.6442307692307693 0.5264423076923077 0.0673076923076923 0.31850961538461536