4 0.28846153846153844 0.5745192307692307 0.21394230769230768 0.15745192307692307
4 0.47475961538461536 0.5408653846153846 0.22235576923076922 0.1045673076923077
0 0.16706730769230768 0.15745192307692307 0.21394230769230768 0.10336538461538461
0 0.9507211538461539 0.2439903846153846 0.09495192307692307 0.09495192307692307
0 0.34134615384615385 0.20072115384615385 0.18870192307692307 0.0889423076923077
0 0.08413461538461539 0.3016826923076923 0.14182692307692307 0.08413461538461539
0 0.04927884615384615 0.23798076923076922 0.06129807692307692 0.0673076923076923
0 0.49038461538461536 0.31490384615384615 0.19471153846153846 0.07451923076923077
0 0.6634615384615384 0.3137019230769231 0.18028846153846154 0.0733173076923077
0 0.23798076923076922 0.28365384615384615 0.1935096153846154 0.07211538461538461
0 0.8221153846153846 0.3125 0.14423076923076922 0.06610576923076923
0 0.9663461538461539 0.30408653846153844 0.06370192307692307 0.055288461538461536
4 0.8052884615384616 0.4266826923076923 0.2608173076923077 0.0673076923076923
0 0.8653846153846154 0.33533653846153844 0.1310096153846154 0.052884615384615384
0 0.7524038461538461 0.23798076923076922 0.1310096153846154 0.051682692307692304
0 0.2932692307692308 0.2439903846153846 0.17307692307692307 0.05048076923076923
0 0.6346153846153846 0.8052884615384616 0.18389423076923078 0.10576923076923077