6 0.5408653846153846 0.14543269230769232 0.109375 0.22235576923076922
0 0.03365384615384615 0.3112980769230769 0.051682692307692304 0.12620192307692307
0 0.2692307692307692 0.31009615384615385 0.027644230769230768 0.09254807692307693
0 0.7091346153846154 0.34134615384615385 0.026442307692307692 0.08653846153846154
0 0.4338942307692308 0.18629807692307693 0.025240384615384616 0.06971153846153846
0 0.7379807692307693 0.8221153846153846 0.03485576923076923 0.056490384615384616
0 0.019230769230769232 0.4230769230769231 0.016826923076923076 0.055288461538461536
0 0.3762019230769231 0.9110576923076923 0.021634615384615384 0.04326923076923077
0 0.7800480769230769 0.9038461538461539 0.03245192307692308 0.04326923076923077
0 0.16346153846153846 0.9086538461538461 0.016826923076923076 0.037259615384615384
0 0.21754807692307693 0.5264423076923077 0.036057692307692304 0.038461538461538464
0 0.06129807692307692 0.9567307692307693 0.020432692307692308 0.037259615384615384
0 0.4362980769230769 0.3942307692307692 0.014423076923076924 0.036057692307692304
0 0.12620192307692307 0.8798076923076923 0.019230769230769232 0.036057692307692304
0 0.6045673076923077 0.30649038461538464 0.007211538461538462 0.027644230769230768
0 0.49759615384615385 0.32211538461538464 0.016826923076923076 0.026442307692307692
0 0.3449519230769231 0.8269230769230769 0.014423076923076924 0.021634615384615384
0 0.4483173076923077 0.33653846153846156 0.01201923076923077 0.020432692307692308
0 0.3557692307692308 0.9038461538461539 0.019230769230769232 0.020432692307692308
0 0.5817307692307693 0.38822115384615385 0.010817307692307692 0.010817307692307692
6 0.7067307692307693 0.4963942307692308 0.0829326923076923 0.22596153846153846