2 0.33653846153846156 0.4723557692307692 0.09495192307692307 0.109375
2 0.2956730769230769 0.47475961538461536 0.038461538461538464 0.09495192307692307
2 0.7596153846153846 0.5168269230769231 0.056490384615384616 0.06370192307692307
2 0.921875 0.5252403846153846 0.10096153846153846 0.0625
2 0.02403846153846154 0.5384615384615384 0.04807692307692308 0.06129807692307692
2 0.7223557692307693 0.5240384615384616 0.0625 0.051682692307692304
2 0.5673076923076923 0.4891826923076923 0.051682692307692304 0.051682692307692304
2 0.5192307692307693 0.5 0.06129807692307692 0.05048076923076923
2 0.45913461538461536 0.49038461538461536 0.051682692307692304 0.04326923076923077
2 0.6490384615384616 0.6478365384615384 0.1875 0.040865384615384616
2 0.07572115384615384 0.5216346153846154 0.025240384615384616 0.030048076923076924
2 0.055288461538461536 0.5192307692307693 0.020432692307692308 0.03245192307692308