6 0.3894230769230769 0.40384615384615385 0.06370192307692307 0.15625
4 0.36899038461538464 0.6057692307692307 0.04807692307692308 0.13942307692307693
0 0.6850961538461539 0.7956730769230769 0.020432692307692308 0.11057692307692307
0 0.6201923076923077 0.8677884615384616 0.021634615384615384 0.109375
0 0.4987980769230769 0.6754807692307693 0.03125 0.0985576923076923
0 0.5216346153846154 0.4110576923076923 0.026442307692307692 0.06971153846153846
0 0.4326923076923077 0.6887019230769231 0.014423076923076924 0.046875
0 0.46274038461538464 0.5853365384615384 0.014423076923076924 0.042067307692307696
0 0.5348557692307693 0.7644230769230769 0.03245192307692308 0.03125
0 0.5661057692307693 0.7427884615384616 0.020432692307692308 0.026442307692307692
0 0.33774038461538464 0.859375 0.007211538461538462 0.025240384615384616
0 0.3161057692307692 0.8870192307692307 0.010817307692307692 0.02403846153846154
0 0.5865384615384616 0.9543269230769231 0.016826923076923076 0.021634615384615384
0 0.24759615384615385 0.7247596153846154 0.006009615384615385 0.020432692307692308
0 0.4963942307692308 0.5637019230769231 0.015625 0.019230769230769232
0 0.30649038461538464 0.8581730769230769 0.007211538461538462 0.019230769230769232
0 0.49278846153846156 0.4026442307692308 0.021634615384615384 0.016826923076923076
0 0.2620192307692308 0.6838942307692307 0.004807692307692308 0.015625
0 0.3485576923076923 0.8161057692307693 0.010817307692307692 0.010817307692307692
0 0.36899038461538464 0.8449519230769231 0.009615384615384616 0.010817307692307692