4 0.5084134615384616 0.44471153846153844 0.16346153846153846 0.1622596153846154
0 0.2776442307692308 0.038461538461538464 0.45913461538461536 0.07692307692307693
0 0.08533653846153846 0.15504807692307693 0.125 0.09375
4 0.16706730769230768 0.44711538461538464 0.09975961538461539 0.05889423076923077
0 0.28846153846153844 0.6983173076923077 0.09014423076923077 0.056490384615384616
0 0.11057692307692307 0.38100961538461536 0.030048076923076924 0.04567307692307692
0 0.04326923076923077 0.515625 0.05048076923076923 0.04567307692307692
4 0.36538461538461536 0.5865384615384616 0.09254807692307693 0.04567307692307692
0 0.5769230769230769 0.234375 0.052884615384615384 0.042067307692307696
4 0.5216346153846154 0.6766826923076923 0.057692307692307696 0.040865384615384616
0 0.042067307692307696 0.41346153846153844 0.08173076923076923 0.040865384615384616
6 0.05048076923076923 0.7644230769230769 0.09975961538461539 0.042067307692307696
0 0.6129807692307693 0.5612980769230769 0.09254807692307693 0.03485576923076923
0 0.21995192307692307 0.39663461538461536 0.09735576923076923 0.03485576923076923
0 0.34134615384615385 0.38221153846153844 0.09495192307692307 0.03245192307692308
0 0.6358173076923077 0.41346153846153844 0.09375 0.03245192307692308
0 0.5396634615384616 0.5060096153846154 0.06850961538461539 0.03125
0 0.6862980769230769 0.44711538461538464 0.09375 0.03125
0 0.4074519230769231 0.4206730769230769 0.09375 0.030048076923076924
0 0.2800480769230769 0.4495192307692308 0.09014423076923077 0.030048076923076924
0 0.18389423076923078 0.38341346153846156 0.09014423076923077 0.030048076923076924
0 0.2776442307692308 0.43149038461538464 0.05048076923076923 0.027644230769230768
0 0.6947115384615384 0.41346153846153844 0.08774038461538461 0.027644230769230768
0 0.4723557692307692 0.4026442307692308 0.0733173076923077 0.027644230769230768
0 0.7199519230769231 0.5216346153846154 0.03245192307692308 0.026442307692307692
0 0.7199519230769231 0.5372596153846154 0.015625 0.015625
0 0.6778846153846154 0.5420673076923077 0.030048076923076924 0.01201923076923077
0 0.6983173076923077 0.5661057692307693 0.015625 0.010817307692307692
0 0.7716346153846154 0.5456730769230769 0.02403846153846154 0.010817307692307692
0 0.6887019230769231 0.5528846153846154 0.016826923076923076 0.009615384615384616