2 0.7271634615384616 0.5877403846153846 0.08653846153846154 0.09014423076923077
2 0.27283653846153844 0.5552884615384616 0.05048076923076923 0.0625
2 0.12259615384615384 0.5697115384615384 0.05048076923076923 0.06129807692307692
2 0.1658653846153846 0.5685096153846154 0.03485576923076923 0.052884615384615384
2 0.04326923076923077 0.5805288461538461 0.07932692307692307 0.057692307692307696
2 0.20192307692307693 0.5661057692307693 0.030048076923076924 0.051682692307692304
2 0.38461538461538464 0.5132211538461539 0.06610576923076923 0.051682692307692304
2 0.6105769230769231 0.4543269230769231 0.046875 0.04807692307692308
2 0.06610576923076923 0.5612980769230769 0.056490384615384616 0.046875
2 0.31971153846153844 0.5216346153846154 0.03485576923076923 0.042067307692307696
2 0.020432692307692308 0.5456730769230769 0.038461538461538464 0.04326923076923077
2 0.7283653846153846 0.44350961538461536 0.04567307692307692 0.036057692307692304
2 0.22956730769230768 0.5721153846153846 0.055288461538461536 0.03485576923076923
2 0.5228365384615384 0.5288461538461539 0.04326923076923077 0.027644230769230768
2 0.8088942307692307 0.7175480769230769 0.3004807692307692 0.0985576923076923