4 0.28966346153846156 0.7560096153846154 0.24278846153846154 0.24278846153846154
4 0.5733173076923077 0.31490384615384615 0.09375 0.13581730769230768
0 0.47475961538461536 0.41466346153846156 0.03125 0.07451923076923077
0 0.4567307692307692 0.4411057692307692 0.03245192307692308 0.0673076923076923
0 0.4338942307692308 0.390625 0.042067307692307696 0.06370192307692307
0 0.41586538461538464 0.46875 0.052884615384615384 0.06129807692307692
0 0.7247596153846154 0.16466346153846154 0.030048076923076924 0.056490384615384616
0 0.4182692307692308 0.5216346153846154 0.07692307692307693 0.056490384615384616
0 0.41346153846153844 0.3557692307692308 0.052884615384615384 0.051682692307692304
0 0.47836538461538464 0.28966346153846156 0.027644230769230768 0.05048076923076923
0 0.34375 0.44471153846153844 0.030048076923076924 0.046875
0 0.17548076923076922 0.41586538461538464 0.04567307692307692 0.04567307692307692
0 0.41586538461538464 0.24639423076923078 0.016826923076923076 0.027644230769230768
0 0.3425480769230769 0.5228365384615384 0.016826923076923076 0.02403846153846154
0 0.25961538461538464 0.45913461538461536 0.01201923076923077 0.021634615384615384
0 0.2824519230769231 0.4651442307692308 0.026442307692307692 0.015625
0 0.59375 0.49399038461538464 0.08653846153846154 0.052884615384615384