0 0.7896634615384616 0.24639423076923078 0.4170673076923077 0.2800480769230769
4 0.25600961538461536 0.65625 0.4338942307692308 0.2692307692307692
0 0.5516826923076923 0.4338942307692308 0.4206730769230769 0.20432692307692307
0 0.8197115384615384 0.09134615384615384 0.13701923076923078 0.14903846153846154
0 0.05048076923076923 0.3629807692307692 0.09254807692307693 0.12620192307692307
0 0.9783653846153846 0.5949519230769231 0.037259615384615384 0.12139423076923077
0 0.8317307692307693 0.41346153846153844 0.11538461538461539 0.11298076923076923
4 0.6754807692307693 0.7824519230769231 0.234375 0.10817307692307693
0 0.9627403846153846 0.44350961538461536 0.07211538461538461 0.08653846153846154
0 0.9483173076923077 0.3004807692307692 0.09975961538461539 0.078125
0 0.9435096153846154 0.5576923076923077 0.11057692307692307 0.06971153846153846