3 0.7055288461538461 0.5817307692307693 0.3269230769230769 0.1466346153846154
3 0.6790865384615384 0.31009615384615385 0.14543269230769232 0.10576923076923077
3 0.8497596153846154 0.31971153846153844 0.08774038461538461 0.09014423076923077
3 0.9086538461538461 0.3173076923076923 0.06850961538461539 0.0889423076923077
3 0.7560096153846154 0.30649038461538464 0.05048076923076923 0.0733173076923077
3 0.1814903846153846 0.2620192307692308 0.0673076923076923 0.0733173076923077
3 0.5096153846153846 0.2536057692307692 0.0625 0.07211538461538461
3 0.9302884615384616 0.17908653846153846 0.06971153846153846 0.06850961538461539
3 0.9747596153846154 0.19471153846153846 0.046875 0.0673076923076923
3 0.27403846153846156 0.27163461538461536 0.04567307692307692 0.0625
3 0.33413461538461536 0.26802884615384615 0.0733173076923077 0.05889423076923077
3 0.13942307692307693 0.30649038461538464 0.09375 0.04326923076923077