2 0.4651442307692308 0.7716346153846154 0.109375 0.09975961538461539
2 0.6466346153846154 0.5216346153846154 0.078125 0.09495192307692307
2 0.7019230769230769 0.5252403846153846 0.08413461538461539 0.09375
2 0.30649038461538464 0.4699519230769231 0.06370192307692307 0.0733173076923077
2 0.8497596153846154 0.5456730769230769 0.0625 0.07211538461538461
2 0.01201923076923077 0.4567307692307692 0.02403846153846154 0.0673076923076923
2 0.3918269230769231 0.47596153846153844 0.04567307692307692 0.051682692307692304
2 0.10576923076923077 0.453125 0.046875 0.05048076923076923
2 0.33052884615384615 0.4651442307692308 0.025240384615384616 0.046875
2 0.9314903846153846 0.5168269230769231 0.04567307692307692 0.04807692307692308
2 0.3641826923076923 0.4699519230769231 0.026442307692307692 0.04567307692307692
2 0.15504807692307693 0.4651442307692308 0.04567307692307692 0.040865384615384616
2 0.3425480769230769 0.4098557692307692 0.030048076923076924 0.037259615384615384
2 0.2127403846153846 0.4387019230769231 0.0625 0.026442307692307692
2 0.13581730769230768 0.7752403846153846 0.27163461538461536 0.125