0 0.5637019230769231 0.07692307692307693 0.23798076923076922 0.15384615384615385
0 0.9603365384615384 0.056490384615384616 0.06370192307692307 0.11298076923076923
0 0.5300480769230769 0.21634615384615385 0.0985576923076923 0.12139423076923077
0 0.7115384615384616 0.2247596153846154 0.12620192307692307 0.1201923076923077
0 0.49399038461538464 0.25600961538461536 0.06610576923076923 0.11298076923076923
0 0.26322115384615385 0.28966346153846156 0.11538461538461539 0.09735576923076923
0 0.6466346153846154 0.5036057692307693 0.125 0.08774038461538461
0 0.7427884615384616 0.30408653846153844 0.09375 0.0829326923076923
0 0.05889423076923077 0.02403846153846154 0.11778846153846154 0.038461538461538464
4 0.6622596153846154 0.5949519230769231 0.13701923076923078 0.08173076923076923
4 0.12860576923076922 0.6730769230769231 0.1875 0.07692307692307693
0 0.6838942307692307 0.33653846153846156 0.09014423076923077 0.06370192307692307
4 0.055288461538461536 0.4891826923076923 0.109375 0.042067307692307696
6 0.07091346153846154 0.8545673076923077 0.10817307692307693 0.03485576923076923
0 0.13942307692307693 0.5600961538461539 0.11778846153846154 0.03245192307692308
0 0.01201923076923077 0.8137019230769231 0.010817307692307692 0.04567307692307692