2 0.6730769230769231 0.46634615384615385 0.08173076923076923 0.09735576923076923
2 0.06129807692307692 0.625 0.12139423076923077 0.10336538461538461
2 0.29086538461538464 0.41225961538461536 0.06370192307692307 0.07932692307692307
2 0.8161057692307693 0.4831730769230769 0.0673076923076923 0.078125
2 0.31850961538461536 0.41346153846153844 0.036057692307692304 0.06129807692307692
2 0.3545673076923077 0.4182692307692308 0.04326923076923077 0.051682692307692304
2 0.09735576923076923 0.40865384615384615 0.06129807692307692 0.052884615384615384
2 0.15264423076923078 0.41346153846153844 0.046875 0.04807692307692308
2 0.22596153846153846 0.3918269230769231 0.038461538461538464 0.046875
2 0.33052884615384615 0.36177884615384615 0.040865384615384616 0.046875
2 0.19951923076923078 0.3786057692307692 0.05048076923076923 0.04326923076923077
2 0.026442307692307692 0.4050480769230769 0.04326923076923077 0.042067307692307696
2 0.5384615384615384 0.7067307692307693 0.1658653846153846 0.11298076923076923