0 0.42427884615384615 0.875 0.0829326923076923 0.09735576923076923
0 0.38100961538461536 0.8112980769230769 0.06850961538461539 0.09975961538461539
0 0.3581730769230769 0.7788461538461539 0.0625 0.10096153846153846
0 0.3112980769230769 0.7439903846153846 0.037259615384615384 0.0829326923076923
0 0.4891826923076923 0.7572115384615384 0.07692307692307693 0.10817307692307693
0 0.5144230769230769 0.6790865384615384 0.0673076923076923 0.09375
0 0.4387019230769231 0.6959134615384616 0.078125 0.0985576923076923
0 0.41225961538461536 0.7403846153846154 0.051682692307692304 0.055288461538461536
0 0.5036057692307693 0.5480769230769231 0.0829326923076923 0.109375
0 0.5625 0.38822115384615385 0.10096153846153846 0.14543269230769232
0 0.515625 0.42908653846153844 0.06370192307692307 0.06850961538461539
0 0.39903846153846156 0.47836538461538464 0.0733173076923077 0.06610576923076923
0 0.4326923076923077 0.38341346153846156 0.06129807692307692 0.08413461538461539
0 0.40024038461538464 0.34134615384615385 0.0733173076923077 0.0889423076923077
0 0.5288461538461539 0.18269230769230768 0.06971153846153846 0.10817307692307693
0 0.4651442307692308 0.0889423076923077 0.09735576923076923 0.1778846153846154
0 0.47115384615384615 0.7980769230769231 0.06129807692307692 0.030048076923076924
0 0.4879807692307692 0.35096153846153844 0.0733173076923077 0.056490384615384616
0 0.49038461538461536 0.1346153846153846 0.051682692307692304 0.078125