0 0.10336538461538461 0.140625 0.20673076923076922 0.2403846153846154
0 0.6742788461538461 0.06971153846153846 0.30528846153846156 0.13942307692307693
0 0.4735576923076923 0.06129807692307692 0.11538461538461539 0.12259615384615384
4 0.34615384615384615 0.5516826923076923 0.171875 0.1346153846153846
0 0.5276442307692307 0.27524038461538464 0.10336538461538461 0.1141826923076923
4 0.859375 0.515625 0.12620192307692307 0.0985576923076923
4 0.47716346153846156 0.6826923076923077 0.14182692307692307 0.09735576923076923
0 0.8894230769230769 0.4423076923076923 0.09495192307692307 0.08774038461538461
0 0.7019230769230769 0.38341346153846156 0.0673076923076923 0.08413461538461539
0 0.7680288461538461 0.4338942307692308 0.09375 0.07692307692307693
0 0.2776442307692308 0.38461538461538464 0.17548076923076922 0.08173076923076923
0 0.9807692307692307 0.5685096153846154 0.03485576923076923 0.07932692307692307
0 0.6418269230769231 0.3112980769230769 0.14182692307692307 0.07932692307692307
0 0.6658653846153846 0.44711538461538464 0.06850961538461539 0.0733173076923077
0 0.7716346153846154 0.36899038461538464 0.13701923076923078 0.06370192307692307
0 0.9855769230769231 0.6069711538461539 0.025240384615384616 0.06129807692307692
0 0.9266826923076923 0.39663461538461536 0.1346153846153846 0.0673076923076923
0 0.41586538461538464 0.2824519230769231 0.1045673076923077 0.05889423076923077
0 0.9435096153846154 0.4326923076923077 0.109375 0.06129807692307692
0 0.46153846153846156 0.31490384615384615 0.0889423076923077 0.057692307692307696
0 0.6658653846153846 0.3786057692307692 0.06971153846153846 0.05048076923076923
0 0.4074519230769231 0.38100961538461536 0.1346153846153846 0.09254807692307693