0 0.9807692307692307 0.2439903846153846 0.025240384615384616 0.025240384615384616
0 0.9182692307692307 0.2512019230769231 0.02403846153846154 0.025240384615384616
0 0.8016826923076923 0.3317307692307692 0.04807692307692308 0.09735576923076923
0 0.7463942307692307 0.44471153846153844 0.0673076923076923 0.0829326923076923
0 0.7319711538461539 0.43509615384615385 0.05048076923076923 0.09254807692307693
0 0.6706730769230769 0.4182692307692308 0.046875 0.07932692307692307
0 0.6947115384615384 0.5552884615384616 0.06370192307692307 0.08173076923076923
0 0.5793269230769231 0.5 0.07211538461538461 0.10096153846153846
0 0.5973557692307693 0.5228365384615384 0.06610576923076923 0.078125
0 0.5252403846153846 0.5516826923076923 0.08413461538461539 0.09735576923076923
0 0.5180288461538461 0.46153846153846156 0.057692307692307696 0.03485576923076923
0 0.4411057692307692 0.5192307692307693 0.038461538461538464 0.078125
0 0.33774038461538464 0.5144230769230769 0.1201923076923077 0.0829326923076923
0 0.2620192307692308 0.6754807692307693 0.07932692307692307 0.10817307692307693
0 0.06971153846153846 0.7379807692307693 0.06129807692307692 0.056490384615384616
0 0.013221153846153846 0.6346153846153846 0.026442307692307692 0.07932692307692307
0 0.2512019230769231 0.3798076923076923 0.04807692307692308 0.10096153846153846
0 0.16947115384615385 0.44711538461538464 0.06370192307692307 0.09975961538461539
0 0.5372596153846154 0.5841346153846154 0.056490384615384616 0.06971153846153846