4 0.09254807692307693 0.42908653846153844 0.15264423076923078 0.12139423076923077
0 0.6045673076923077 0.04807692307692308 0.06971153846153846 0.09615384615384616
0 0.06370192307692307 0.06610576923076923 0.12740384615384615 0.0889423076923077
4 0.0733173076923077 0.14783653846153846 0.1466346153846154 0.06850961538461539
4 0.11538461538461539 0.2536057692307692 0.1658653846153846 0.06610576923076923
0 0.07932692307692307 0.027644230769230768 0.15745192307692307 0.055288461538461536
0 0.21995192307692307 0.17548076923076922 0.08413461538461539 0.05048076923076923
0 0.44471153846153844 0.6117788461538461 0.16346153846153846 0.04567307692307692
4 0.9387019230769231 0.4699519230769231 0.1201923076923077 0.04807692307692308
0 0.5192307692307693 0.3076923076923077 0.09254807692307693 0.040865384615384616
0 0.6490384615384616 0.23918269230769232 0.05889423076923077 0.040865384615384616
0 0.33653846153846156 0.2127403846153846 0.09495192307692307 0.037259615384615384
0 0.32211538461538464 0.2548076923076923 0.08173076923076923 0.03485576923076923
0 0.7463942307692307 0.265625 0.0625 0.03485576923076923
0 0.5721153846153846 0.2860576923076923 0.09495192307692307 0.03485576923076923
0 0.875 0.23677884615384615 0.0733173076923077 0.03245192307692308
0 0.9158653846153846 0.296875 0.06610576923076923 0.03125
0 0.4230769230769231 0.2536057692307692 0.09375 0.03125
6 0.6165865384615384 0.5745192307692307 0.08173076923076923 0.03125
0 0.7331730769230769 0.2620192307692308 0.0625 0.03125
0 0.7800480769230769 0.27163461538461536 0.05889423076923077 0.027644230769230768
0 0.6574519230769231 0.5396634615384616 0.09254807692307693 0.027644230769230768
0 0.7487980769230769 0.30288461538461536 0.06610576923076923 0.027644230769230768
0 0.5649038461538461 0.5348557692307693 0.0625 0.025240384615384616
0 0.9699519230769231 0.26802884615384615 0.057692307692307696 0.026442307692307692
0 0.8545673076923077 0.28725961538461536 0.056490384615384616 0.02403846153846154
0 0.8689903846153846 0.2644230769230769 0.06610576923076923 0.021634615384615384
0 0.7331730769230769 0.039663461538461536 0.1466346153846154 0.07932692307692307