1 0.6778846153846154 0.27524038461538464 0.10096153846153846 0.06971153846153846
1 0.5925480769230769 0.3389423076923077 0.1045673076923077 0.05889423076923077
1 0.2668269230769231 0.31009615384615385 0.11778846153846154 0.055288461538461536
1 0.30288461538461536 0.6971153846153846 0.08774038461538461 0.05048076923076923
1 0.33413461538461536 0.3713942307692308 0.12620192307692307 0.051682692307692304
1 0.8365384615384616 0.4495192307692308 0.08413461538461539 0.05048076923076923
1 0.453125 0.09134615384615384 0.10817307692307693 0.05048076923076923
1 0.04927884615384615 0.19230769230769232 0.0985576923076923 0.05048076923076923
1 0.875 0.30528846153846156 0.09014423076923077 0.046875
1 0.36778846153846156 0.3004807692307692 0.06850961538461539 0.046875
1 0.1466346153846154 0.6742788461538461 0.07211538461538461 0.046875
1 0.18990384615384615 0.8233173076923077 0.09375 0.04567307692307692
1 0.8930288461538461 0.5949519230769231 0.09975961538461539 0.04326923076923077
1 0.8918269230769231 0.5444711538461539 0.09735576923076923 0.042067307692307696
1 0.7355769230769231 0.9615384615384616 0.057692307692307696 0.038461538461538464
1 0.5480769230769231 0.8762019230769231 0.06610576923076923 0.037259615384615384
1 0.6129807692307693 0.2127403846153846 0.08413461538461539 0.037259615384615384
1 0.04807692307692308 0.7439903846153846 0.038461538461538464 0.036057692307692304
1 0.09375 0.7836538461538461 0.04567307692307692 0.036057692307692304
1 0.046875 0.3233173076923077 0.0733173076923077 0.037259615384615384
1 0.5997596153846154 0.5108173076923077 0.07692307692307693 0.03245192307692308
1 0.41947115384615385 0.4326923076923077 0.0829326923076923 0.03245192307692308
1 0.44471153846153844 0.9915865384615384 0.09254807692307693 0.014423076923076924
1 0.9302884615384616 0.3918269230769231 0.109375 0.030048076923076924
1 0.5252403846153846 0.003605769230769231 0.08413461538461539 0.007211538461538462