4 0.6490384615384616 0.5432692307692307 0.2932692307692308 0.15985576923076922
0 0.08653846153846154 0.30649038461538464 0.16706730769230768 0.14543269230769232
4 0.8076923076923077 0.9651442307692307 0.2848557692307692 0.06610576923076923
6 0.34134615384615385 0.42788461538461536 0.06850961538461539 0.09735576923076923
0 0.2932692307692308 0.5132211538461539 0.0733173076923077 0.09375
0 0.5024038461538461 0.9290865384615384 0.21394230769230768 0.09014423076923077
0 0.056490384615384616 0.4206730769230769 0.109375 0.08653846153846154
0 0.030048076923076924 0.3701923076923077 0.056490384615384616 0.0829326923076923
0 0.10096153846153846 0.5492788461538461 0.10096153846153846 0.07451923076923077
0 0.3425480769230769 0.5096153846153846 0.04807692307692308 0.0733173076923077
0 0.41225961538461536 0.5697115384615384 0.042067307692307696 0.07211538461538461
4 0.4951923076923077 0.84375 0.13581730769230768 0.06971153846153846
0 0.20072115384615385 0.5649038461538461 0.10336538461538461 0.06850961538461539
0 0.4387019230769231 0.5036057692307693 0.0673076923076923 0.0673076923076923
4 0.22956730769230768 0.7463942307692307 0.22956730769230768 0.0625
0 0.07932692307692307 0.6129807692307693 0.1141826923076923 0.04807692307692308
0 0.03125 0.671875 0.0625 0.046875
0 0.1346153846153846 0.5733173076923077 0.11057692307692307 0.04326923076923077