0 0.4387019230769231 0.3701923076923077 0.8774038461538461 0.6490384615384616
0 0.5480769230769231 0.4723557692307692 0.7331730769230769 0.4387019230769231
0 0.36538461538461536 0.75 0.18028846153846154 0.1935096153846154
0 0.12379807692307693 0.35216346153846156 0.24519230769230768 0.1622596153846154
0 0.9675480769230769 0.6730769230769231 0.056490384615384616 0.12860576923076922
4 0.4723557692307692 0.8377403846153846 0.14423076923076922 0.10817307692307693
0 0.9158653846153846 0.7992788461538461 0.0625 0.10576923076923077
0 0.5685096153846154 0.6706730769230769 0.057692307692307696 0.10336538461538461
0 0.5697115384615384 0.7163461538461539 0.1045673076923077 0.0889423076923077
0 0.8293269230769231 0.7980769230769231 0.09975961538461539 0.06850961538461539
0 0.8245192307692307 0.7475961538461539 0.09495192307692307 0.0673076923076923
0 0.3233173076923077 0.6442307692307693 0.140625 0.056490384615384616
0 0.203125 0.15144230769230768 0.39663461538461536 0.24639423076923078