4 0.33653846153846156 0.5889423076923077 0.6730769230769231 0.546875
0 0.25600961538461536 0.30649038461538464 0.17548076923076922 0.11057692307692307
0 0.7451923076923077 0.8762019230769231 0.265625 0.09735576923076923
0 0.13942307692307693 0.9543269230769231 0.23317307692307693 0.08653846153846154
4 0.45913461538461536 0.6622596153846154 0.15264423076923078 0.07451923076923077
0 0.7920673076923077 0.43149038461538464 0.22956730769230768 0.07692307692307693
0 0.04807692307692308 0.3737980769230769 0.09615384615384616 0.06971153846153846
0 0.6189903846153846 0.5637019230769231 0.0625 0.05048076923076923
4 0.5 0.7331730769230769 0.15264423076923078 0.056490384615384616
0 0.9543269230769231 0.6634615384615384 0.08774038461538461 0.051682692307692304
0 0.9158653846153846 0.45913461538461536 0.05048076923076923 0.040865384615384616
0 0.6526442307692307 0.5504807692307693 0.109375 0.04326923076923077
0 0.8365384615384616 0.5612980769230769 0.12980769230769232 0.042067307692307696
0 0.8810096153846154 0.5324519230769231 0.12620192307692307 0.042067307692307696
0 0.7512019230769231 0.5096153846153846 0.109375 0.040865384615384616
0 0.5444711538461539 0.5504807692307693 0.08653846153846154 0.037259615384615384
0 0.7872596153846154 0.5060096153846154 0.07692307692307693 0.036057692307692304
0 0.6490384615384616 0.4987980769230769 0.07692307692307693 0.03485576923076923
0 0.9771634615384616 0.5096153846153846 0.042067307692307696 0.03485576923076923
0 0.49759615384615385 0.53125 0.11778846153846154 0.03245192307692308
0 0.9350961538461539 0.5084134615384616 0.06370192307692307 0.030048076923076924
0 0.7956730769230769 0.47475961538461536 0.04807692307692308 0.027644230769230768
0 0.6213942307692307 0.48197115384615385 0.0673076923076923 0.027644230769230768