2 0.5456730769230769 0.4807692307692308 0.23076923076923078 0.13221153846153846
2 0.0673076923076923 0.24879807692307693 0.109375 0.12620192307692307
2 0.8918269230769231 0.25721153846153844 0.11298076923076923 0.0985576923076923
2 0.234375 0.17548076923076922 0.08413461538461539 0.0673076923076923
2 0.6442307692307693 0.1778846153846154 0.038461538461538464 0.057692307692307696
2 0.40384615384615385 0.18870192307692307 0.0625 0.056490384615384616
2 0.6237980769230769 0.19110576923076922 0.04807692307692308 0.05048076923076923
2 0.5769230769230769 0.19831730769230768 0.04807692307692308 0.04567307692307692
2 0.4879807692307692 0.19591346153846154 0.07211538461538461 0.04807692307692308
2 0.7211538461538461 0.203125 0.02403846153846154 0.038461538461538464
2 0.33413461538461536 0.1875 0.05889423076923077 0.040865384615384616
2 0.7860576923076923 0.19831730769230768 0.027644230769230768 0.03485576923076923
2 0.7524038461538461 0.19591346153846154 0.03125 0.03245192307692308
2 0.9639423076923077 0.21153846153846154 0.025240384615384616 0.030048076923076924
2 0.8209134615384616 0.2127403846153846 0.037259615384615384 0.030048076923076924