4 0.8954326923076923 0.4375 0.171875 0.13942307692307693
0 0.31971153846153844 0.05889423076923077 0.07932692307692307 0.1045673076923077
0 0.9050480769230769 0.05048076923076923 0.14543269230769232 0.10096153846153846
4 0.9002403846153846 0.1346153846153846 0.1658653846153846 0.0829326923076923
4 0.859375 0.2512019230769231 0.1814903846153846 0.07932692307692307
0 0.8882211538461539 0.020432692307692308 0.17668269230769232 0.040865384615384616
0 0.7427884615384616 0.171875 0.09375 0.057692307692307696
0 0.5240384615384616 0.6550480769230769 0.18028846153846154 0.057692307692307696
4 0.025240384615384616 0.5264423076923077 0.05048076923076923 0.052884615384615384
0 0.42788461538461536 0.3317307692307692 0.10096153846153846 0.04807692307692308
0 0.2848557692307692 0.265625 0.06610576923076923 0.046875
0 0.6189903846153846 0.21875 0.1045673076923077 0.04567307692307692
0 0.6370192307692307 0.26322115384615385 0.0889423076923077 0.040865384615384616
0 0.18028846153846154 0.3004807692307692 0.06971153846153846 0.040865384615384616
0 0.36899038461538464 0.3112980769230769 0.1045673076923077 0.040865384615384616
0 0.040865384615384616 0.27524038461538464 0.08173076923076923 0.038461538461538464
0 0.019230769230769232 0.3425480769230769 0.037259615384615384 0.038461538461538464
0 0.5288461538461539 0.2692307692307692 0.10336538461538461 0.038461538461538464
6 0.33774038461538464 0.6237980769230769 0.0889423076923077 0.037259615384615384
0 0.19471153846153846 0.2956730769230769 0.06971153846153846 0.037259615384615384
0 0.14423076923076922 0.3088942307692308 0.06370192307692307 0.03485576923076923
0 0.2932692307692308 0.5901442307692307 0.09975961538461539 0.036057692307692304
0 0.18028846153846154 0.3401442307692308 0.0733173076923077 0.03245192307692308
0 0.3918269230769231 0.578125 0.06850961538461539 0.03125
0 0.06610576923076923 0.328125 0.06129807692307692 0.027644230769230768
0 0.04807692307692308 0.30528846153846156 0.07211538461538461 0.027644230769230768
0 0.18269230769230768 0.056490384615384616 0.1622596153846154 0.09014423076923077