0 0.39903846153846156 0.109375 0.27403846153846156 0.14903846153846154
0 0.24158653846153846 0.1622596153846154 0.17668269230769232 0.14182692307692307
0 0.18269230769230768 0.2403846153846154 0.16826923076923078 0.1310096153846154
0 0.8401442307692307 0.3401442307692308 0.3112980769230769 0.11778846153846154
0 0.11899038461538461 0.05889423076923077 0.15985576923076922 0.09495192307692307
4 0.49399038461538464 0.53125 0.19230769230769232 0.09735576923076923
0 0.08653846153846154 0.23076923076923078 0.1466346153846154 0.08653846153846154
0 0.33774038461538464 0.29086538461538464 0.1466346153846154 0.0829326923076923
4 0.7223557692307693 0.5012019230769231 0.25600961538461536 0.0829326923076923
0 0.18028846153846154 0.23317307692307693 0.15985576923076922 0.06850961538461539
0 0.5901442307692307 0.36899038461538464 0.234375 0.06850961538461539
0 0.01201923076923077 0.2548076923076923 0.02403846153846154 0.0625
0 0.8233173076923077 0.22956730769230768 0.1875 0.0625
0 0.5360576923076923 0.2692307692307692 0.18028846153846154 0.05889423076923077
0 0.5997596153846154 0.28725961538461536 0.17307692307692307 0.056490384615384616
0 0.890625 0.2932692307692308 0.20432692307692307 0.052884615384615384
0 0.3641826923076923 0.30649038461538464 0.21153846153846154 0.05048076923076923
0 0.875 0.24519230769230768 0.15504807692307693 0.04326923076923077
4 0.8966346153846154 0.5408653846153846 0.20432692307692307 0.0829326923076923