0 0.5685096153846154 0.6658653846153846 0.2091346153846154 0.3137019230769231
0 0.11538461538461539 0.5564903846153846 0.19471153846153846 0.28846153846153844
0 0.7680288461538461 0.5480769230769231 0.11899038461538461 0.2644230769230769
0 0.4651442307692308 0.27403846153846156 0.1502403846153846 0.22355769230769232
0 0.4855769230769231 0.38221153846153844 0.08413461538461539 0.15985576923076922
0 0.5769230769230769 0.49158653846153844 0.11538461538461539 0.09735576923076923
0 0.27403846153846156 0.6959134615384616 0.171875 0.09495192307692307
0 0.3942307692307692 0.7896634615384616 0.24519230769230768 0.09375
0 0.8149038461538461 0.8305288461538461 0.05889423076923077 0.08413461538461539
0 0.7451923076923077 0.8329326923076923 0.07692307692307693 0.08173076923076923
0 0.5829326923076923 0.8942307692307693 0.15745192307692307 0.08173076923076923
0 0.7439903846153846 0.7608173076923077 0.078125 0.07451923076923077
0 0.7391826923076923 0.9711538461538461 0.09975961538461539 0.055288461538461536
0 0.9266826923076923 0.9146634615384616 0.11899038461538461 0.07692307692307693
0 0.8918269230769231 0.96875 0.06129807692307692 0.05889423076923077
0 0.8341346153846154 0.90625 0.0985576923076923 0.06129807692307692