1 0.8329326923076923 0.6598557692307693 0.20793269230769232 0.11778846153846154
1 0.5877403846153846 0.5925480769230769 0.2800480769230769 0.109375
1 0.17548076923076922 0.7427884615384616 0.11298076923076923 0.08413461538461539
1 0.4014423076923077 0.6346153846153846 0.19471153846153846 0.08413461538461539
1 0.3425480769230769 0.8245192307692307 0.1310096153846154 0.07692307692307693
1 0.34375 0.5997596153846154 0.23918269230769232 0.0733173076923077
1 0.29086538461538464 0.7259615384615384 0.11298076923076923 0.06370192307692307
1 0.734375 0.4735576923076923 0.15745192307692307 0.055288461538461536
1 0.96875 0.5324519230769231 0.05889423076923077 0.04326923076923077
1 0.8858173076923077 0.33533653846153844 0.09014423076923077 0.038461538461538464
1 0.052884615384615384 0.6466346153846154 0.10576923076923077 0.038461538461538464
1 0.9603365384615384 0.6971153846153846 0.07211538461538461 0.03125
1 0.16826923076923078 0.6658653846153846 0.16826923076923078 0.051682692307692304