0 0.3870192307692308 0.2824519230769231 0.4795673076923077 0.24879807692307693
4 0.6887019230769231 0.08653846153846154 0.6141826923076923 0.171875
0 0.5552884615384616 0.39903846153846156 0.09975961538461539 0.09495192307692307
0 0.7752403846153846 0.9050480769230769 0.19471153846153846 0.07932692307692307
4 0.4387019230769231 0.7596153846153846 0.1875 0.07211538461538461
4 0.5336538461538461 0.7055288461538461 0.14182692307692307 0.06850961538461539
0 0.6923076923076923 0.46274038461538464 0.14543269230769232 0.06129807692307692
0 0.6971153846153846 0.5048076923076923 0.06850961538461539 0.057692307692307696
0 0.6670673076923077 0.41586538461538464 0.1201923076923077 0.055288461538461536
0 0.5997596153846154 0.5180288461538461 0.09975961538461539 0.055288461538461536
0 0.9771634615384616 0.47596153846153844 0.04326923076923077 0.05048076923076923
0 0.9819711538461539 0.5817307692307693 0.03245192307692308 0.05048076923076923
0 0.9663461538461539 0.6670673076923077 0.06370192307692307 0.052884615384615384
0 0.7932692307692307 0.4495192307692308 0.11057692307692307 0.04807692307692308
0 0.9158653846153846 0.4807692307692308 0.12620192307692307 0.04807692307692308
0 0.8581730769230769 0.5528846153846154 0.1045673076923077 0.04807692307692308
0 0.8125 0.4879807692307692 0.0985576923076923 0.04567307692307692
0 0.5336538461538461 0.4675480769230769 0.1201923076923077 0.040865384615384616
0 0.6947115384615384 0.5348557692307693 0.08173076923076923 0.037259615384615384