3 0.2824519230769231 0.5600961538461539 0.328125 0.13221153846153846
3 0.33413461538461536 0.28725961538461536 0.14423076923076922 0.10096153846153846
3 0.15985576923076922 0.2824519230769231 0.08413461538461539 0.0889423076923077
3 0.09975961538461539 0.27403846153846156 0.06610576923076923 0.08774038461538461
3 0.25600961538461536 0.2776442307692308 0.046875 0.0733173076923077
3 0.84375 0.28365384615384615 0.06610576923076923 0.07211538461538461
3 0.5120192307692307 0.2439903846153846 0.05889423076923077 0.06971153846153846
3 0.09014423076923077 0.13221153846153846 0.06850961538461539 0.0673076923076923
3 0.036057692307692304 0.14423076923076922 0.05889423076923077 0.06370192307692307
3 0.7487980769230769 0.2848557692307692 0.04326923076923077 0.0625
3 0.6887019230769231 0.27524038461538464 0.07211538461538461 0.057692307692307696
3 0.8822115384615384 0.3317307692307692 0.09254807692307693 0.040865384615384616