0 0.2848557692307692 0.07932692307692307 0.15985576923076922 0.14543269230769232
0 0.1502403846153846 0.07692307692307693 0.10336538461538461 0.12379807692307693
0 0.5264423076923077 0.14182692307692307 0.18629807692307693 0.17307692307692307
4 0.6021634615384616 0.5144230769230769 0.16706730769230768 0.16706730769230768
0 0.17548076923076922 0.2776442307692308 0.07932692307692307 0.09014423076923077
4 0.32211538461538464 0.6201923076923077 0.125 0.08774038461538461
0 0.2932692307692308 0.375 0.11899038461538461 0.08173076923076923
0 0.039663461538461536 0.3942307692307692 0.07932692307692307 0.078125
0 0.01201923076923077 0.46033653846153844 0.02403846153846154 0.0673076923076923
0 0.06009615384615385 0.3161057692307692 0.1201923076923077 0.06850961538461539
0 0.3798076923076923 0.33774038461538464 0.18629807692307693 0.06850961538461539
0 0.08774038461538461 0.44471153846153844 0.08173076923076923 0.0625
0 0.021634615384615384 0.3870192307692308 0.042067307692307696 0.056490384615384616
0 0.12139423076923077 0.3605769230769231 0.09975961538461539 0.04807692307692308
0 0.2247596153846154 0.2932692307692308 0.10817307692307693 0.04326923076923077
0 0.25841346153846156 0.25721153846153844 0.0889423076923077 0.040865384615384616