0 0.8894230769230769 0.05048076923076923 0.21754807692307693 0.052884615384615384
0 0.5252403846153846 0.6574519230769231 0.25 0.1201923076923077
0 0.14903846153846154 0.03365384615384615 0.21995192307692307 0.0673076923076923
0 0.06129807692307692 0.7415865384615384 0.12259615384615384 0.10817307692307693
0 0.9014423076923077 0.17908653846153846 0.1935096153846154 0.1141826923076923
0 0.9098557692307693 0.9747596153846154 0.1045673076923077 0.046875
0 0.6213942307692307 0.9639423076923077 0.21153846153846154 0.06850961538461539
0 0.7692307692307693 0.9254807692307693 0.18389423076923078 0.10096153846153846
0 0.6189903846153846 0.04807692307692308 0.328125 0.09495192307692307
0 0.3088942307692308 0.5612980769230769 0.20432692307692307 0.09975961538461539
0 0.9146634615384616 0.8221153846153846 0.12139423076923077 0.09254807692307693
0 0.7788461538461539 0.39663461538461536 0.28125 0.10576923076923077
0 0.42788461538461536 0.5516826923076923 0.2860576923076923 0.10576923076923077
0 0.22355769230769232 0.12379807692307693 0.27524038461538464 0.1045673076923077
0 0.8317307692307693 0.28846153846153844 0.2512019230769231 0.10096153846153846
0 0.9435096153846154 0.6201923076923077 0.10096153846153846 0.0889423076923077
0 0.5901442307692307 0.7560096153846154 0.2536057692307692 0.10096153846153846
0 0.9302884615384616 0.8990384615384616 0.078125 0.08653846153846154
0 0.6814903846153846 0.671875 0.17668269230769232 0.09375
0 0.026442307692307692 0.8365384615384616 0.052884615384615384 0.08774038461538461
0 0.8942307692307693 0.7247596153846154 0.18028846153846154 0.09375
0 0.3004807692307692 0.9375 0.19471153846153846 0.09254807692307693
0 0.5300480769230769 0.7848557692307693 0.23076923076923078 0.09495192307692307
0 0.5024038461538461 0.3485576923076923 0.24639423076923078 0.09375
0 0.8990384615384616 0.6490384615384616 0.18269230769230768 0.08774038461538461
0 0.7379807692307693 0.28966346153846156 0.16706730769230768 0.08413461538461539
0 0.6610576923076923 0.6009615384615384 0.203125 0.08774038461538461
0 0.5120192307692307 0.8677884615384616 0.18870192307692307 0.08653846153846154
0 0.8569711538461539 0.44591346153846156 0.2512019230769231 0.09014423076923077
0 0.7560096153846154 0.8317307692307693 0.19951923076923078 0.08653846153846154
0 0.07211538461538461 0.08774038461538461 0.08173076923076923 0.07692307692307693
0 0.7091346153846154 0.18629807692307693 0.2512019230769231 0.08774038461538461
0 0.08173076923076923 0.28725961538461536 0.13221153846153846 0.078125
0 0.3137019230769231 0.19471153846153846 0.21394230769230768 0.0829326923076923
0 0.18870192307692307 0.3173076923076923 0.16706730769230768 0.078125
0 0.6754807692307693 0.13942307692307693 0.22355769230769232 0.0829326923076923
0 0.8197115384615384 0.5456730769230769 0.3173076923076923 0.09014423076923077
0 0.44711538461538464 0.41225961538461536 0.19110576923076922 0.078125
0 0.3629807692307692 0.8100961538461539 0.23557692307692307 0.08173076923076923
0 0.5276442307692307 0.27283653846153844 0.25 0.0829326923076923
0 0.046875 0.1778846153846154 0.04567307692307692 0.06610576923076923
0 0.21394230769230768 0.8713942307692307 0.17548076923076922 0.0733173076923077
0 0.19471153846153846 0.26322115384615385 0.23798076923076922 0.078125
0 0.19831730769230768 0.43509615384615385 0.30649038461538464 0.0829326923076923
0 0.9747596153846154 0.4579326923076923 0.04807692307692308 0.0625
0 0.47475961538461536 0.9735576923076923 0.15144230769230768 0.05048076923076923
0 0.078125 0.5408653846153846 0.15625 0.06971153846153846
0 0.18629807692307693 0.6850961538461539 0.2283653846153846 0.0733173076923077
0 0.04567307692307692 0.3629807692307692 0.07451923076923077 0.056490384615384616
0 0.8197115384615384 0.49158653846153844 0.234375 0.06971153846153846
0 0.9855769230769231 0.4254807692307692 0.025240384615384616 0.052884615384615384
0 0.27884615384615385 0.41346153846153844 0.20432692307692307 0.0625
0 0.9651442307692307 0.7007211538461539 0.042067307692307696 0.0733173076923077