0 0.13221153846153846 0.11298076923076923 0.2644230769230769 0.19471153846153846
0 0.2091346153846154 0.23076923076923078 0.20673076923076922 0.1466346153846154
4 0.3233173076923077 0.47475961538461536 0.36538461538461536 0.1346153846153846
0 0.3545673076923077 0.21875 0.13942307692307693 0.11298076923076923
0 0.3545673076923077 0.890625 0.3245192307692308 0.125
0 0.4387019230769231 0.3137019230769231 0.056490384615384616 0.10336538461538461
0 0.3269230769230769 0.3112980769230769 0.04567307692307692 0.09375
4 0.6947115384615384 0.7596153846153846 0.15625 0.09735576923076923
4 0.6310096153846154 0.6189903846153846 0.25721153846153844 0.10096153846153846
4 0.5204326923076923 0.5288461538461539 0.25721153846153844 0.09975961538461539
0 0.007211538461538462 0.30528846153846156 0.014423076923076924 0.08173076923076923
0 0.4855769230769231 0.8401442307692307 0.2283653846153846 0.09375
0 0.4411057692307692 0.41586538461538464 0.10336538461538461 0.07451923076923077
0 0.375 0.39302884615384615 0.07451923076923077 0.0673076923076923
0 0.15865384615384615 0.49038461538461536 0.10096153846153846 0.0673076923076923
0 0.5516826923076923 0.3798076923076923 0.10096153846153846 0.057692307692307696
0 0.2800480769230769 0.39783653846153844 0.18389423076923078 0.06370192307692307
0 0.4266826923076923 0.38461538461538464 0.056490384615384616 0.052884615384615384
0 0.040865384615384616 0.5108173076923077 0.08173076923076923 0.046875
0 0.31009615384615385 0.44471153846153844 0.06610576923076923 0.036057692307692304
0 0.2620192307692308 0.4338942307692308 0.07451923076923077 0.036057692307692304
0 0.26322115384615385 0.46274038461538464 0.06850961538461539 0.03245192307692308
0 0.2283653846153846 0.484375 0.06370192307692307 0.03125
0 0.19951923076923078 0.5108173076923077 0.056490384615384616 0.03125
0 0.11899038461538461 0.49038461538461536 0.08653846153846154 0.04567307692307692