1 0.6754807692307693 0.3161057692307692 0.16706730769230768 0.16346153846153846
1 0.7007211538461539 0.7560096153846154 0.2283653846153846 0.16346153846153846
1 0.6129807692307693 0.5552884615384616 0.1935096153846154 0.1310096153846154
1 0.24639423076923078 0.5528846153846154 0.2692307692307692 0.12139423076923077
1 0.7908653846153846 0.4254807692307692 0.19831730769230768 0.109375
1 0.5120192307692307 0.7980769230769231 0.19831730769230768 0.0985576923076923
1 0.140625 0.6262019230769231 0.15985576923076922 0.07211538461538461
1 0.8365384615384616 0.71875 0.09735576923076923 0.0625
1 0.2620192307692308 0.8713942307692307 0.1778846153846154 0.06370192307692307
1 0.46033653846153844 0.9002403846153846 0.125 0.06129807692307692
1 0.1466346153846154 0.8245192307692307 0.12620192307692307 0.057692307692307696
1 0.2800480769230769 0.9411057692307693 0.16346153846153846 0.055288461538461536
1 0.3858173076923077 0.7572115384615384 0.20673076923076922 0.051682692307692304
1 0.06850961538461539 0.609375 0.1310096153846154 0.12620192307692307