6 0.4651442307692308 0.15985576923076922 0.10817307692307693 0.22596153846153846
0 0.9723557692307693 0.3762019230769231 0.052884615384615384 0.1310096153846154
0 0.7295673076923077 0.35336538461538464 0.027644230769230768 0.09375
0 0.27524038461538464 0.3473557692307692 0.026442307692307692 0.08774038461538461
0 0.5709134615384616 0.2127403846153846 0.025240384615384616 0.07211538461538461
0 0.203125 0.8377403846153846 0.03485576923076923 0.057692307692307696
0 0.9759615384615384 0.49278846153846156 0.016826923076923076 0.056490384615384616
0 0.5661057692307693 0.9615384615384616 0.021634615384615384 0.04326923076923077
0 0.1502403846153846 0.9170673076923077 0.03245192307692308 0.04326923076923077
0 0.7848557692307693 0.9771634615384616 0.016826923076923076 0.038461538461538464
0 0.7644230769230769 0.5817307692307693 0.036057692307692304 0.038461538461538464
0 0.9615384615384616 0.9783653846153846 0.021634615384615384 0.037259615384615384
0 0.5504807692307693 0.42427884615384615 0.01201923076923077 0.036057692307692304
0 0.8245192307692307 0.9507211538461539 0.016826923076923076 0.036057692307692304
0 0.38461538461538464 0.31971153846153844 0.007211538461538462 0.027644230769230768
0 0.49399038461538464 0.34615384615384615 0.016826923076923076 0.026442307692307692
0 0.6057692307692307 0.8786057692307693 0.014423076923076924 0.021634615384615384
0 0.5432692307692307 0.36538461538461536 0.01201923076923077 0.020432692307692308
0 0.5865384615384616 0.9555288461538461 0.019230769230769232 0.020432692307692308
0 0.4014423076923077 0.4074519230769231 0.010817307692307692 0.010817307692307692
6 0.2644230769230769 0.5060096153846154 0.08173076923076923 0.23317307692307693