0 0.8822115384615384 0.6225961538461539 0.12379807692307693 0.08173076923076923
0 0.9651442307692307 0.5661057692307693 0.06610576923076923 0.07451923076923077
0 0.6754807692307693 0.6153846153846154 0.12860576923076922 0.057692307692307696
0 0.7932692307692307 0.24278846153846154 0.12379807692307693 0.056490384615384616
0 0.7367788461538461 0.18870192307692307 0.14903846153846154 0.056490384615384616
0 0.9338942307692307 0.2980769230769231 0.12980769230769232 0.055288461538461536
0 0.44350961538461536 0.4519230769230769 0.08173076923076923 0.036057692307692304
0 0.5408653846153846 0.4891826923076923 0.0829326923076923 0.030048076923076924
0 0.46274038461538464 0.41586538461538464 0.06370192307692307 0.026442307692307692
0 0.5625 0.4074519230769231 0.03485576923076923 0.009615384615384616
6 0.41346153846153844 0.3786057692307692 0.4050480769230769 0.10096153846153846