6 0.45552884615384615 0.10576923076923077 0.11778846153846154 0.21153846153846154
0 0.1935096153846154 0.2980769230769231 0.03125 0.09495192307692307
0 0.6526442307692307 0.27524038461538464 0.030048076923076924 0.0889423076923077
0 0.34975961538461536 0.14903846153846154 0.026442307692307692 0.0733173076923077
0 0.7439903846153846 0.7692307692307693 0.036057692307692304 0.05889423076923077
0 0.38100961538461536 0.9074519230769231 0.02403846153846154 0.04567307692307692
0 0.7992788461538461 0.8473557692307693 0.036057692307692304 0.04567307692307692
0 0.15985576923076922 0.9314903846153846 0.019230769230769232 0.040865384615384616
0 0.16826923076923078 0.5288461538461539 0.038461538461538464 0.042067307692307696
0 0.06129807692307692 0.9867788461538461 0.02403846153846154 0.02403846153846154
0 0.37740384615384615 0.3629807692307692 0.015625 0.037259615384615384
0 0.11899038461538461 0.9050480769230769 0.020432692307692308 0.037259615384615384
0 0.5408653846153846 0.2512019230769231 0.009615384615384616 0.030048076923076924
0 0.43149038461538464 0.28125 0.016826923076923076 0.026442307692307692
0 0.33774038461538464 0.8245192307692307 0.014423076923076924 0.02403846153846154
0 0.38221153846153844 0.30288461538461536 0.01201923076923077 0.020432692307692308
0 0.359375 0.9026442307692307 0.019230769230769232 0.020432692307692308
0 0.5276442307692307 0.3389423076923077 0.010817307692307692 0.01201923076923077
6 0.6706730769230769 0.4362980769230769 0.09014423076923077 0.23557692307692307