0 0.05889423076923077 0.5949519230769231 0.11778846153846154 0.1310096153846154
0 0.3870192307692308 0.6502403846153846 0.296875 0.12860576923076922
0 0.6201923076923077 0.4098557692307692 0.25721153846153844 0.11778846153846154
4 0.6875 0.24639423076923078 0.6213942307692307 0.12379807692307693
0 0.18028846153846154 0.5649038461538461 0.18389423076923078 0.11057692307692307
0 0.36899038461538464 0.3545673076923077 0.17548076923076922 0.109375
0 0.40384615384615385 0.4855769230769231 0.16706730769230768 0.109375
0 0.9290865384615384 0.46274038461538464 0.13942307692307693 0.109375
0 0.7379807692307693 0.6995192307692307 0.1971153846153846 0.1045673076923077
0 0.9110576923076923 0.7127403846153846 0.17067307692307693 0.10336538461538461
0 0.6346153846153846 0.5180288461538461 0.1346153846153846 0.10096153846153846
0 0.35096153846153844 0.5420673076923077 0.15745192307692307 0.09975961538461539
0 0.6237980769230769 0.3088942307692308 0.18870192307692307 0.09375
0 0.8353365384615384 0.4206730769230769 0.15504807692307693 0.08653846153846154
0 0.20432692307692307 0.47475961538461536 0.15144230769230768 0.0829326923076923
0 0.7992788461538461 0.5480769230769231 0.17548076923076922 0.0829326923076923
0 0.5637019230769231 0.6009615384615384 0.15144230769230768 0.07932692307692307
0 0.9302884615384616 0.546875 0.13942307692307693 0.07451923076923077
0 0.9302884615384616 0.6201923076923077 0.1346153846153846 0.0673076923076923
0 0.9651442307692307 0.16466346153846154 0.0673076923076923 0.042067307692307696
0 0.3317307692307692 0.24158653846153846 0.07692307692307693 0.026442307692307692
0 0.20192307692307693 0.17548076923076922 0.0625 0.02403846153846154
0 0.9098557692307693 0.08533653846153846 0.026442307692307692 0.021634615384615384
0 0.6682692307692307 0.14423076923076922 0.052884615384615384 0.021634615384615384
0 0.8629807692307693 0.1658653846153846 0.05889423076923077 0.020432692307692308
0 0.6298076923076923 0.03365384615384615 0.042067307692307696 0.014423076923076924