0 0.07692307692307693 0.19471153846153846 0.03485576923076923 0.0829326923076923
0 0.6814903846153846 0.7824519230769231 0.09014423076923077 0.08653846153846154
0 0.6514423076923077 0.19471153846153846 0.0673076923076923 0.0829326923076923
0 0.9567307692307693 0.5120192307692307 0.03125 0.06610576923076923
0 0.6213942307692307 0.3112980769230769 0.057692307692307696 0.057692307692307696
0 0.43028846153846156 0.2512019230769231 0.027644230769230768 0.051682692307692304
0 0.21875 0.2980769230769231 0.015625 0.05048076923076923
0 0.6814903846153846 0.11057692307692307 0.020432692307692308 0.04807692307692308
0 0.16346153846153846 0.16826923076923078 0.02403846153846154 0.04807692307692308
0 0.24639423076923078 0.08052884615384616 0.021634615384615384 0.04326923076923077
0 0.15264423076923078 0.24158653846153846 0.03245192307692308 0.036057692307692304
0 0.49038461538461536 0.10817307692307693 0.051682692307692304 0.030048076923076924
0 0.15985576923076922 0.4735576923076923 0.046875 0.027644230769230768
0 0.46875 0.19951923076923078 0.04807692307692308 0.026442307692307692
0 0.21514423076923078 0.38100961538461536 0.04326923076923077 0.025240384615384616
0 0.8822115384615384 0.10576923076923077 0.03125 0.025240384615384616
0 0.8990384615384616 0.0625 0.019230769230769232 0.01201923076923077
6 0.5961538461538461 0.5877403846153846 0.3641826923076923 0.5168269230769231