2 0.5745192307692307 0.5841346153846154 0.1310096153846154 0.11057692307692307
2 0.8569711538461539 0.4807692307692308 0.0733173076923077 0.09975961538461539
2 0.4266826923076923 0.546875 0.07932692307692307 0.09375
2 0.6634615384615384 0.5288461538461539 0.038461538461538464 0.07451923076923077
2 0.7764423076923077 0.4807692307692308 0.06850961538461539 0.06971153846153846
2 0.7127403846153846 0.49759615384615385 0.04807692307692308 0.05889423076923077
2 0.037259615384615384 0.5853365384615384 0.07211538461538461 0.05048076923076923
2 0.2536057692307692 0.5769230769230769 0.04567307692307692 0.042067307692307696
2 0.9747596153846154 0.4951923076923077 0.03125 0.038461538461538464
2 0.07211538461538461 0.5192307692307693 0.040865384615384616 0.037259615384615384
2 0.16826923076923078 0.5324519230769231 0.021634615384615384 0.025240384615384616