3 0.703125 0.5829326923076923 0.3293269230769231 0.13701923076923078
3 0.6658653846153846 0.30649038461538464 0.14543269230769232 0.1045673076923077
3 0.8401442307692307 0.3112980769230769 0.08653846153846154 0.09014423076923077
3 0.9002403846153846 0.30649038461538464 0.0673076923076923 0.0889423076923077
3 0.7439903846153846 0.3016826923076923 0.04807692307692308 0.0733173076923077
3 0.15745192307692307 0.2764423076923077 0.0673076923076923 0.07211538461538461
3 0.49278846153846156 0.2548076923076923 0.06129807692307692 0.07211538461538461
3 0.9182692307692307 0.16346153846153846 0.06850961538461539 0.06850961538461539
3 0.9699519230769231 0.18028846153846154 0.057692307692307696 0.06610576923076923
3 0.25240384615384615 0.2824519230769231 0.04326923076923077 0.0625
3 0.3125 0.27524038461538464 0.0733173076923077 0.05889423076923077
3 0.11658653846153846 0.32211538461538464 0.09375 0.042067307692307696