4 0.7283653846153846 0.6814903846153846 0.22956730769230768 0.2283653846153846
4 0.4050480769230769 0.30649038461538464 0.08774038461538461 0.12860576923076922
0 0.5108173076923077 0.3870192307692308 0.030048076923076924 0.06971153846153846
0 0.53125 0.40865384615384615 0.03125 0.0625
0 0.5456730769230769 0.359375 0.038461538461538464 0.05889423076923077
0 0.5721153846153846 0.43028846153846156 0.04807692307692308 0.057692307692307696
0 0.2439903846153846 0.18629807692307693 0.027644230769230768 0.052884615384615384
0 0.5769230769230769 0.4795673076923077 0.0733173076923077 0.055288461538461536
0 0.5588942307692307 0.3233173076923077 0.05048076923076923 0.05048076923076923
0 0.49038461538461536 0.2704326923076923 0.026442307692307692 0.046875
0 0.6370192307692307 0.39663461538461536 0.027644230769230768 0.04326923076923077
0 0.7908653846153846 0.34975961538461536 0.04326923076923077 0.04326923076923077
0 0.5432692307692307 0.22115384615384615 0.016826923076923076 0.026442307692307692
0 0.6490384615384616 0.4699519230769231 0.015625 0.02403846153846154
0 0.7175480769230769 0.40024038461538464 0.01201923076923077 0.021634615384615384
0 0.6971153846153846 0.40865384615384615 0.025240384615384616 0.014423076923076924
0 0.4098557692307692 0.47596153846153844 0.08173076923076923 0.05048076923076923