4 0.5264423076923077 0.5612980769230769 0.5264423076923077 0.1971153846153846
0 0.22596153846153846 0.6706730769230769 0.12139423076923077 0.07932692307692307
0 0.34375 0.6358173076923077 0.21875 0.08413461538461539
0 0.47115384615384615 0.31490384615384615 0.17067307692307693 0.07211538461538461
0 0.5865384615384616 0.4026442307692308 0.15264423076923078 0.0673076923076923
0 0.2548076923076923 0.5709134615384616 0.140625 0.0673076923076923
0 0.8004807692307693 0.4050480769230769 0.18389423076923078 0.06850961538461539
0 0.23076923076923078 0.6322115384615384 0.10576923076923077 0.06370192307692307
0 0.24639423076923078 0.30288461538461536 0.16346153846153846 0.06610576923076923
4 0.2247596153846154 0.3894230769230769 0.203125 0.0673076923076923
0 0.47716346153846156 0.41346153846153844 0.13221153846153846 0.0625
0 0.4723557692307692 0.19230769230769232 0.1622596153846154 0.057692307692307696
0 0.4026442307692308 0.4230769230769231 0.1045673076923077 0.052884615384615384
0 0.6286057692307693 0.34375 0.14182692307692307 0.055288461538461536
0 0.2620192307692308 0.1502403846153846 0.1201923076923077 0.052884615384615384
0 0.9242788461538461 0.8401442307692307 0.1141826923076923 0.08653846153846154