6 0.06370192307692307 0.8329326923076923 0.0985576923076923 0.11057692307692307
6 0.6418269230769231 0.5192307692307693 0.24519230769230768 0.11298076923076923
6 0.41586538461538464 0.5240384615384616 0.203125 0.10336538461538461
4 0.49278846153846156 0.1502403846153846 0.21995192307692307 0.07211538461538461
6 0.6730769230769231 0.4254807692307692 0.14543269230769232 0.06370192307692307
4 0.3088942307692308 0.24759615384615385 0.1622596153846154 0.05889423076923077
4 0.8942307692307693 0.25961538461538464 0.08774038461538461 0.052884615384615384
0 0.6033653846153846 0.038461538461538464 0.1141826923076923 0.05048076923076923
0 0.6310096153846154 0.02403846153846154 0.109375 0.046875
0 0.6983173076923077 0.020432692307692308 0.11538461538461539 0.040865384615384616
0 0.8088942307692307 0.027644230769230768 0.0889423076923077 0.042067307692307696
0 0.36538461538461536 0.03365384615384615 0.052884615384615384 0.040865384615384616
0 0.7199519230769231 0.06610576923076923 0.06850961538461539 0.03485576923076923
0 0.765625 0.007211538461538462 0.08413461538461539 0.014423076923076924
4 0.6826923076923077 0.19471153846153846 0.10336538461538461 0.04807692307692308