2 0.6442307692307693 0.4423076923076923 0.36538461538461536 0.16105769230769232
2 0.04326923076923077 0.1778846153846154 0.0625 0.13942307692307693
2 0.12620192307692307 0.07211538461538461 0.109375 0.10336538461538461
2 0.8689903846153846 0.15264423076923078 0.0829326923076923 0.09495192307692307
2 0.5444711538461539 0.09495192307692307 0.05889423076923077 0.07692307692307693
2 0.038461538461538464 0.07211538461538461 0.037259615384615384 0.07451923076923077
2 0.22716346153846154 0.08173076923076923 0.055288461538461536 0.06370192307692307
2 0.4831730769230769 0.10216346153846154 0.05048076923076923 0.06370192307692307
2 0.9242788461538461 0.13701923076923078 0.0673076923076923 0.0625
2 0.36538461538461536 0.04807692307692308 0.030048076923076924 0.05048076923076923
2 0.3954326923076923 0.0625 0.038461538461538464 0.04807692307692308
2 0.4987980769230769 0.025240384615384616 0.04326923076923077 0.04326923076923077
2 0.32211538461538464 0.10096153846153846 0.07211538461538461 0.040865384615384616
2 0.6706730769230769 0.11057692307692307 0.03245192307692308 0.025240384615384616