2 0.6610576923076923 0.46274038461538464 0.10336538461538461 0.11538461538461539
2 0.7019230769230769 0.4651442307692308 0.04326923076923077 0.10096153846153846
2 0.21634615384615385 0.49278846153846156 0.06129807692307692 0.06850961538461539
2 0.05048076923076923 0.49759615384615385 0.10096153846153846 0.06971153846153846
2 0.9771634615384616 0.5432692307692307 0.04326923076923077 0.0673076923076923
2 0.2548076923076923 0.5012019230769231 0.0673076923076923 0.056490384615384616
2 0.4182692307692308 0.47115384615384615 0.055288461538461536 0.055288461538461536
2 0.4675480769230769 0.484375 0.06610576923076923 0.055288461538461536
2 0.53125 0.47596153846153844 0.055288461538461536 0.046875
2 0.3269230769230769 0.6334134615384616 0.1971153846153846 0.05048076923076923
2 0.9302884615384616 0.5228365384615384 0.026442307692307692 0.03125
2 0.9519230769230769 0.5216346153846154 0.02403846153846154 0.036057692307692304