0 0.18629807692307693 0.08173076923076923 0.3088942307692308 0.1622596153846154
0 0.2644230769230769 0.19230769230769232 0.20432692307692307 0.1466346153846154
4 0.33774038461538464 0.44711538461538464 0.3629807692307692 0.13942307692307693
0 0.40865384615384615 0.203125 0.13942307692307693 0.1141826923076923
0 0.30408653846153844 0.8557692307692307 0.31971153846153844 0.12860576923076922
0 0.47475961538461536 0.3076923076923077 0.057692307692307696 0.10336538461538461
0 0.36658653846153844 0.28846153846153844 0.04567307692307692 0.09254807692307693
4 0.6550480769230769 0.78125 0.15504807692307693 0.09735576923076923
4 0.6153846153846154 0.6346153846153846 0.2548076923076923 0.1045673076923077
4 0.5204326923076923 0.5300480769230769 0.2536057692307692 0.10336538461538461
0 0.042067307692307696 0.23317307692307693 0.04567307692307692 0.08173076923076923
0 0.4387019230769231 0.8269230769230769 0.2247596153846154 0.09495192307692307
0 0.46153846153846156 0.4074519230769231 0.10336538461538461 0.07451923076923077
0 0.40024038461538464 0.375 0.07451923076923077 0.0673076923076923
0 0.17548076923076922 0.4362980769230769 0.10096153846153846 0.0673076923076923
0 0.5745192307692307 0.3894230769230769 0.09975961538461539 0.05889423076923077
0 0.3076923076923077 0.36538461538461536 0.1814903846153846 0.06610576923076923
0 0.4519230769230769 0.3762019230769231 0.056490384615384616 0.052884615384615384
0 0.05048076923076923 0.4362980769230769 0.09375 0.046875
0 0.33052884615384615 0.41586538461538464 0.06610576923076923 0.036057692307692304
0 0.2848557692307692 0.39783653846153844 0.0733173076923077 0.036057692307692304
0 0.2800480769230769 0.4254807692307692 0.06850961538461539 0.03485576923076923
0 0.2439903846153846 0.4411057692307692 0.06370192307692307 0.03125
0 0.21153846153846154 0.46274038461538464 0.055288461538461536 0.03125
0 0.13581730769230768 0.43028846153846156 0.08413461538461539 0.04567307692307692