0 0.8846153846153846 0.11538461538461539 0.15504807692307693 0.1971153846153846
4 0.4723557692307692 0.5925480769230769 0.44471153846153844 0.17067307692307693
4 0.328125 0.9423076923076923 0.3870192307692308 0.11298076923076923
0 0.171875 0.36899038461538464 0.1814903846153846 0.109375
0 0.35096153846153844 0.42788461538461536 0.16826923076923078 0.0829326923076923
0 0.9423076923076923 0.3425480769230769 0.1045673076923077 0.08173076923076923
0 0.0829326923076923 0.3942307692307692 0.1658653846153846 0.07692307692307693
0 0.7644230769230769 0.4543269230769231 0.20192307692307693 0.07211538461538461
0 0.9411057692307693 0.44591346153846156 0.11538461538461539 0.0673076923076923
0 0.055288461538461536 0.49278846153846156 0.109375 0.06370192307692307
0 0.17908653846153846 0.4362980769230769 0.18269230769230768 0.06370192307692307
0 0.6009615384615384 0.45072115384615385 0.14182692307692307 0.052884615384615384
0 0.5901442307692307 0.4110576923076923 0.1466346153846154 0.052884615384615384
0 0.7019230769230769 0.38221153846153844 0.13701923076923078 0.04326923076923077