1 0.6971153846153846 0.6887019230769231 0.12860576923076922 0.21875
1 0.6790865384615384 0.12139423076923077 0.07211538461538461 0.19951923076923078
1 0.7680288461538461 0.7824519230769231 0.1346153846153846 0.1875
1 0.3473557692307692 0.7572115384615384 0.07932692307692307 0.18269230769230768
1 0.7836538461538461 0.4543269230769231 0.12620192307692307 0.1778846153846154
1 0.28846153846153844 0.8581730769230769 0.09014423076923077 0.17668269230769232
1 0.1935096153846154 0.5072115384615384 0.09975961538461539 0.17548076923076922
1 0.8617788461538461 0.5240384615384616 0.10817307692307693 0.1658653846153846
1 0.6418269230769231 0.7199519230769231 0.09735576923076923 0.1622596153846154
1 0.020432692307692308 0.6658653846153846 0.040865384615384616 0.1622596153846154
1 0.7223557692307693 0.1622596153846154 0.0625 0.15625
1 0.4807692307692308 0.14182692307692307 0.046875 0.15625
1 0.39663461538461536 0.41466346153846156 0.12860576923076922 0.15264423076923078
1 0.42427884615384615 0.8293269230769231 0.07211538461538461 0.15144230769230768
1 0.4326923076923077 0.21875 0.04807692307692308 0.15144230769230768
1 0.3737980769230769 0.5072115384615384 0.10336538461538461 0.15144230769230768
1 0.5721153846153846 0.26802884615384615 0.1141826923076923 0.1502403846153846
1 0.5769230769230769 0.1971153846153846 0.06370192307692307 0.14543269230769232
1 0.29086538461538464 0.4987980769230769 0.09735576923076923 0.140625
1 0.21754807692307693 0.3942307692307692 0.07211538461538461 0.140625
1 0.15144230769230768 0.3605769230769231 0.06610576923076923 0.140625
1 0.13221153846153846 0.6730769230769231 0.07451923076923077 0.140625
1 0.8629807692307693 0.7415865384615384 0.10336538461538461 0.13701923076923078
1 0.5036057692307693 0.6526442307692307 0.10576923076923077 0.13701923076923078
1 0.6730769230769231 0.8930288461538461 0.08413461538461539 0.13701923076923078
1 0.9182692307692307 0.0673076923076923 0.1466346153846154 0.1346153846153846
1 0.6009615384615384 0.6117788461538461 0.08413461538461539 0.1310096153846154
1 0.6466346153846154 0.4206730769230769 0.1502403846153846 0.125
1 0.25721153846153844 0.11778846153846154 0.09375 0.12379807692307693
1 0.21754807692307693 0.265625 0.09735576923076923 0.12139423076923077
1 0.30288461538461536 0.6935096153846154 0.04807692307692308 0.1201923076923077
1 0.4963942307692308 0.4831730769230769 0.078125 0.11538461538461539
1 0.37740384615384615 0.2800480769230769 0.052884615384615384 0.11538461538461539
1 0.41225961538461536 0.054086538461538464 0.0625 0.10817307692307693
1 0.5 0.052884615384615384 0.056490384615384616 0.10576923076923077
1 0.31009615384615385 0.41586538461538464 0.06971153846153846 0.10576923076923077
1 0.6586538461538461 0.9471153846153846 0.11778846153846154 0.10096153846153846
1 0.7415865384615384 0.5348557692307693 0.07451923076923077 0.10576923076923077
1 0.10096153846153846 0.39302884615384615 0.04567307692307692 0.10576923076923077
1 0.14182692307692307 0.7956730769230769 0.09014423076923077 0.10336538461538461
1 0.24639423076923078 0.35336538461538464 0.040865384615384616 0.09735576923076923
1 0.5745192307692307 0.49399038461538464 0.05889423076923077 0.09014423076923077
1 0.10216346153846154 0.32211538461538464 0.05889423076923077 0.09014423076923077
1 0.6586538461538461 0.5024038461538461 0.08173076923076923 0.08774038461538461
1 0.22596153846153846 0.04326923076923077 0.08774038461538461 0.08653846153846154
1 0.7740384615384616 0.18509615384615385 0.07451923076923077 0.08413461538461539
1 0.7560096153846154 0.3605769230769231 0.05889423076923077 0.08173076923076923
1 0.6538461538461539 0.33774038461538464 0.08173076923076923 0.08173076923076923
1 0.3317307692307692 0.6201923076923077 0.055288461538461536 0.07451923076923077
1 0.36778846153846156 0.7379807692307693 0.09375 0.07211538461538461
1 0.4387019230769231 0.9399038461538461 0.04807692307692308 0.07211538461538461
1 0.4855769230769231 0.38822115384615385 0.09014423076923077 0.07211538461538461
1 0.6358173076923077 0.8293269230769231 0.10336538461538461 0.06850961538461539
1 0.3269230769230769 0.34615384615384615 0.040865384615384616 0.06610576923076923
1 0.06850961538461539 0.6622596153846154 0.0625 0.05889423076923077
1 0.7872596153846154 0.5480769230769231 0.030048076923076924 0.052884615384615384