0 0.15865384615384615 0.4735576923076923 0.3088942307692308 0.15264423076923078
0 0.8173076923076923 0.46634615384615385 0.29086538461538464 0.15144230769230768
0 0.3581730769230769 0.5408653846153846 0.1778846153846154 0.14182692307692307
4 0.44591346153846156 0.08774038461538461 0.796875 0.15504807692307693
0 0.7391826923076923 0.6033653846153846 0.3269230769230769 0.1346153846153846
0 0.8617788461538461 0.30649038461538464 0.17548076923076922 0.12139423076923077
0 0.7620192307692307 0.4014423076923077 0.2920673076923077 0.1141826923076923
0 0.5048076923076923 0.27163461538461536 0.2439903846153846 0.10336538461538461
0 0.43028846153846156 0.36658653846153844 0.2644230769230769 0.0985576923076923
0 0.5072115384615384 0.44471153846153844 0.2127403846153846 0.09735576923076923
0 0.23076923076923078 0.33533653846153844 0.25961538461538464 0.09495192307692307
0 0.1466346153846154 0.22596153846153846 0.15985576923076922 0.0673076923076923
0 0.9675480769230769 0.21033653846153846 0.0625 0.06129807692307692
0 0.7475961538461539 0.20432692307692307 0.10336538461538461 0.056490384615384616
0 0.14423076923076922 0.09495192307692307 0.06850961538461539 0.04326923076923077
0 0.07211538461538461 0.02403846153846154 0.04807692307692308 0.037259615384615384
0 0.23798076923076922 0.037259615384615384 0.06129807692307692 0.027644230769230768
0 0.6862980769230769 0.06971153846153846 0.06971153846153846 0.025240384615384616
0 0.3161057692307692 0.06610576923076923 0.057692307692307696 0.020432692307692308