0 0.5036057692307693 0.20793269230769232 0.9891826923076923 0.41586538461538464
0 0.8689903846153846 0.2548076923076923 0.25961538461538464 0.25600961538461536
0 0.8112980769230769 0.49759615384615385 0.3737980769230769 0.2608173076923077
4 0.3112980769230769 0.49038461538461536 0.6213942307692307 0.25600961538461536
0 0.7127403846153846 0.7644230769230769 0.3858173076923077 0.15985576923076922
0 0.6322115384615384 0.5973557692307693 0.3088942307692308 0.12379807692307693
0 0.06370192307692307 0.4723557692307692 0.12620192307692307 0.09375
0 0.1466346153846154 0.8329326923076923 0.20793269230769232 0.09495192307692307
0 0.1658653846153846 0.5588942307692307 0.08774038461538461 0.07451923076923077
4 0.34975961538461536 0.8269230769230769 0.10817307692307693 0.0733173076923077
0 0.14423076923076922 0.6189903846153846 0.109375 0.0733173076923077
0 0.3293269230769231 0.6346153846153846 0.13942307692307693 0.0673076923076923
0 0.7908653846153846 0.6598557692307693 0.09495192307692307 0.057692307692307696
0 0.9314903846153846 0.9831730769230769 0.06971153846153846 0.030048076923076924
0 0.453125 0.6550480769230769 0.09014423076923077 0.05048076923076923
0 0.6658653846153846 0.6646634615384616 0.07451923076923077 0.04807692307692308
0 0.38461538461538464 0.6935096153846154 0.042067307692307696 0.04567307692307692
0 0.5372596153846154 0.6802884615384616 0.07692307692307693 0.046875
0 0.36899038461538464 0.6538461538461539 0.11057692307692307 0.04567307692307692
0 0.9519230769230769 0.7512019230769231 0.06129807692307692 0.037259615384615384
0 0.5492788461538461 0.6622596153846154 0.08653846153846154 0.03125