0 0.5697115384615384 0.9002403846153846 0.23317307692307693 0.109375
0 0.6971153846153846 0.25240384615384615 0.23076923076923078 0.06971153846153846
4 0.921875 0.6033653846153846 0.15504807692307693 0.0673076923076923
4 0.4519230769230769 0.4831730769230769 0.09014423076923077 0.06610576923076923
0 0.7716346153846154 0.7367788461538461 0.09254807692307693 0.06129807692307692
4 0.6418269230769231 0.5793269230769231 0.13942307692307693 0.05889423076923077
0 0.8185096153846154 0.4879807692307692 0.10817307692307693 0.051682692307692304
0 0.7932692307692307 0.43149038461538464 0.078125 0.04807692307692308
0 0.5276442307692307 0.47475961538461536 0.0985576923076923 0.04807692307692308
0 0.6598557692307693 0.45552884615384615 0.09375 0.042067307692307696
4 0.5012019230769231 0.5480769230769231 0.14543269230769232 0.040865384615384616
0 0.3786057692307692 0.48677884615384615 0.1045673076923077 0.03485576923076923
0 0.8581730769230769 0.44350961538461536 0.055288461538461536 0.03245192307692308
0 0.23317307692307693 0.5096153846153846 0.052884615384615384 0.027644230769230768
0 0.3245192307692308 0.46634615384615385 0.07451923076923077 0.026442307692307692
0 0.5793269230769231 0.4387019230769231 0.0673076923076923 0.02403846153846154
0 0.45913461538461536 0.5576923076923077 0.0985576923076923 0.046875