2 0.4699519230769231 0.4651442307692308 0.11298076923076923 0.12860576923076922
2 0.5949519230769231 0.3737980769230769 0.037259615384615384 0.06129807692307692
2 0.3870192307692308 0.3701923076923077 0.037259615384615384 0.057692307692307696
2 0.2283653846153846 0.3629807692307692 0.036057692307692304 0.055288461538461536
2 0.33413461538461536 0.33653846153846156 0.042067307692307696 0.04567307692307692
2 0.015625 0.3485576923076923 0.025240384615384616 0.04326923076923077
2 0.27884615384615385 0.3737980769230769 0.057692307692307696 0.042067307692307696
2 0.1814903846153846 0.3581730769230769 0.03485576923076923 0.040865384615384616
2 0.16105769230769232 0.35096153846153844 0.02403846153846154 0.036057692307692304
2 0.43028846153846156 0.3605769230769231 0.02403846153846154 0.030048076923076924
2 0.06971153846153846 0.3605769230769231 0.025240384615384616 0.02403846153846154
2 0.4807692307692308 0.36538461538461536 0.03485576923076923 0.037259615384615384