0 0.8581730769230769 0.10576923076923077 0.27524038461538464 0.15144230769230768
6 0.7427884615384616 0.703125 0.2403846153846154 0.11778846153846154
4 0.7127403846153846 0.5132211538461539 0.32211538461538464 0.11298076923076923
4 0.4495192307692308 0.5709134615384616 0.08653846153846154 0.09495192307692307
0 0.9290865384615384 0.2403846153846154 0.140625 0.08774038461538461
4 0.08173076923076923 0.4879807692307692 0.1622596153846154 0.07932692307692307
0 0.3581730769230769 0.7980769230769231 0.13221153846153846 0.07451923076923077
0 0.3605769230769231 0.7331730769230769 0.11899038461538461 0.06610576923076923
4 0.6069711538461539 0.49038461538461536 0.19110576923076922 0.057692307692307696
0 0.4879807692307692 0.32091346153846156 0.12860576923076922 0.05048076923076923
0 0.6658653846153846 0.3401442307692308 0.14423076923076922 0.05048076923076923
0 0.8629807692307693 0.36538461538461536 0.13701923076923078 0.046875
0 0.7620192307692307 0.35216346153846156 0.15504807692307693 0.04326923076923077
0 0.5480769230769231 0.3918269230769231 0.11057692307692307 0.04326923076923077
0 0.7355769230769231 0.06490384615384616 0.14903846153846154 0.04326923076923077
0 0.7956730769230769 0.3918269230769231 0.125 0.03485576923076923
0 0.6814903846153846 0.390625 0.1310096153846154 0.04567307692307692