0 0.3581730769230769 0.4050480769230769 0.4411057692307692 0.24519230769230768
0 0.7175480769230769 0.37740384615384615 0.25721153846153844 0.22956730769230768
4 0.6189903846153846 0.6225961538461539 0.3016826923076923 0.1466346153846154
0 0.2764423076923077 0.31971153846153844 0.2127403846153846 0.140625
0 0.08774038461538461 0.8377403846153846 0.11057692307692307 0.12860576923076922
0 0.2127403846153846 0.5661057692307693 0.09014423076923077 0.10336538461538461
0 0.15745192307692307 0.4387019230769231 0.0733173076923077 0.10096153846153846
0 0.04807692307692308 0.6502403846153846 0.08653846153846154 0.08413461538461539
0 0.10817307692307693 0.6298076923076923 0.11899038461538461 0.07932692307692307
0 0.11177884615384616 0.7620192307692307 0.19951923076923078 0.07932692307692307
0 0.18028846153846154 0.6838942307692307 0.09495192307692307 0.06971153846153846
4 0.6262019230769231 0.1310096153846154 0.4735576923076923 0.2620192307692308