0 0.6826923076923077 0.09014423076923077 0.125 0.18028846153846154
4 0.3269230769230769 0.5612980769230769 0.28125 0.17307692307692307
0 0.5120192307692307 0.1935096153846154 0.18629807692307693 0.1622596153846154
0 0.8401442307692307 0.265625 0.0889423076923077 0.08774038461538461
4 0.7331730769230769 0.6141826923076923 0.13581730769230768 0.0889423076923077
0 0.7596153846153846 0.3762019230769231 0.15504807692307693 0.08653846153846154
4 0.9495192307692307 0.6862980769230769 0.09735576923076923 0.08653846153846154
0 0.9663461538461539 0.36177884615384615 0.05048076923076923 0.078125
0 0.6634615384615384 0.3449519230769231 0.1814903846153846 0.07692307692307693
0 0.9459134615384616 0.28725961538461536 0.078125 0.06370192307692307
0 0.9278846153846154 0.41225961538461536 0.06610576923076923 0.05889423076923077
0 0.9182692307692307 0.33653846153846156 0.08653846153846154 0.052884615384615384
0 0.7620192307692307 0.2536057692307692 0.07451923076923077 0.042067307692307696
0 0.8004807692307693 0.28125 0.078125 0.042067307692307696
0 0.8293269230769231 0.0625 0.14423076923076922 0.125