0 0.45913461538461536 0.15264423076923078 0.11538461538461539 0.20432692307692307
0 0.859375 0.1935096153846154 0.040865384615384616 0.09495192307692307
0 0.7247596153846154 0.06490384615384616 0.042067307692307696 0.08653846153846154
0 0.6478365384615384 0.24158653846153846 0.0625 0.07692307692307693
0 0.453125 0.6310096153846154 0.05048076923076923 0.0673076923076923
0 0.4831730769230769 0.03245192307692308 0.07451923076923077 0.06370192307692307
0 0.6658653846153846 0.6105769230769231 0.06370192307692307 0.06610576923076923
0 0.5865384615384616 0.28125 0.030048076923076924 0.057692307692307696
0 0.7560096153846154 0.06850961538461539 0.03125 0.055288461538461536
0 0.7692307692307693 0.2932692307692308 0.026442307692307692 0.046875
0 0.7884615384615384 0.06850961538461539 0.030048076923076924 0.046875
0 0.8173076923076923 0.040865384615384616 0.038461538461538464 0.042067307692307696
0 0.5348557692307693 0.30649038461538464 0.027644230769230768 0.04326923076923077
0 0.5745192307692307 0.4110576923076923 0.05889423076923077 0.04567307692307692
0 0.7259615384615384 0.2512019230769231 0.030048076923076924 0.042067307692307696
0 0.8365384615384616 0.2980769230769231 0.027644230769230768 0.040865384615384616
0 0.6538461538461539 0.5480769230769231 0.03485576923076923 0.037259615384615384
0 0.6826923076923077 0.7007211538461539 0.04326923076923077 0.042067307692307696