0 0.9206730769230769 0.7091346153846154 0.13942307692307693 0.14182692307692307
0 0.5745192307692307 0.734375 0.3076923076923077 0.14543269230769232
0 0.3605769230769231 0.4699519230769231 0.2668269230769231 0.13221153846153846
4 0.31850961538461536 0.2980769230769231 0.6141826923076923 0.15504807692307693
0 0.7932692307692307 0.6658653846153846 0.1935096153846154 0.12139423076923077
0 0.6201923076923077 0.4362980769230769 0.18389423076923078 0.1201923076923077
0 0.5721153846153846 0.5661057692307693 0.17668269230769232 0.1201923076923077
0 0.05889423076923077 0.4963942307692308 0.11778846153846154 0.11538461538461539
0 0.21514423076923078 0.7548076923076923 0.20432692307692307 0.11538461538461539
0 0.06370192307692307 0.7524038461538461 0.12740384615384615 0.11538461538461539
0 0.33653846153846156 0.5793269230769231 0.140625 0.109375
0 0.6213942307692307 0.6286057692307693 0.1658653846153846 0.109375
0 0.36538461538461536 0.36778846153846156 0.1971153846153846 0.1045673076923077
0 0.14182692307692307 0.46274038461538464 0.1622596153846154 0.09495192307692307
0 0.7752403846153846 0.5745192307692307 0.15985576923076922 0.09254807692307693
0 0.1658653846153846 0.5949519230769231 0.18269230769230768 0.09375
0 0.4014423076923077 0.6706730769230769 0.15745192307692307 0.0889423076923077
0 0.054086538461538464 0.5817307692307693 0.10817307692307693 0.0829326923076923
0 0.05048076923076923 0.6574519230769231 0.09975961538461539 0.07451923076923077
0 0.04326923076923077 0.19230769230769232 0.04807692307692308 0.04326923076923077
0 0.6682692307692307 0.32572115384615385 0.078125 0.030048076923076924
0 0.8052884615384616 0.27163461538461536 0.06370192307692307 0.026442307692307692
0 0.09495192307692307 0.11538461538461539 0.027644230769230768 0.025240384615384616
0 0.33653846153846156 0.19591346153846154 0.056490384615384616 0.025240384615384616
0 0.13701923076923078 0.20192307692307693 0.06129807692307692 0.02403846153846154
0 0.7644230769230769 0.07091346153846154 0.04326923076923077 0.019230769230769232
0 0.38221153846153844 0.08774038461538461 0.04326923076923077 0.016826923076923076