4 0.4807692307692308 0.4675480769230769 0.17548076923076922 0.17307692307692307
0 0.7536057692307693 0.06370192307692307 0.4699519230769231 0.12620192307692307
0 0.9338942307692307 0.2127403846153846 0.12860576923076922 0.10336538461538461
4 0.8269230769230769 0.4987980769230769 0.1045673076923077 0.06370192307692307
0 0.6814903846153846 0.7451923076923077 0.09375 0.06129807692307692
0 0.8918269230769231 0.4387019230769231 0.03125 0.04807692307692308
0 0.9471153846153846 0.5805288461538461 0.052884615384615384 0.04807692307692308
4 0.6129807692307693 0.6237980769230769 0.09735576923076923 0.05048076923076923
0 0.43028846153846156 0.24759615384615385 0.056490384615384616 0.04567307692307692
4 0.44711538461538464 0.7019230769230769 0.06129807692307692 0.04326923076923077
0 0.9567307692307693 0.47716346153846156 0.0829326923076923 0.04567307692307692
6 0.9230769230769231 0.8329326923076923 0.109375 0.046875
0 0.36538461538461536 0.5769230769230769 0.09495192307692307 0.038461538461538464
0 0.7776442307692307 0.44471153846153844 0.10096153846153846 0.038461538461538464
0 0.65625 0.41947115384615385 0.0985576923076923 0.038461538461538464
0 0.35336538461538464 0.4254807692307692 0.09735576923076923 0.038461538461538464
0 0.44350961538461536 0.5276442307692307 0.06971153846153846 0.036057692307692304
0 0.3004807692307692 0.4543269230769231 0.09735576923076923 0.037259615384615384
0 0.5865384615384616 0.4519230769230769 0.09735576923076923 0.036057692307692304
0 0.7115384615384616 0.49278846153846156 0.09375 0.03485576923076923
0 0.8161057692307693 0.4338942307692308 0.09375 0.03485576923076923
0 0.7163461538461539 0.47475961538461536 0.052884615384615384 0.03125
0 0.29447115384615385 0.41947115384615385 0.09014423076923077 0.03245192307692308
0 0.5216346153846154 0.42908653846153844 0.07692307692307693 0.03125
0 0.25961538461538464 0.5264423076923077 0.03485576923076923 0.027644230769230768
0 0.25721153846153844 0.5432692307692307 0.016826923076923076 0.015625
0 0.3004807692307692 0.5504807692307693 0.03125 0.014423076923076924
0 0.2776442307692308 0.5745192307692307 0.015625 0.01201923076923077
0 0.20673076923076922 0.546875 0.025240384615384616 0.01201923076923077
0 0.28846153846153844 0.5612980769230769 0.016826923076923076 0.010817307692307692