2 0.4519230769230769 0.5661057692307693 0.12860576923076922 0.11057692307692307
2 0.17668269230769232 0.5012019230769231 0.0733173076923077 0.09735576923076923
2 0.5853365384615384 0.5144230769230769 0.07932692307692307 0.09254807692307693
2 0.3629807692307692 0.5240384615384616 0.038461538461538464 0.0733173076923077
2 0.2512019230769231 0.49158653846153844 0.0673076923076923 0.06850961538461539
2 0.3125 0.5012019230769231 0.046875 0.057692307692307696
2 0.9591346153846154 0.5036057692307693 0.07932692307692307 0.051682692307692304
2 0.7512019230769231 0.5216346153846154 0.04326923076923077 0.042067307692307696
2 0.06850961538461539 0.5276442307692307 0.03125 0.037259615384615384
2 0.9134615384615384 0.44711538461538464 0.038461538461538464 0.037259615384615384
2 0.020432692307692308 0.5408653846153846 0.038461538461538464 0.036057692307692304
2 0.009615384615384616 0.49158653846153844 0.019230769230769232 0.030048076923076924
2 0.8245192307692307 0.47115384615384615 0.021634615384615384 0.025240384615384616