0 0.765625 0.09254807692307693 0.18990384615384615 0.18509615384615385
0 0.828125 0.22596153846153846 0.18389423076923078 0.1466346153846154
0 0.8870192307692307 0.11057692307692307 0.19230769230769232 0.14903846153846154
0 0.8990384615384616 0.03365384615384615 0.15745192307692307 0.0673076923076923
4 0.9278846153846154 0.37259615384615385 0.13581730769230768 0.12620192307692307
4 0.5564903846153846 0.6105769230769231 0.28725961538461536 0.125
0 0.8930288461538461 0.8401442307692307 0.21153846153846154 0.12139423076923077
0 0.5973557692307693 0.25 0.06971153846153846 0.09975961538461539
4 0.6382211538461539 0.4963942307692308 0.20192307692307693 0.10336538461538461
0 0.5600961538461539 0.2956730769230769 0.09254807692307693 0.09375
0 0.7596153846153846 0.25 0.19471153846153846 0.09975961538461539
4 0.4483173076923077 0.6911057692307693 0.14182692307692307 0.09014423076923077
0 0.4495192307692308 0.7596153846153846 0.08173076923076923 0.08774038461538461
4 0.4735576923076923 0.45913461538461536 0.1814903846153846 0.07932692307692307
0 0.7944711538461539 0.36778846153846156 0.07451923076923077 0.06850961538461539
0 0.8605769230769231 0.3473557692307692 0.10817307692307693 0.06370192307692307
0 0.8509615384615384 0.3629807692307692 0.09014423076923077 0.052884615384615384
0 0.6778846153846154 0.31850961538461536 0.07692307692307693 0.051682692307692304
0 0.6045673076923077 0.34975961538461536 0.109375 0.051682692307692304
0 0.7247596153846154 0.36538461538461536 0.10336538461538461 0.051682692307692304
0 0.7536057692307693 0.33774038461538464 0.05889423076923077 0.037259615384615384