2 0.6682692307692307 0.46153846153846156 0.1045673076923077 0.11778846153846154
2 0.7091346153846154 0.4579326923076923 0.04567307692307692 0.09975961538461539
2 0.23918269230769232 0.5588942307692307 0.0625 0.06971153846153846
2 0.07451923076923077 0.5889423076923077 0.10817307692307693 0.06971153846153846
2 0.9831730769230769 0.49158653846153844 0.030048076923076924 0.06370192307692307
2 0.2776442307692308 0.5612980769230769 0.0673076923076923 0.056490384615384616
2 0.4338942307692308 0.5072115384615384 0.056490384615384616 0.055288461538461536
2 0.4831730769230769 0.5120192307692307 0.06610576923076923 0.055288461538461536
2 0.5456730769230769 0.49399038461538464 0.055288461538461536 0.046875
2 0.36899038461538464 0.6802884615384616 0.1935096153846154 0.051682692307692304
2 0.9411057692307693 0.47836538461538464 0.026442307692307692 0.03125
2 0.9615384615384616 0.4735576923076923 0.02403846153846154 0.036057692307692304