6 0.6790865384615384 0.6201923076923077 0.30528846153846156 0.3173076923076923
0 0.027644230769230768 0.08413461538461539 0.04567307692307692 0.09014423076923077
0 0.2668269230769231 0.8605769230769231 0.03245192307692308 0.0673076923076923
0 0.7836538461538461 0.04447115384615385 0.03245192307692308 0.057692307692307696
0 0.7391826923076923 0.07091346153846154 0.03125 0.056490384615384616
0 0.6213942307692307 0.016826923076923076 0.07451923076923077 0.03365384615384615
0 0.6682692307692307 0.35697115384615385 0.021634615384615384 0.042067307692307696
0 0.8401442307692307 0.055288461538461536 0.038461538461538464 0.036057692307692304
0 0.6394230769230769 0.004807692307692308 0.06370192307692307 0.009615384615384616
0 0.78125 0.10576923076923077 0.019230769230769232 0.03485576923076923
0 0.009615384615384616 0.5516826923076923 0.015625 0.027644230769230768
0 0.5600961538461539 0.19591346153846154 0.0625 0.027644230769230768
0 0.11778846153846154 0.28125 0.05889423076923077 0.026442307692307692
0 0.6081730769230769 0.1622596153846154 0.026442307692307692 0.02403846153846154
0 0.6201923076923077 0.12379807692307693 0.025240384615384616 0.02403846153846154
0 0.5757211538461539 0.0985576923076923 0.05889423076923077 0.021634615384615384
0 0.4326923076923077 0.42788461538461536 0.038461538461538464 0.019230769230769232
0 0.8737980769230769 0.14302884615384615 0.03485576923076923 0.016826923076923076
0 0.4579326923076923 0.27283653846153844 0.016826923076923076 0.015625