4 0.49038461538461536 0.7079326923076923 0.7139423076923077 0.2608173076923077
0 0.28125 0.13221153846153846 0.2127403846153846 0.203125
0 0.08173076923076923 0.5084134615384616 0.16346153846153846 0.18870192307692307
0 0.3088942307692308 0.3798076923076923 0.15264423076923078 0.18629807692307693
0 0.8233173076923077 0.22956730769230768 0.22596153846153846 0.15745192307692307
0 0.33413461538461536 0.2548076923076923 0.18028846153846154 0.14423076923076922
4 0.8990384615384616 0.5240384615384616 0.19831730769230768 0.12980769230769232
0 0.09254807692307693 0.43509615384615385 0.125 0.10336538461538461
0 0.6826923076923077 0.3401442307692308 0.1466346153846154 0.09495192307692307
0 0.46274038461538464 0.3401442307692308 0.109375 0.07451923076923077
0 0.30528846153846156 0.4266826923076923 0.17548076923076922 0.07451923076923077
0 0.5745192307692307 0.359375 0.052884615384615384 0.06850961538461539
0 0.6646634615384616 0.6177884615384616 0.14543269230769232 0.0673076923076923
4 0.53125 0.43028846153846156 0.12620192307692307 0.06129807692307692
0 0.40625 0.3870192307692308 0.15264423076923078 0.05889423076923077
0 0.5949519230769231 0.46875 0.1346153846153846 0.056490384615384616
0 0.8629807692307693 0.43028846153846156 0.0829326923076923 0.04807692307692308
0 0.6682692307692307 0.42788461538461536 0.0985576923076923 0.04567307692307692
0 0.9759615384615384 0.4266826923076923 0.04326923076923077 0.038461538461538464
0 0.9122596153846154 0.43028846153846156 0.06610576923076923 0.038461538461538464
0 0.7884615384615384 0.46634615384615385 0.03485576923076923 0.03485576923076923
0 0.6730769230769231 0.39663461538461536 0.09735576923076923 0.05048076923076923