0 0.6838942307692307 0.1045673076923077 0.3269230769230769 0.1310096153846154
4 0.5661057692307693 0.42427884615384615 0.3870192307692308 0.11778846153846154
0 0.09254807692307693 0.17908653846153846 0.17548076923076922 0.0829326923076923
0 0.10576923076923077 0.25961538461538464 0.20673076923076922 0.0829326923076923
4 0.2800480769230769 0.5877403846153846 0.18028846153846154 0.06850961538461539
0 0.9411057692307693 0.21995192307692307 0.11538461538461539 0.0625
0 0.2536057692307692 0.6730769230769231 0.10096153846153846 0.056490384615384616
4 0.5096153846153846 0.6875 0.05889423076923077 0.037259615384615384
0 0.7043269230769231 0.4651442307692308 0.04807692307692308 0.03245192307692308
0 0.5216346153846154 0.33774038461538464 0.06850961538461539 0.030048076923076924
6 0.052884615384615384 0.7608173076923077 0.1045673076923077 0.03125
0 0.27524038461538464 0.5 0.09495192307692307 0.027644230769230768
0 0.6418269230769231 0.5276442307692307 0.038461538461538464 0.025240384615384616
0 0.36899038461538464 0.44591346153846156 0.06971153846153846 0.026442307692307692
0 0.5889423076923077 0.44350961538461536 0.0829326923076923 0.025240384615384616
0 0.7403846153846154 0.5685096153846154 0.03245192307692308 0.020432692307692308
0 0.6622596153846154 0.5456730769230769 0.037259615384615384 0.019230769230769232
0 0.7007211538461539 0.5721153846153846 0.03125 0.019230769230769232
0 0.6165865384615384 0.5252403846153846 0.007211538461538462 0.016826923076923076
0 0.6286057692307693 0.5709134615384616 0.02403846153846154 0.01201923076923077
0 0.6370192307692307 0.5504807692307693 0.021634615384615384 0.010817307692307692
0 0.6899038461538461 0.5625 0.026442307692307692 0.009615384615384616
0 0.5877403846153846 0.5697115384615384 0.021634615384615384 0.009615384615384616