2 0.33774038461538464 0.41947115384615385 0.09975961538461539 0.11298076923076923
2 0.2932692307692308 0.41947115384615385 0.038461538461538464 0.10096153846153846
2 0.7932692307692307 0.4831730769230769 0.05889423076923077 0.06850961538461539
2 0.9567307692307693 0.4987980769230769 0.08413461538461539 0.06610576923076923
2 0.01201923076923077 0.47836538461538464 0.02403846153846154 0.0673076923076923
2 0.7536057692307693 0.4879807692307692 0.06610576923076923 0.052884615384615384
2 0.5865384615384616 0.44591346153846156 0.052884615384615384 0.052884615384615384
2 0.5336538461538461 0.45552884615384615 0.0625 0.051682692307692304
2 0.46875 0.44350961538461536 0.052884615384615384 0.04326923076923077
2 0.6682692307692307 0.6201923076923077 0.20192307692307693 0.037259615384615384
2 0.055288461538461536 0.46274038461538464 0.025240384615384616 0.03125
2 0.03245192307692308 0.45913461538461536 0.021634615384615384 0.03485576923076923