0 0.7644230769230769 0.19951923076923078 0.44711538461538464 0.27163461538461536
4 0.28125 0.6754807692307693 0.42788461538461536 0.265625
0 0.5384615384615384 0.4182692307692308 0.41225961538461536 0.20192307692307693
0 0.7560096153846154 0.06129807692307692 0.13581730769230768 0.12139423076923077
0 0.04326923076923077 0.4182692307692308 0.08653846153846154 0.125
0 0.9783653846153846 0.5180288461538461 0.038461538461538464 0.1201923076923077
0 0.8088942307692307 0.3605769230769231 0.1141826923076923 0.11057692307692307
4 0.7091346153846154 0.7403846153846154 0.23076923076923078 0.10576923076923077
0 0.9495192307692307 0.36899038461538464 0.08653846153846154 0.08653846153846154
0 0.9206730769230769 0.23317307692307693 0.125 0.078125
0 0.9411057692307693 0.4855769230769231 0.11538461538461539 0.0733173076923077