4 0.9362980769230769 0.4519230769230769 0.125 0.12980769230769232
0 0.41346153846153844 0.05048076923076923 0.07211538461538461 0.09975961538461539
0 0.9579326923076923 0.06971153846153846 0.08173076923076923 0.09735576923076923
4 0.9471153846153846 0.15745192307692307 0.10336538461538461 0.07692307692307693
4 0.9206730769230769 0.2668269230769231 0.15625 0.07211538461538461
0 0.9399038461538461 0.030048076923076924 0.11538461538461539 0.06009615384615385
0 0.8197115384615384 0.18389423076923078 0.08774038461538461 0.052884615384615384
0 0.5817307692307693 0.6442307692307693 0.17307692307692307 0.04807692307692308
4 0.0625 0.49399038461538464 0.125 0.04807692307692308
0 0.5036057692307693 0.3233173076923077 0.09735576923076923 0.042067307692307696
0 0.36778846153846156 0.2512019230769231 0.0625 0.042067307692307696
0 0.6971153846153846 0.22355769230769232 0.09975961538461539 0.038461538461538464
0 0.7115384615384616 0.26802884615384615 0.08653846153846154 0.036057692307692304
0 0.2644230769230769 0.2800480769230769 0.0673076923076923 0.036057692307692304
0 0.44711538461538464 0.3004807692307692 0.09975961538461539 0.03485576923076923
0 0.12860576923076922 0.24879807692307693 0.078125 0.03485576923076923
0 0.08653846153846154 0.3125 0.06850961538461539 0.03485576923076923
0 0.6057692307692307 0.2668269230769231 0.0985576923076923 0.03485576923076923
6 0.4014423076923077 0.6045673076923077 0.08413461538461539 0.03245192307692308
0 0.2776442307692308 0.27524038461538464 0.06610576923076923 0.03245192307692308
0 0.2283653846153846 0.2848557692307692 0.0625 0.03125
0 0.3581730769230769 0.5685096153846154 0.09735576923076923 0.030048076923076924
0 0.2608173076923077 0.31850961538461536 0.06971153846153846 0.027644230769230768
0 0.45552884615384615 0.5625 0.06610576923076923 0.027644230769230768
0 0.030048076923076924 0.28125 0.057692307692307696 0.026442307692307692
0 0.1502403846153846 0.3016826923076923 0.05889423076923077 0.025240384615384616
0 0.1346153846153846 0.2776442307692308 0.06850961538461539 0.02403846153846154
0 0.27884615384615385 0.042067307692307696 0.15625 0.08413461538461539