4 0.07692307692307693 0.4567307692307692 0.15384615384615385 0.10576923076923077
0 0.9182692307692307 0.3293269230769231 0.1466346153846154 0.09975961538461539
4 0.1346153846153846 0.6574519230769231 0.2548076923076923 0.0985576923076923
0 0.8713942307692307 0.9362980769230769 0.09254807692307693 0.08653846153846154
4 0.8762019230769231 0.6310096153846154 0.21153846153846154 0.09014423076923077
0 0.7259615384615384 0.3942307692307692 0.19230769230769232 0.0673076923076923
0 0.6502403846153846 0.3762019230769231 0.203125 0.0673076923076923
0 0.5036057692307693 0.5192307692307693 0.12379807692307693 0.057692307692307696
0 0.6754807692307693 0.5757211538461539 0.19951923076923078 0.06129807692307692
0 0.9507211538461539 0.4651442307692308 0.09495192307692307 0.05889423076923077
0 0.5745192307692307 0.4411057692307692 0.16826923076923078 0.057692307692307696
0 0.6081730769230769 0.5048076923076923 0.15144230769230768 0.055288461538461536
0 0.7716346153846154 0.4411057692307692 0.14423076923076922 0.04807692307692308
0 0.8509615384615384 0.45913461538461536 0.125 0.046875
0 0.5072115384615384 0.4651442307692308 0.09014423076923077 0.04326923076923077
4 0.296875 0.7512019230769231 0.3233173076923077 0.13701923076923078