0 0.36778846153846156 0.8798076923076923 0.08173076923076923 0.09495192307692307
0 0.3293269230769231 0.8125 0.0673076923076923 0.0985576923076923
0 0.3112980769230769 0.7764423076923077 0.05889423076923077 0.10096153846153846
0 0.2668269230769231 0.7367788461538461 0.03485576923076923 0.0829326923076923
0 0.44471153846153844 0.7692307692307693 0.07451923076923077 0.10817307692307693
0 0.47716346153846156 0.6935096153846154 0.06370192307692307 0.09254807692307693
0 0.40024038461538464 0.7019230769230769 0.07451923076923077 0.09735576923076923
0 0.36778846153846156 0.7427884615384616 0.05048076923076923 0.052884615384615384
0 0.4807692307692308 0.5588942307692307 0.07932692307692307 0.10817307692307693
0 0.5564903846153846 0.40625 0.0985576923076923 0.14423076923076922
0 0.5060096153846154 0.4411057692307692 0.0625 0.0673076923076923
0 0.38221153846153844 0.4795673076923077 0.07211538461538461 0.06370192307692307
0 0.42788461538461536 0.3870192307692308 0.057692307692307696 0.0829326923076923
0 0.39903846153846156 0.34134615384615385 0.07211538461538461 0.08774038461538461
0 0.5456730769230769 0.19591346153846154 0.0673076923076923 0.10576923076923077
0 0.49278846153846156 0.09254807692307693 0.09014423076923077 0.18389423076923078
0 0.4206730769230769 0.8088942307692307 0.06129807692307692 0.027644230769230768
0 0.4855769230769231 0.3605769230769231 0.0733173076923077 0.055288461538461536
0 0.5120192307692307 0.14302884615384615 0.05048076923076923 0.078125