6 0.9362980769230769 0.8449519230769231 0.09495192307692307 0.11778846153846154
6 0.33052884615384615 0.5144230769230769 0.25721153846153844 0.11899038461538461
6 0.5685096153846154 0.5192307692307693 0.21514423076923078 0.109375
4 0.4879807692307692 0.12620192307692307 0.23076923076923078 0.07692307692307693
6 0.2980769230769231 0.41586538461538464 0.15264423076923078 0.0673076923076923
4 0.6814903846153846 0.2283653846153846 0.171875 0.0625
4 0.06370192307692307 0.2403846153846154 0.09254807692307693 0.056490384615384616
0 0.36778846153846156 0.016826923076923076 0.125 0.03365384615384615
0 0.3389423076923077 0.007211538461538462 0.11538461538461539 0.014423076923076924
0 0.2692307692307692 0.004807692307692308 0.1201923076923077 0.009615384615384616
0 0.15264423076923078 0.010817307692307692 0.09735576923076923 0.021634615384615384
0 0.6225961538461539 0.014423076923076924 0.055288461538461536 0.019230769230769232
0 0.24879807692307693 0.036057692307692304 0.0733173076923077 0.036057692307692304
4 0.28725961538461536 0.171875 0.10817307692307693 0.051682692307692304