4 0.07091346153846154 0.4362980769230769 0.140625 0.09975961538461539
0 0.9122596153846154 0.38341346153846156 0.171875 0.0985576923076923
4 0.11538461538461539 0.6346153846153846 0.23076923076923078 0.09254807692307693
0 0.7992788461538461 0.9627403846153846 0.0889423076923077 0.06971153846153846
4 0.8317307692307693 0.6730769230769231 0.20432692307692307 0.08413461538461539
0 0.7043269230769231 0.43028846153846156 0.1875 0.0625
0 0.6322115384615384 0.40625 0.1971153846153846 0.0625
0 0.47836538461538464 0.53125 0.1201923076923077 0.055288461538461536
0 0.6394230769230769 0.6009615384615384 0.19471153846153846 0.056490384615384616
0 0.9362980769230769 0.5168269230769231 0.12620192307692307 0.056490384615384616
0 0.5528846153846154 0.46153846153846156 0.16346153846153846 0.052884615384615384
0 0.5805288461538461 0.5276442307692307 0.1466346153846154 0.051682692307692304
0 0.7439903846153846 0.47836538461538464 0.140625 0.04567307692307692
0 0.8197115384615384 0.5036057692307693 0.1201923076923077 0.04326923076923077
0 0.4855769230769231 0.4807692307692308 0.08774038461538461 0.040865384615384616
0 0.9867788461538461 0.46634615384615385 0.02403846153846154 0.038461538461538464
4 0.25600961538461536 0.7403846153846154 0.3137019230769231 0.12860576923076922