2 0.47836538461538464 0.5276442307692307 0.11778846153846154 0.1045673076923077
2 0.3581730769230769 0.44350961538461536 0.0625 0.0829326923076923
2 0.18028846153846154 0.4362980769230769 0.078125 0.078125
2 0.4266826923076923 0.45072115384615385 0.042067307692307696 0.07211538461538461
2 0.6237980769230769 0.42788461538461536 0.038461538461538464 0.05889423076923077
2 0.7512019230769231 0.4411057692307692 0.04807692307692308 0.055288461538461536
2 0.9615384615384616 0.45072115384615385 0.036057692307692304 0.055288461538461536
2 0.5901442307692307 0.4230769230769231 0.038461538461538464 0.046875
2 0.7247596153846154 0.4050480769230769 0.040865384615384616 0.046875
2 0.9230769230769231 0.4387019230769231 0.038461538461538464 0.04567307692307692
2 0.15745192307692307 0.40384615384615385 0.040865384615384616 0.04567307692307692
2 0.1310096153846154 0.4098557692307692 0.021634615384615384 0.040865384615384616
2 0.7776442307692307 0.43149038461538464 0.03125 0.038461538461538464
2 0.6826923076923077 0.42908653846153844 0.03485576923076923 0.036057692307692304
2 0.8810096153846154 0.4362980769230769 0.021634615384615384 0.03485576923076923
2 0.3137019230769231 0.40865384615384615 0.025240384615384616 0.027644230769230768
2 0.44471153846153844 0.4110576923076923 0.040865384615384616 0.038461538461538464