4 0.4675480769230769 0.4879807692307692 0.052884615384615384 0.2247596153846154
4 0.7427884615384616 0.21754807692307693 0.07692307692307693 0.13581730769230768
4 0.39663461538461536 0.1045673076923077 0.125 0.0985576923076923
4 0.6310096153846154 0.49759615384615385 0.08774038461538461 0.09014423076923077
4 0.7487980769230769 0.5528846153846154 0.0673076923076923 0.0733173076923077
0 0.6418269230769231 0.9639423076923077 0.020432692307692308 0.06610576923076923
0 0.5709134615384616 0.9158653846153846 0.027644230769230768 0.06129807692307692
0 0.6802884615384616 0.9134615384615384 0.027644230769230768 0.05889423076923077
0 0.7079326923076923 0.7391826923076923 0.014423076923076924 0.057692307692307696
0 0.5408653846153846 0.5889423076923077 0.019230769230769232 0.056490384615384616
0 0.7632211538461539 0.8004807692307693 0.021634615384615384 0.055288461538461536
0 0.38461538461538464 0.9050480769230769 0.025240384615384616 0.04567307692307692
0 0.4495192307692308 0.6586538461538461 0.01201923076923077 0.030048076923076924
0 0.42788461538461536 0.6622596153846154 0.015625 0.026442307692307692
0 0.4338942307692308 0.6189903846153846 0.014423076923076924 0.026442307692307692
0 0.7223557692307693 0.7728365384615384 0.010817307692307692 0.02403846153846154
0 0.6478365384615384 0.2848557692307692 0.009615384615384616 0.02403846153846154
0 0.6802884615384616 0.3870192307692308 0.01201923076923077 0.021634615384615384
0 0.6682692307692307 0.4495192307692308 0.010817307692307692 0.014423076923076924
0 0.6550480769230769 0.46153846153846156 0.010817307692307692 0.01201923076923077
0 0.7379807692307693 0.3762019230769231 0.01201923076923077 0.01201923076923077
0 0.6826923076923077 0.7980769230769231 0.021634615384615384 0.06129807692307692