2 0.49399038461538464 0.6526442307692307 0.31971153846153844 0.22355769230769232
2 0.46274038461538464 0.453125 0.056490384615384616 0.09495192307692307
2 0.36538461538461536 0.46033653846153844 0.046875 0.0889423076923077
2 0.6262019230769231 0.49399038461538464 0.05048076923076923 0.0733173076923077
2 0.17307692307692307 0.43990384615384615 0.042067307692307696 0.0733173076923077
2 0.4026442307692308 0.4651442307692308 0.036057692307692304 0.06610576923076923
2 0.5240384615384616 0.4735576923076923 0.040865384615384616 0.06610576923076923
2 0.5396634615384616 0.46875 0.027644230769230768 0.055288461538461536
2 0.24519230769230768 0.4579326923076923 0.027644230769230768 0.055288461538461536
2 0.2548076923076923 0.44711538461538464 0.027644230769230768 0.051682692307692304
2 0.3161057692307692 0.4723557692307692 0.015625 0.038461538461538464
2 0.2920673076923077 0.47475961538461536 0.026442307692307692 0.03245192307692308
2 0.15745192307692307 0.40384615384615385 0.030048076923076924 0.052884615384615384