0 0.2403846153846154 0.4206730769230769 0.19110576923076922 0.3317307692307692
0 0.2644230769230769 0.8473557692307693 0.18629807692307693 0.2956730769230769
0 0.16706730769230768 0.3245192307692308 0.2091346153846154 0.25961538461538464
0 0.41586538461538464 0.5252403846153846 0.13221153846153846 0.234375
0 0.10576923076923077 0.5396634615384616 0.15144230769230768 0.23317307692307693
0 0.8930288461538461 0.4495192307692308 0.21153846153846154 0.21995192307692307
0 0.12259615384615384 0.8858173076923077 0.17067307692307693 0.20432692307692307
0 0.6634615384615384 0.7211538461538461 0.2091346153846154 0.19230769230769232
0 0.9026442307692307 0.5300480769230769 0.19110576923076922 0.12980769230769232
0 0.6189903846153846 0.9206730769230769 0.23317307692307693 0.12379807692307693
4 0.7596153846153846 0.31850961538461536 0.28725961538461536 0.6286057692307693