2 0.34975961538461536 0.3425480769230769 0.10096153846153846 0.11057692307692307
2 0.5300480769230769 0.5144230769230769 0.18028846153846154 0.08413461538461539
2 0.9122596153846154 0.28125 0.0625 0.05889423076923077
2 0.6862980769230769 0.2800480769230769 0.057692307692307696 0.055288461538461536
2 0.5300480769230769 0.2776442307692308 0.0673076923076923 0.055288461538461536
2 0.9314903846153846 0.25721153846153844 0.03245192307692308 0.046875
2 0.7295673076923077 0.2800480769230769 0.042067307692307696 0.046875
2 0.9495192307692307 0.29447115384615385 0.04807692307692308 0.042067307692307696
2 0.8617788461538461 0.28725961538461536 0.037259615384615384 0.037259615384615384
2 0.6442307692307693 0.27163461538461536 0.02403846153846154 0.027644230769230768
2 0.78125 0.2932692307692308 0.1201923076923077 0.030048076923076924
2 0.625 0.2824519230769231 0.05048076923076923 0.020432692307692308
2 0.9663461538461539 0.2980769230769231 0.04567307692307692 0.019230769230769232
2 0.9038461538461539 0.2620192307692308 0.03125 0.016826923076923076