6 0.2668269230769231 0.609375 0.19951923076923078 0.09375
0 0.036057692307692304 0.078125 0.07211538461538461 0.078125
0 0.0985576923076923 0.11899038461538461 0.09495192307692307 0.06850961538461539
0 0.20673076923076922 0.13822115384615385 0.08653846153846154 0.06610576923076923
0 0.056490384615384616 0.038461538461538464 0.11298076923076923 0.028846153846153848
0 0.01201923076923077 0.15264423076923078 0.02403846153846154 0.06370192307692307
6 0.8064903846153846 0.4795673076923077 0.18389423076923078 0.06610576923076923
0 0.3870192307692308 0.18629807692307693 0.10817307692307693 0.05889423076923077
0 0.15745192307692307 0.052884615384615384 0.09975961538461539 0.05889423076923077
4 0.039663461538461536 0.21995192307692307 0.07932692307692307 0.0625
0 0.8100961538461539 0.09975961538461539 0.11298076923076923 0.056490384615384616
0 0.2620192307692308 0.09615384615384616 0.06370192307692307 0.051682692307692304
0 0.19230769230769232 0.08653846153846154 0.078125 0.04807692307692308
0 0.6165865384615384 0.2848557692307692 0.10096153846153846 0.05048076923076923
0 0.4651442307692308 0.1201923076923077 0.0889423076923077 0.04807692307692308
0 0.2956730769230769 0.1502403846153846 0.06370192307692307 0.04326923076923077
0 0.7403846153846154 0.21153846153846154 0.09495192307692307 0.04326923076923077
0 0.7043269230769231 0.12860576923076922 0.0673076923076923 0.042067307692307696
0 0.5036057692307693 0.20432692307692307 0.08653846153846154 0.042067307692307696
0 0.6322115384615384 0.13942307692307693 0.0733173076923077 0.040865384615384616
0 0.3786057692307692 0.12860576923076922 0.06129807692307692 0.037259615384615384
0 0.796875 0.18028846153846154 0.06610576923076923 0.036057692307692304
0 0.8521634615384616 0.1502403846153846 0.07451923076923077 0.036057692307692304
0 0.47596153846153844 0.17067307692307693 0.0733173076923077 0.03245192307692308
0 0.3545673076923077 0.0985576923076923 0.06850961538461539 0.03125
0 0.6081730769230769 0.10576923076923077 0.08653846153846154 0.03125
0 0.8497596153846154 0.2247596153846154 0.06370192307692307 0.027644230769230768