4 0.6165865384615384 0.6466346153846154 0.11899038461538461 0.41225961538461536
0 0.671875 0.6935096153846154 0.038461538461538464 0.05889423076923077
0 0.7536057692307693 0.7403846153846154 0.11298076923076923 0.06370192307692307
0 0.34375 0.5432692307692307 0.03485576923076923 0.025240384615384616
0 0.3545673076923077 0.3449519230769231 0.03125 0.021634615384615384
0 0.10817307692307693 0.45072115384615385 0.042067307692307696 0.021634615384615384
0 0.12139423076923077 0.7764423076923077 0.02403846153846154 0.06850961538461539
0 0.09014423076923077 0.8810096153846154 0.021634615384615384 0.036057692307692304
0 0.23798076923076922 0.7932692307692307 0.020432692307692308 0.019230769230769232
0 0.29447115384615385 0.6947115384615384 0.006009615384615385 0.025240384615384616
0 0.1310096153846154 0.6911057692307693 0.03485576923076923 0.038461538461538464
0 0.10216346153846154 0.7211538461538461 0.036057692307692304 0.055288461538461536
0 0.7800480769230769 0.5865384615384616 0.03125 0.027644230769230768
0 0.27163461538461536 0.375 0.019230769230769232 0.01201923076923077