0 0.8786057692307693 0.13341346153846154 0.2403846153846154 0.23918269230769232
0 0.3112980769230769 0.07451923076923077 0.2860576923076923 0.14903846153846154
0 0.5036057692307693 0.06610576923076923 0.109375 0.1310096153846154
4 0.6298076923076923 0.5336538461538461 0.15985576923076922 0.125
0 0.4543269230769231 0.27524038461538464 0.09495192307692307 0.10576923076923077
4 0.14543269230769232 0.5072115384615384 0.11778846153846154 0.09014423076923077
4 0.5072115384615384 0.6586538461538461 0.13221153846153846 0.09014423076923077
0 0.11538461538461539 0.4387019230769231 0.0889423076923077 0.08173076923076923
0 0.2920673076923077 0.38100961538461536 0.0625 0.078125
0 0.22956730769230768 0.43028846153846156 0.08774038461538461 0.07211538461538461
0 0.6911057692307693 0.375 0.16346153846153846 0.07451923076923077
0 0.02403846153846154 0.5576923076923077 0.046875 0.07211538461538461
0 0.3473557692307692 0.3112980769230769 0.1346153846153846 0.07211538461538461
0 0.32572115384615385 0.43990384615384615 0.0625 0.06850961538461539
0 0.2247596153846154 0.36899038461538464 0.12980769230769232 0.05889423076923077
0 0.019230769230769232 0.5961538461538461 0.038461538461538464 0.055288461538461536
0 0.07211538461538461 0.3954326923076923 0.13942307692307693 0.057692307692307696
0 0.5588942307692307 0.2800480769230769 0.0985576923076923 0.055288461538461536
0 0.05889423076923077 0.43149038461538464 0.1141826923076923 0.056490384615384616
0 0.5180288461538461 0.3125 0.0829326923076923 0.052884615384615384
0 0.3245192307692308 0.3762019230769231 0.06610576923076923 0.046875
0 0.5697115384615384 0.3737980769230769 0.125 0.08413461538461539