0 0.8088942307692307 0.04807692307692308 0.203125 0.0889423076923077
0 0.5072115384615384 0.6682692307692307 0.23076923076923078 0.09735576923076923
0 0.9471153846153846 0.052884615384615384 0.10336538461538461 0.09375
0 0.11177884615384616 0.08413461538461539 0.20192307692307693 0.09495192307692307
0 0.06610576923076923 0.7788461538461539 0.13221153846153846 0.09495192307692307
0 0.8689903846153846 0.1935096153846154 0.25961538461538464 0.09375
0 0.9182692307692307 0.9603365384615384 0.14903846153846154 0.07692307692307693
0 0.6177884615384616 0.9615384615384616 0.1935096153846154 0.0733173076923077
0 0.7536057692307693 0.9038461538461539 0.16826923076923078 0.08413461538461539
0 0.5540865384615384 0.08173076923076923 0.30288461538461536 0.0829326923076923
0 0.2980769230769231 0.5925480769230769 0.1875 0.08173076923076923
0 0.9110576923076923 0.796875 0.1658653846153846 0.08173076923076923
0 0.7283653846153846 0.4074519230769231 0.2608173076923077 0.08173076923076923
0 0.4098557692307692 0.5757211538461539 0.2644230769230769 0.08173076923076923
0 0.18990384615384615 0.18870192307692307 0.2548076923076923 0.08173076923076923
0 0.7704326923076923 0.30288461538461536 0.23076923076923078 0.07932692307692307
0 0.9254807692307693 0.6069711538461539 0.1466346153846154 0.078125
0 0.5745192307692307 0.7572115384615384 0.234375 0.07932692307692307
0 0.9314903846153846 0.8689903846153846 0.125 0.078125
0 0.6550480769230769 0.671875 0.16105769230769232 0.078125
0 0.037259615384615384 0.8689903846153846 0.07451923076923077 0.07932692307692307
0 0.8846153846153846 0.7091346153846154 0.21995192307692307 0.07692307692307693
0 0.31490384615384615 0.9459134615384616 0.18028846153846154 0.07451923076923077
0 0.5204326923076923 0.7872596153846154 0.2127403846153846 0.07451923076923077
0 0.4651442307692308 0.3798076923076923 0.2283653846153846 0.0733173076923077
0 0.8822115384615384 0.6370192307692307 0.21754807692307693 0.07211538461538461
0 0.6826923076923077 0.3088942307692308 0.15144230769230768 0.06850961538461539
0 0.6322115384615384 0.6081730769230769 0.1875 0.06971153846153846
0 0.5084134615384616 0.8665865384615384 0.17548076923076922 0.06850961538461539
0 0.8040865384615384 0.4483173076923077 0.23317307692307693 0.06850961538461539
0 0.7355769230769231 0.8173076923076923 0.18389423076923078 0.06850961538461539
0 0.6382211538461539 0.026442307692307692 0.17067307692307693 0.051682692307692304
0 0.04326923076923077 0.16346153846153846 0.07692307692307693 0.0673076923076923
0 0.6490384615384616 0.21514423076923078 0.23317307692307693 0.06610576923076923
0 0.06370192307692307 0.34975961538461536 0.125 0.06370192307692307
0 0.2800480769230769 0.24879807692307693 0.1971153846153846 0.06370192307692307
0 0.16947115384615385 0.37259615384615385 0.15264423076923078 0.06370192307692307
0 0.6141826923076923 0.171875 0.20793269230769232 0.06370192307692307
0 0.7752403846153846 0.5432692307692307 0.2956730769230769 0.06370192307692307
0 0.4170673076923077 0.4423076923076923 0.17548076923076922 0.06129807692307692
0 0.36538461538461536 0.8221153846153846 0.21875 0.06129807692307692
0 0.4831730769230769 0.3076923076923077 0.23317307692307693 0.0625
0 0.025240384615384616 0.25 0.042067307692307696 0.056490384615384616
0 0.22956730769230768 0.8894230769230769 0.16105769230769232 0.05889423076923077
0 0.17307692307692307 0.31971153846153844 0.21995192307692307 0.05889423076923077
0 0.18629807692307693 0.48197115384615385 0.2860576923076923 0.057692307692307696
0 0.9459134615384616 0.4519230769230769 0.1045673076923077 0.056490384615384616
0 0.4795673076923077 0.9747596153846154 0.140625 0.04807692307692308
0 0.07692307692307693 0.5889423076923077 0.15264423076923078 0.056490384615384616
0 0.19110576923076922 0.7163461538461539 0.2127403846153846 0.055288461538461536
0 0.037259615384615384 0.42427884615384615 0.0733173076923077 0.05048076923076923
0 0.7728365384615384 0.49278846153846156 0.21875 0.05048076923076923
0 0.9567307692307693 0.41947115384615385 0.08413461538461539 0.04807692307692308
0 0.25961538461538464 0.4567307692307692 0.19110576923076922 0.04567307692307692
0 0.9507211538461539 0.6802884615384616 0.09254807692307693 0.06850961538461539