4 0.5408653846153846 0.4735576923076923 0.05048076923076923 0.21754807692307693
4 0.26802884615384615 0.22235576923076922 0.0733173076923077 0.1310096153846154
4 0.5973557692307693 0.10336538461538461 0.1201923076923077 0.09375
4 0.38461538461538464 0.49038461538461536 0.08413461538461539 0.08774038461538461
4 0.27283653846153844 0.546875 0.06610576923076923 0.06971153846153846
0 0.390625 0.9387019230769231 0.019230769230769232 0.06370192307692307
0 0.4567307692307692 0.890625 0.027644230769230768 0.05889423076923077
0 0.35096153846153844 0.8918269230769231 0.026442307692307692 0.057692307692307696
0 0.31850961538461536 0.7247596153846154 0.014423076923076924 0.056490384615384616
0 0.47475961538461536 0.5745192307692307 0.019230769230769232 0.055288461538461536
0 0.2668269230769231 0.7848557692307693 0.020432692307692308 0.052884615384615384
0 0.6346153846153846 0.8725961538461539 0.02403846153846154 0.04326923076923077
0 0.3545673076923077 0.9807692307692307 0.016826923076923076 0.030048076923076924
0 0.5661057692307693 0.6370192307692307 0.01201923076923077 0.030048076923076924
0 0.5865384615384616 0.6394230769230769 0.014423076923076924 0.025240384615384616
0 0.5793269230769231 0.5985576923076923 0.014423076923076924 0.025240384615384616
0 0.30649038461538464 0.7560096153846154 0.010817307692307692 0.02403846153846154
0 0.36177884615384615 0.28365384615384615 0.009615384615384616 0.021634615384615384
0 0.33413461538461536 0.38461538461538464 0.01201923076923077 0.021634615384615384
0 0.3485576923076923 0.44350961538461536 0.010817307692307692 0.014423076923076924
0 0.3605769230769231 0.4543269230769231 0.010817307692307692 0.01201923076923077
0 0.2776442307692308 0.375 0.010817307692307692 0.010817307692307692
0 0.3449519230769231 0.7800480769230769 0.021634615384615384 0.057692307692307696