2 0.46875 0.7463942307692307 0.1045673076923077 0.09495192307692307
2 0.3112980769230769 0.4831730769230769 0.0733173076923077 0.09014423076923077
2 0.25600961538461536 0.4831730769230769 0.07932692307692307 0.0889423076923077
2 0.6526442307692307 0.46153846153846156 0.05889423076923077 0.06971153846153846
2 0.10817307692307693 0.49038461538461536 0.05889423076923077 0.06850961538461539
2 0.9663461538461539 0.47475961538461536 0.06370192307692307 0.06610576923076923
2 0.5673076923076923 0.46033653846153844 0.042067307692307696 0.04807692307692308
2 0.8521634615384616 0.46274038461538464 0.04326923076923077 0.046875
2 0.6298076923076923 0.45552884615384615 0.021634615384615384 0.04567307692307692
2 0.030048076923076924 0.4543269230769231 0.04326923076923077 0.04567307692307692
2 0.5961538461538461 0.4567307692307692 0.025240384615384616 0.04326923076923077
2 0.8028846153846154 0.47115384615384615 0.04326923076923077 0.037259615384615384
2 0.6213942307692307 0.39903846153846156 0.026442307692307692 0.03485576923076923
2 0.7487980769230769 0.43990384615384615 0.06129807692307692 0.02403846153846154
2 0.8293269230769231 0.7788461538461539 0.3329326923076923 0.109375