0 0.14423076923076922 0.7439903846153846 0.020432692307692308 0.05889423076923077
0 0.45913461538461536 0.3918269230769231 0.016826923076923076 0.051682692307692304
0 0.4182692307692308 0.7884615384615384 0.03485576923076923 0.046875
0 0.14543269230769232 0.8870192307692307 0.014423076923076924 0.04567307692307692
0 0.3088942307692308 0.25600961538461536 0.026442307692307692 0.04567307692307692
0 0.3605769230769231 0.8028846153846154 0.020432692307692308 0.04567307692307692
0 0.37740384615384615 0.25961538461538464 0.026442307692307692 0.04567307692307692
0 0.38461538461538464 0.8557692307692307 0.016826923076923076 0.042067307692307696
0 0.38100961538461536 0.3798076923076923 0.021634615384615384 0.040865384615384616
0 0.41346153846153844 0.25721153846153844 0.036057692307692304 0.038461538461538464
0 0.7427884615384616 0.2932692307692308 0.056490384615384616 0.038461538461538464
0 0.23076923076923078 0.8810096153846154 0.03485576923076923 0.036057692307692304
0 0.4699519230769231 0.3449519230769231 0.02403846153846154 0.036057692307692304
0 0.21634615384615385 0.8197115384615384 0.052884615384615384 0.036057692307692304
0 0.6466346153846154 0.2824519230769231 0.016826923076923076 0.03485576923076923
0 0.4206730769230769 0.32572115384615385 0.019230769230769232 0.03485576923076923
0 0.09254807692307693 0.5865384615384616 0.036057692307692304 0.03485576923076923
0 0.5300480769230769 0.18389423076923078 0.027644230769230768 0.03245192307692308
0 0.10576923076923077 0.7415865384615384 0.04567307692307692 0.030048076923076924
0 0.1346153846153846 0.9182692307692307 0.019230769230769232 0.027644230769230768
4 0.44471153846153844 0.08774038461538461 0.07211538461538461 0.027644230769230768
0 0.21514423076923078 0.8004807692307693 0.02403846153846154 0.025240384615384616
0 0.15865384615384615 0.49158653846153844 0.025240384615384616 0.02403846153846154
0 0.9903846153846154 0.3245192307692308 0.010817307692307692 0.026442307692307692
0 0.9579326923076923 0.34615384615384615 0.016826923076923076 0.021634615384615384
0 0.5036057692307693 0.3954326923076923 0.03245192307692308 0.021634615384615384
0 0.43028846153846156 0.4182692307692308 0.009615384615384616 0.021634615384615384
0 0.9855769230769231 0.421875 0.021634615384615384 0.02403846153846154
0 0.2127403846153846 0.4951923076923077 0.019230769230769232 0.021634615384615384
0 0.1658653846153846 0.9122596153846154 0.027644230769230768 0.020432692307692308
0 0.5372596153846154 0.4411057692307692 0.03125 0.020432692307692308
0 0.4723557692307692 0.3786057692307692 0.02403846153846154 0.020432692307692308
0 0.31490384615384615 0.47836538461538464 0.020432692307692308 0.020432692307692308
0 0.12139423076923077 0.5024038461538461 0.026442307692307692 0.020432692307692308
0 0.44711538461538464 0.4855769230769231 0.02403846153846154 0.020432692307692308
0 0.9879807692307693 0.44471153846153844 0.020432692307692308 0.021634615384615384
0 0.3088942307692308 0.3762019230769231 0.014423076923076924 0.019230769230769232
0 0.6394230769230769 0.18028846153846154 0.04326923076923077 0.019230769230769232
0 0.5324519230769231 0.41346153846153844 0.016826923076923076 0.016826923076923076
0 0.6911057692307693 0.1466346153846154 0.015625 0.016826923076923076
0 0.5973557692307693 0.1502403846153846 0.014423076923076924 0.016826923076923076
0 0.2824519230769231 0.5 0.015625 0.015625
0 0.6971153846153846 0.3004807692307692 0.019230769230769232 0.015625
0 0.5721153846153846 0.23557692307692307 0.016826923076923076 0.01201923076923077
0 0.6622596153846154 0.1971153846153846 0.010817307692307692 0.010817307692307692