2 0.6634615384615384 0.3557692307692308 0.10336538461538461 0.11298076923076923
2 0.4675480769230769 0.5180288461538461 0.18269230769230768 0.08653846153846154
2 0.09735576923076923 0.2536057692307692 0.06370192307692307 0.05889423076923077
2 0.3269230769230769 0.26802884615384615 0.05889423076923077 0.056490384615384616
2 0.4855769230769231 0.2764423076923077 0.06850961538461539 0.056490384615384616
2 0.07932692307692307 0.2283653846153846 0.03245192307692308 0.04807692307692308
2 0.2824519230769231 0.2644230769230769 0.042067307692307696 0.04807692307692308
2 0.05889423076923077 0.2644230769230769 0.04807692307692308 0.04326923076923077
2 0.14903846153846154 0.26322115384615385 0.038461538461538464 0.038461538461538464
2 0.36899038461538464 0.26322115384615385 0.02403846153846154 0.030048076923076924
2 0.2283653846153846 0.27524038461538464 0.12139423076923077 0.03125
2 0.38822115384615385 0.27524038461538464 0.05048076923076923 0.020432692307692308
2 0.040865384615384616 0.2668269230769231 0.04567307692307692 0.020432692307692308
2 0.10817307692307693 0.23317307692307693 0.03245192307692308 0.016826923076923076