6 0.5132211538461539 0.5673076923076923 0.39903846153846156 0.140625
4 0.2860576923076923 0.11658653846153846 0.2536057692307692 0.06971153846153846
4 0.6586538461538461 0.33413461538461536 0.22235576923076922 0.0625
4 0.2620192307692308 0.5745192307692307 0.1814903846153846 0.06129807692307692
0 0.7463942307692307 0.052884615384615384 0.16706730769230768 0.055288461538461536
0 0.7139423076923077 0.12379807692307693 0.037259615384615384 0.052884615384615384
0 0.5336538461538461 0.07211538461538461 0.15144230769230768 0.05048076923076923
0 0.3245192307692308 0.021634615384615384 0.21875 0.04326923076923077
0 0.9230769230769231 0.06971153846153846 0.15144230769230768 0.042067307692307696
0 0.5528846153846154 0.020432692307692308 0.1658653846153846 0.040865384615384616
0 0.8990384615384616 0.09615384615384616 0.15745192307692307 0.040865384615384616
0 0.9002403846153846 0.037259615384615384 0.15745192307692307 0.038461538461538464
0 0.9579326923076923 0.014423076923076924 0.07932692307692307 0.028846153846153848