6 0.7019230769230769 0.6298076923076923 0.19230769230769232 0.08413461538461539
0 0.8894230769230769 0.0889423076923077 0.0985576923076923 0.06850961538461539
0 0.8149038461538461 0.13942307692307693 0.09014423076923077 0.06370192307692307
0 0.7115384615384616 0.16826923076923078 0.08173076923076923 0.06129807692307692
0 0.8605769230769231 0.037259615384615384 0.13581730769230768 0.0625
0 0.9399038461538461 0.15985576923076922 0.09495192307692307 0.06370192307692307
0 0.9615384615384616 0.06850961538461539 0.046875 0.057692307692307696
6 0.16706730769230768 0.5588942307692307 0.17668269230769232 0.057692307692307696
0 0.5420673076923077 0.23317307692307693 0.10336538461538461 0.055288461538461536
0 0.75 0.08052884615384616 0.09495192307692307 0.055288461538461536
4 0.9182692307692307 0.2283653846153846 0.14423076923076922 0.057692307692307696
0 0.125 0.19230769230769232 0.109375 0.051682692307692304
0 0.6550480769230769 0.13221153846153846 0.06129807692307692 0.04807692307692308
0 0.7211538461538461 0.11658653846153846 0.07451923076923077 0.04326923076923077
0 0.33052884615384615 0.34975961538461536 0.09735576923076923 0.04567307692307692
0 0.46033653846153844 0.1778846153846154 0.08653846153846154 0.04326923076923077
0 0.6262019230769231 0.18870192307692307 0.06129807692307692 0.040865384615384616
0 0.20432692307692307 0.2920673076923077 0.09014423076923077 0.038461538461538464
0 0.23076923076923078 0.2091346153846154 0.06370192307692307 0.038461538461538464
0 0.43149038461538464 0.2620192307692308 0.0829326923076923 0.037259615384615384
0 0.3016826923076923 0.2127403846153846 0.07211538461538461 0.036057692307692304
0 0.5444711538461539 0.17548076923076922 0.057692307692307696 0.03485576923076923
0 0.8834134615384616 0.009615384615384616 0.12740384615384615 0.019230769230769232
0 0.14543269230769232 0.2692307692307692 0.06370192307692307 0.03245192307692308
0 0.09014423076923077 0.24519230769230768 0.0733173076923077 0.03245192307692308
0 0.45552884615384615 0.22596153846153846 0.06971153846153846 0.030048076923076924
0 0.5661057692307693 0.14423076923076922 0.0673076923076923 0.027644230769230768
0 0.32091346153846156 0.1778846153846154 0.08413461538461539 0.026442307692307692
0 0.09975961538461539 0.3161057692307692 0.06129807692307692 0.025240384615384616