0 0.7908653846153846 0.037259615384615384 0.2091346153846154 0.07451923076923077
0 0.5180288461538461 0.6670673076923077 0.234375 0.10336538461538461
0 0.9314903846153846 0.03485576923076923 0.10576923076923077 0.06971153846153846
0 0.09615384615384616 0.09975961538461539 0.19230769230769232 0.10096153846153846
0 0.07692307692307693 0.8016826923076923 0.13581730769230768 0.09495192307692307
0 0.8581730769230769 0.16947115384615385 0.2620192307692308 0.0985576923076923
0 0.9350961538461539 0.9435096153846154 0.12620192307692307 0.08774038461538461
0 0.6442307692307693 0.9591346153846154 0.19471153846153846 0.07932692307692307
0 0.7800480769230769 0.8918269230769231 0.171875 0.0889423076923077
0 0.5348557692307693 0.07211538461538461 0.3076923076923077 0.0889423076923077
0 0.30288461538461536 0.6009615384615384 0.19110576923076922 0.08653846153846154
0 0.9230769230769231 0.7776442307692307 0.1502403846153846 0.08653846153846154
0 0.7271634615384616 0.3918269230769231 0.265625 0.08774038461538461
0 0.41466346153846156 0.5793269230769231 0.2692307692307692 0.08774038461538461
0 0.171875 0.19951923076923078 0.25961538461538464 0.08653846153846154
0 0.7644230769230769 0.2848557692307692 0.23557692307692307 0.08653846153846154
0 0.9302884615384616 0.5841346153846154 0.13701923076923078 0.08413461538461539
0 0.5901442307692307 0.7536057692307693 0.23798076923076922 0.08413461538461539
0 0.9447115384615384 0.8473557692307693 0.10576923076923077 0.0829326923076923
0 0.6682692307692307 0.6634615384615384 0.1658653846153846 0.08173076923076923
0 0.051682692307692304 0.8954326923076923 0.07932692307692307 0.078125
0 0.8942307692307693 0.6887019230769231 0.20793269230769232 0.0829326923076923
0 0.33774038461538464 0.9579326923076923 0.18269230769230768 0.07932692307692307
0 0.5372596153846154 0.7872596153846154 0.21754807692307693 0.07932692307692307
0 0.46153846153846156 0.3786057692307692 0.23076923076923078 0.078125
0 0.8918269230769231 0.6153846153846154 0.21394230769230768 0.078125
0 0.6766826923076923 0.2956730769230769 0.15504807692307693 0.07211538461538461
0 0.640625 0.5997596153846154 0.19110576923076922 0.0733173076923077
0 0.5300480769230769 0.8677884615384616 0.17668269230769232 0.07211538461538461
0 0.8064903846153846 0.42908653846153844 0.23557692307692307 0.0733173076923077
0 0.7560096153846154 0.8064903846153846 0.18629807692307693 0.07211538461538461
0 0.6177884615384616 0.021634615384615384 0.17668269230769232 0.042067307692307696
0 0.03125 0.18389423076923078 0.0625 0.06971153846153846
0 0.6370192307692307 0.20192307692307693 0.23557692307692307 0.06971153846153846
0 0.05889423076923077 0.36899038461538464 0.11778846153846154 0.06971153846153846
0 0.2668269230769231 0.25600961538461536 0.19951923076923078 0.0673076923076923
0 0.1622596153846154 0.3870192307692308 0.15625 0.06610576923076923
0 0.5997596153846154 0.16105769230769232 0.2091346153846154 0.06850961538461539
0 0.7824519230769231 0.5276442307692307 0.3004807692307692 0.06971153846153846
0 0.41586538461538464 0.44471153846153844 0.1778846153846154 0.06610576923076923
0 0.38341346153846156 0.8305288461538461 0.22235576923076922 0.06610576923076923
0 0.47596153846153844 0.30528846153846156 0.23557692307692307 0.0673076923076923
0 0.016826923076923076 0.27163461538461536 0.03245192307692308 0.05889423076923077
0 0.25 0.9050480769230769 0.16346153846153846 0.0625
0 0.1622596153846154 0.33413461538461536 0.22355769230769232 0.0625
0 0.18509615384615385 0.4963942307692308 0.28846153846153844 0.0625
0 0.9471153846153846 0.4254807692307692 0.09975961538461539 0.056490384615384616
0 0.5072115384615384 0.9747596153846154 0.14182692307692307 0.046875
0 0.07932692307692307 0.6105769230769231 0.15264423076923078 0.057692307692307696
0 0.20192307692307693 0.7331730769230769 0.21394230769230768 0.057692307692307696
0 0.03485576923076923 0.44591346153846156 0.06850961538461539 0.051682692307692304
0 0.7764423076923077 0.47596153846153844 0.21995192307692307 0.055288461538461536
0 0.9567307692307693 0.39302884615384615 0.08173076923076923 0.04807692307692308
0 0.25721153846153844 0.46634615384615385 0.1935096153846154 0.04807692307692308
0 0.9591346153846154 0.65625 0.078125 0.07211538461538461