2 0.6201923076923077 0.4483173076923077 0.3473557692307692 0.15264423076923078
2 0.028846153846153848 0.25841346153846156 0.057692307692307696 0.13221153846153846
2 0.09615384615384616 0.1502403846153846 0.10336538461538461 0.09735576923076923
2 0.8040865384615384 0.15264423076923078 0.078125 0.09014423076923077
2 0.49278846153846156 0.1310096153846154 0.057692307692307696 0.07211538461538461
2 0.016826923076923076 0.15985576923076922 0.03245192307692308 0.0733173076923077
2 0.19230769230769232 0.14903846153846154 0.052884615384615384 0.06129807692307692
2 0.43509615384615385 0.14423076923076922 0.04807692307692308 0.05889423076923077
2 0.8533653846153846 0.13341346153846154 0.06370192307692307 0.05889423076923077
2 0.31850961538461536 0.10336538461538461 0.027644230769230768 0.04807692307692308
2 0.3485576923076923 0.1141826923076923 0.036057692307692304 0.046875
2 0.4411057692307692 0.06971153846153846 0.040865384615384616 0.040865384615384616
2 0.2848557692307692 0.15865384615384615 0.06850961538461539 0.038461538461538464
2 0.6129807692307693 0.13221153846153846 0.03125 0.02403846153846154