0 0.1622596153846154 0.10817307692307693 0.2512019230769231 0.21514423076923078
0 0.7487980769230769 0.08653846153846154 0.296875 0.16346153846153846
0 0.5528846153846154 0.06370192307692307 0.109375 0.12620192307692307
4 0.3737980769230769 0.5276442307692307 0.16346153846153846 0.12860576923076922
0 0.5817307692307693 0.28125 0.0985576923076923 0.109375
4 0.8725961538461539 0.5528846153846154 0.12139423076923077 0.09375
4 0.4855769230769231 0.6682692307692307 0.13701923076923078 0.09254807692307693
0 0.9110576923076923 0.4855769230769231 0.09254807692307693 0.0829326923076923
0 0.7367788461538461 0.4074519230769231 0.06610576923076923 0.07932692307692307
0 0.7944711538461539 0.4639423076923077 0.09014423076923077 0.0733173076923077
0 0.3269230769230769 0.3581730769230769 0.16826923076923078 0.07692307692307693
0 0.9831730769230769 0.6177884615384616 0.026442307692307692 0.06971153846153846
0 0.6875 0.33052884615384615 0.13701923076923078 0.07451923076923077
0 0.6947115384615384 0.4651442307692308 0.06610576923076923 0.07211538461538461
0 0.8064903846153846 0.4026442307692308 0.1346153846153846 0.06129807692307692
0 0.9831730769230769 0.6574519230769231 0.019230769230769232 0.052884615384615384
0 0.9435096153846154 0.44591346153846156 0.11057692307692307 0.06129807692307692
0 0.4735576923076923 0.27524038461538464 0.10096153846153846 0.056490384615384616
0 0.9543269230769231 0.4831730769230769 0.08774038461538461 0.057692307692307696
0 0.5120192307692307 0.3125 0.08653846153846154 0.055288461538461536
0 0.703125 0.39903846153846156 0.06850961538461539 0.04807692307692308
0 0.4519230769230769 0.3713942307692308 0.12860576923076922 0.08774038461538461