4 0.8064903846153846 0.6814903846153846 0.3137019230769231 0.1622596153846154
4 0.5012019230769231 0.40625 0.234375 0.1466346153846154
4 0.4855769230769231 0.5552884615384616 0.17067307692307693 0.12620192307692307
0 0.7331730769230769 0.16826923076923078 0.18028846153846154 0.08413461538461539
0 0.2644230769230769 0.0985576923076923 0.1622596153846154 0.07451923076923077
4 0.4230769230769231 0.6394230769230769 0.24278846153846154 0.06850961538461539
0 0.23076923076923078 0.1502403846153846 0.16346153846153846 0.056490384615384616
0 0.07572115384615384 0.0889423076923077 0.09975961538461539 0.05048076923076923
0 0.054086538461538464 0.16346153846153846 0.06610576923076923 0.04567307692307692
0 0.09254807692307693 0.08173076923076923 0.12980769230769232 0.038461538461538464
0 0.08413461538461539 0.03485576923076923 0.10817307692307693 0.056490384615384616