6 0.7175480769230769 0.6586538461538461 0.3088942307692308 0.3245192307692308
0 0.052884615384615384 0.06971153846153846 0.04567307692307692 0.09495192307692307
0 0.2764423076923077 0.8966346153846154 0.03245192307692308 0.06850961538461539
0 0.8497596153846154 0.056490384615384616 0.03245192307692308 0.05889423076923077
0 0.8028846153846154 0.0829326923076923 0.03125 0.05889423076923077
0 0.002403846153846154 0.43028846153846156 0.003605769230769231 0.04807692307692308
0 0.6814903846153846 0.019230769230769232 0.07692307692307693 0.037259615384615384
0 0.7163461538461539 0.38221153846153844 0.021634615384615384 0.04326923076923077
0 0.9098557692307693 0.07091346153846154 0.040865384615384616 0.037259615384615384
0 0.6995192307692307 0.006009615384615385 0.06610576923076923 0.01201923076923077
0 0.8449519230769231 0.12139423076923077 0.019230769230769232 0.03485576923076923
0 0.013221153846153846 0.5612980769230769 0.02403846153846154 0.030048076923076924
0 0.6105769230769231 0.20793269230769232 0.06370192307692307 0.027644230769230768
0 0.13942307692307693 0.2824519230769231 0.0625 0.025240384615384616
0 0.6622596153846154 0.17548076923076922 0.027644230769230768 0.025240384615384616
0 0.6754807692307693 0.1346153846153846 0.026442307692307692 0.025240384615384616
0 0.6298076923076923 0.10576923076923077 0.0625 0.020432692307692308
0 0.46634615384615385 0.4483173076923077 0.040865384615384616 0.019230769230769232
0 0.9411057692307693 0.16346153846153846 0.037259615384615384 0.015625
0 0.4987980769230769 0.2848557692307692 0.016826923076923076 0.015625