2 0.47596153846153844 0.7572115384615384 0.10817307692307693 0.0985576923076923
2 0.6538461538461539 0.5036057692307693 0.07692307692307693 0.09495192307692307
2 0.7091346153846154 0.5060096153846154 0.0829326923076923 0.09375
2 0.3112980769230769 0.4567307692307692 0.0625 0.0733173076923077
2 0.8581730769230769 0.5240384615384616 0.0625 0.07211538461538461
2 0.014423076923076924 0.4495192307692308 0.026442307692307692 0.0673076923076923
2 0.39663461538461536 0.46153846153846156 0.04567307692307692 0.05048076923076923
2 0.109375 0.44350961538461536 0.04567307692307692 0.04807692307692308
2 0.33413461538461536 0.4519230769230769 0.02403846153846154 0.046875
2 0.9387019230769231 0.49278846153846156 0.04567307692307692 0.046875
2 0.36899038461538464 0.4567307692307692 0.026442307692307692 0.04567307692307692
2 0.15865384615384615 0.45552884615384615 0.04567307692307692 0.038461538461538464
2 0.34615384615384615 0.3954326923076923 0.030048076923076924 0.036057692307692304
2 0.21514423076923078 0.42788461538461536 0.0625 0.026442307692307692
2 0.140625 0.7680288461538461 0.28125 0.12379807692307693