4 0.47475961538461536 0.5612980769230769 0.6105769230769231 0.2608173076923077
0 0.3918269230769231 0.3293269230769231 0.07211538461538461 0.15985576923076922
0 0.3112980769230769 0.36899038461538464 0.1141826923076923 0.1466346153846154
0 0.6081730769230769 0.38822115384615385 0.13581730769230768 0.11538461538461539
4 0.43028846153846156 0.9483173076923077 0.3004807692307692 0.10096153846153846
0 0.8665865384615384 0.6814903846153846 0.23076923076923078 0.0985576923076923
0 0.7824519230769231 0.4963942307692308 0.18028846153846154 0.0985576923076923
4 0.24879807692307693 0.8305288461538461 0.24639423076923078 0.08173076923076923
0 0.01201923076923077 0.1141826923076923 0.02403846153846154 0.06971153846153846
0 0.7872596153846154 0.7103365384615384 0.125 0.06370192307692307
0 0.9375 0.5625 0.125 0.052884615384615384
0 0.13581730769230768 0.5925480769230769 0.10336538461538461 0.04567307692307692
0 0.2283653846153846 0.5709134615384616 0.0733173076923077 0.03125
0 0.036057692307692304 0.5204326923076923 0.07211538461538461 0.030048076923076924