0 0.5480769230769231 0.38221153846153844 0.09254807692307693 0.06129807692307692
0 0.5757211538461539 0.5180288461538461 0.078125 0.0625
0 0.5300480769230769 0.5973557692307693 0.0985576923076923 0.07211538461538461
0 0.21754807692307693 0.6850961538461539 0.1466346153846154 0.0829326923076923
0 0.22596153846153846 0.5733173076923077 0.12379807692307693 0.09014423076923077
0 0.24639423076923078 0.5925480769230769 0.11778846153846154 0.09254807692307693
0 0.49278846153846156 0.7331730769230769 0.09735576923076923 0.055288461538461536
0 0.2704326923076923 0.9387019230769231 0.1466346153846154 0.1201923076923077
0 0.8846153846153846 0.40384615384615385 0.22956730769230768 0.19831730769230768
0 0.8485576923076923 0.29447115384615385 0.2247596153846154 0.14423076923076922
0 0.6610576923076923 0.49278846153846156 0.06850961538461539 0.06370192307692307
0 0.6466346153846154 0.6069711538461539 0.10096153846153846 0.06971153846153846
0 0.41346153846153844 0.4987980769230769 0.10096153846153846 0.06850961538461539
0 0.38100961538461536 0.43149038461538464 0.08653846153846154 0.07451923076923077
0 0.03365384615384615 0.6670673076923077 0.051682692307692304 0.08173076923076923
0 0.39663461538461536 0.6033653846153846 0.06971153846153846 0.04326923076923077
0 0.5288461538461539 0.4519230769230769 0.08653846153846154 0.06971153846153846
0 0.2848557692307692 0.5276442307692307 0.09375 0.051682692307692304
0 0.6790865384615384 0.5817307692307693 0.06370192307692307 0.051682692307692304
0 0.7752403846153846 0.5432692307692307 0.1141826923076923 0.06370192307692307
0 0.6802884615384616 0.5096153846153846 0.07692307692307693 0.057692307692307696
0 0.6045673076923077 0.38461538461538464 0.06850961538461539 0.051682692307692304
0 0.8605769230769231 0.20072115384615385 0.05048076923076923 0.0829326923076923
0 0.6310096153846154 0.2776442307692308 0.19831730769230768 0.10817307692307693
0 0.27403846153846156 0.3425480769230769 0.037259615384615384 0.042067307692307696
0 0.7620192307692307 0.4338942307692308 0.0829326923076923 0.040865384615384616
0 0.11177884615384616 0.8533653846153846 0.04326923076923077 0.09375
0 0.15504807692307693 0.8725961538461539 0.04326923076923077 0.08774038461538461
0 0.2127403846153846 0.9759615384615384 0.09495192307692307 0.04326923076923077
0 0.7307692307692307 0.328125 0.05889423076923077 0.057692307692307696
0 0.7764423076923077 0.34134615384615385 0.07451923076923077 0.04567307692307692
0 0.036057692307692304 0.6911057692307693 0.05048076923076923 0.05889423076923077
0 0.4483173076923077 0.44711538461538464 0.030048076923076924 0.03125
0 0.40865384615384615 0.4855769230769231 0.057692307692307696 0.042067307692307696
0 0.2860576923076923 0.5084134615384616 0.10096153846153846 0.11899038461538461
0 0.7403846153846154 0.6189903846153846 0.06850961538461539 0.052884615384615384
0 0.484375 0.2283653846153846 0.037259615384615384 0.042067307692307696
0 0.5132211538461539 0.22956730769230768 0.03485576923076923 0.026442307692307692
0 0.5228365384615384 0.2620192307692308 0.042067307692307696 0.04326923076923077