2 0.46153846153846156 0.5348557692307693 0.12379807692307693 0.11298076923076923
2 0.33533653846153844 0.44471153846153844 0.0673076923076923 0.08774038461538461
2 0.1502403846153846 0.4338942307692308 0.0829326923076923 0.0829326923076923
2 0.4074519230769231 0.453125 0.04567307692307692 0.07451923076923077
2 0.6141826923076923 0.4326923076923077 0.042067307692307696 0.0625
2 0.7463942307692307 0.4495192307692308 0.05048076923076923 0.05889423076923077
2 0.9663461538461539 0.46274038461538464 0.037259615384615384 0.057692307692307696
2 0.5805288461538461 0.42788461538461536 0.042067307692307696 0.05048076923076923
2 0.7199519230769231 0.4110576923076923 0.04326923076923077 0.05048076923076923
2 0.9254807692307693 0.4495192307692308 0.040865384615384616 0.04807692307692308
2 0.12740384615384615 0.39903846153846156 0.04326923076923077 0.046875
2 0.09975961538461539 0.4050480769230769 0.02403846153846154 0.042067307692307696
2 0.7752403846153846 0.43990384615384615 0.03245192307692308 0.040865384615384616
2 0.6754807692307693 0.4362980769230769 0.036057692307692304 0.037259615384615384
2 0.8822115384615384 0.44591346153846156 0.02403846153846154 0.036057692307692304
2 0.29086538461538464 0.4074519230769231 0.027644230769230768 0.030048076923076924
2 0.42788461538461536 0.41225961538461536 0.04326923076923077 0.042067307692307696