0 0.1466346153846154 0.5216346153846154 0.29086538461538464 0.15144230769230768
0 0.8257211538461539 0.49158653846153844 0.30288461538461536 0.1502403846153846
0 0.34375 0.5865384615384616 0.18389423076923078 0.14543269230769232
4 0.4206730769230769 0.10336538461538461 0.8377403846153846 0.1346153846153846
0 0.7487980769230769 0.6382211538461539 0.3401442307692308 0.12980769230769232
0 0.8677884615384616 0.31971153846153844 0.1814903846153846 0.12379807692307693
0 0.765625 0.42427884615384615 0.30649038461538464 0.109375
0 0.4891826923076923 0.2956730769230769 0.2536057692307692 0.10096153846153846
0 0.41346153846153844 0.39903846153846156 0.2764423076923077 0.09495192307692307
0 0.4987980769230769 0.47836538461538464 0.22235576923076922 0.09375
0 0.19951923076923078 0.3737980769230769 0.27163461538461536 0.09254807692307693
0 0.10817307692307693 0.2620192307692308 0.16706730769230768 0.06370192307692307
0 0.9711538461538461 0.2127403846153846 0.055288461538461536 0.06370192307692307
0 0.7427884615384616 0.21514423076923078 0.10817307692307693 0.056490384615384616
0 0.10096153846153846 0.12259615384615384 0.07211538461538461 0.04326923076923077
0 0.02403846153846154 0.05048076923076923 0.046875 0.037259615384615384
0 0.1971153846153846 0.056490384615384616 0.0625 0.027644230769230768
0 0.6730769230769231 0.07692307692307693 0.0733173076923077 0.02403846153846154
0 0.2824519230769231 0.08653846153846154 0.0625 0.019230769230769232