4 0.4230769230769231 0.6995192307692307 0.7692307692307693 0.25721153846153844
0 0.21754807692307693 0.08653846153846154 0.2247596153846154 0.17307692307692307
0 0.036057692307692304 0.46634615384615385 0.06971153846153846 0.19831730769230768
0 0.23918269230769232 0.33653846153846156 0.15985576923076922 0.1971153846153846
0 0.8040865384615384 0.19230769230769232 0.2403846153846154 0.1658653846153846
0 0.2704326923076923 0.20072115384615385 0.19110576923076922 0.1502403846153846
4 0.8846153846153846 0.5144230769230769 0.2283653846153846 0.13221153846153846
0 0.03365384615384615 0.38822115384615385 0.06610576923076923 0.109375
0 0.6466346153846154 0.30649038461538464 0.15625 0.0985576923076923
0 0.4074519230769231 0.2980769230769231 0.11538461538461539 0.078125
0 0.23317307692307693 0.3858173076923077 0.18870192307692307 0.07451923076923077
0 0.5288461538461539 0.3233173076923077 0.056490384615384616 0.0733173076923077
0 0.6177884615384616 0.6081730769230769 0.15625 0.06850961538461539
4 0.47836538461538464 0.39903846153846156 0.13581730769230768 0.0625
0 0.3449519230769231 0.3473557692307692 0.1658653846153846 0.05889423076923077
0 0.5456730769230769 0.44350961538461536 0.14423076923076922 0.056490384615384616
0 0.8389423076923077 0.4110576923076923 0.0889423076923077 0.05048076923076923
0 0.6274038461538461 0.4026442307692308 0.10576923076923077 0.04567307692307692
0 0.96875 0.41225961538461536 0.05889423076923077 0.042067307692307696
0 0.8930288461538461 0.41346153846153844 0.06850961538461539 0.040865384615384616
0 0.7572115384615384 0.4483173076923077 0.036057692307692304 0.037259615384615384
0 0.6346153846153846 0.36778846153846156 0.10336538461538461 0.05048076923076923