4 0.6201923076923077 0.6526442307692307 0.1502403846153846 0.4266826923076923
0 0.6730769230769231 0.7043269230769231 0.04326923076923077 0.06370192307692307
0 0.7536057692307693 0.7572115384615384 0.1201923076923077 0.0733173076923077
0 0.35096153846153844 0.5288461538461539 0.036057692307692304 0.026442307692307692
0 0.3762019230769231 0.328125 0.03245192307692308 0.02403846153846154
0 0.11778846153846154 0.41947115384615385 0.04326923076923077 0.025240384615384616
0 0.10697115384615384 0.7512019230769231 0.027644230769230768 0.07211538461538461
0 0.06971153846153846 0.8545673076923077 0.025240384615384616 0.037259615384615384
0 0.2247596153846154 0.7752403846153846 0.021634615384615384 0.019230769230769232
0 0.28846153846153844 0.6802884615384616 0.007211538461538462 0.025240384615384616
0 0.12259615384615384 0.6634615384615384 0.036057692307692304 0.042067307692307696
0 0.09254807692307693 0.6923076923076923 0.040865384615384616 0.057692307692307696
0 0.7908653846153846 0.6045673076923077 0.03485576923076923 0.030048076923076924
0 0.28846153846153844 0.35336538461538464 0.020432692307692308 0.014423076923076924