4 0.7247596153846154 0.05048076923076923 0.31971153846153844 0.09975961538461539
4 0.9194711538461539 0.11658653846153846 0.125 0.11538461538461539
4 0.7536057692307693 0.3786057692307692 0.17668269230769232 0.09014423076923077
4 0.44350961538461536 0.2608173076923077 0.12860576923076922 0.0829326923076923
4 0.15504807692307693 0.3737980769230769 0.25961538461538464 0.0829326923076923
0 0.7512019230769231 0.06370192307692307 0.1310096153846154 0.057692307692307696
0 0.3918269230769231 0.10697115384615384 0.09975961538461539 0.055288461538461536
0 0.09735576923076923 0.13221153846153846 0.08173076923076923 0.04807692307692308
0 0.5697115384615384 0.1935096153846154 0.1201923076923077 0.046875
0 0.2512019230769231 0.16706730769230768 0.09375 0.04567307692307692
0 0.03125 0.26802884615384615 0.0625 0.04567307692307692
0 0.6971153846153846 0.12740384615384615 0.14182692307692307 0.04567307692307692
0 0.5432692307692307 0.1778846153846154 0.11899038461538461 0.042067307692307696
0 0.2932692307692308 0.19230769230769232 0.1045673076923077 0.040865384615384616
0 0.31850961538461536 0.15985576923076922 0.12379807692307693 0.042067307692307696
0 0.12139423076923077 0.19471153846153846 0.09495192307692307 0.040865384615384616
0 0.7175480769230769 0.1346153846153846 0.12379807692307693 0.042067307692307696
0 0.20552884615384615 0.18028846153846154 0.0673076923076923 0.037259615384615384
0 0.3161057692307692 0.1466346153846154 0.09254807692307693 0.037259615384615384
6 0.4519230769230769 0.4987980769230769 0.09735576923076923 0.037259615384615384
0 0.040865384615384616 0.17067307692307693 0.08173076923076923 0.038461538461538464
0 0.27884615384615385 0.45552884615384615 0.0889423076923077 0.036057692307692304
0 0.38100961538461536 0.13581730769230768 0.0829326923076923 0.036057692307692304
0 0.15625 0.1502403846153846 0.09014423076923077 0.03485576923076923
0 0.18629807692307693 0.4519230769230769 0.07451923076923077 0.027644230769230768