0 0.4831730769230769 0.1466346153846154 0.11778846153846154 0.22235576923076922
0 0.9302884615384616 0.15264423076923078 0.038461538461538464 0.10336538461538461
0 0.7692307692307693 0.036057692307692304 0.04326923076923077 0.07211538461538461
0 0.6995192307692307 0.22596153846153846 0.06370192307692307 0.0829326923076923
0 0.5228365384615384 0.6778846153846154 0.051682692307692304 0.0733173076923077
0 0.4963942307692308 0.02283653846153846 0.07932692307692307 0.04567307692307692
0 0.7572115384615384 0.6334134615384616 0.0673076923076923 0.06850961538461539
0 0.6358173076923077 0.2764423076923077 0.030048076923076924 0.0625
0 0.8016826923076923 0.027644230769230768 0.036057692307692304 0.055288461538461536
0 0.8401442307692307 0.27283653846153844 0.026442307692307692 0.051682692307692304
0 0.8401442307692307 0.02403846153846154 0.03245192307692308 0.046875
0 0.8689903846153846 0.006009615384615385 0.042067307692307696 0.010817307692307692
0 0.5817307692307693 0.3112980769230769 0.027644230769230768 0.04807692307692308
0 0.6370192307692307 0.421875 0.06370192307692307 0.04807692307692308
0 0.7884615384615384 0.22956730769230768 0.03125 0.04567307692307692
0 0.9158653846153846 0.27163461538461536 0.027644230769230768 0.04326923076923077
0 0.7379807692307693 0.5649038461538461 0.036057692307692304 0.040865384615384616
0 0.7836538461538461 0.7319711538461539 0.046875 0.04567307692307692