2 0.2956730769230769 0.49038461538461536 0.06610576923076923 0.0829326923076923
2 0.4254807692307692 0.5012019230769231 0.0733173076923077 0.07692307692307693
2 0.2127403846153846 0.49399038461538464 0.06370192307692307 0.07692307692307693
2 0.5552884615384616 0.4951923076923077 0.06370192307692307 0.0673076923076923
2 0.8497596153846154 0.6802884615384616 0.1814903846153846 0.0673076923076923
2 0.7487980769230769 0.47475961538461536 0.052884615384615384 0.06129807692307692
2 0.8990384615384616 0.4807692307692308 0.05048076923076923 0.06129807692307692
2 0.7932692307692307 0.4855769230769231 0.06129807692307692 0.06129807692307692
2 0.11298076923076923 0.46153846153846156 0.055288461538461536 0.06129807692307692
2 0.6117788461538461 0.4987980769230769 0.06850961538461539 0.05889423076923077
2 0.5516826923076923 0.6586538461538461 0.23918269230769232 0.05048076923076923
2 0.04326923076923077 0.4387019230769231 0.052884615384615384 0.04567307692307692
2 0.9447115384615384 0.4807692307692308 0.04326923076923077 0.042067307692307696
2 0.8293269230769231 0.4879807692307692 0.046875 0.038461538461538464
2 0.8629807692307693 0.4855769230769231 0.025240384615384616 0.03125
2 0.9903846153846154 0.4891826923076923 0.015625 0.03245192307692308
2 0.7067307692307693 0.4951923076923077 0.06610576923076923 0.02403846153846154
2 0.037259615384615384 0.38100961538461536 0.036057692307692304 0.038461538461538464