1 0.609375 0.45913461538461536 0.16826923076923078 0.12980769230769232
1 0.051682692307692304 0.31850961538461536 0.0985576923076923 0.12139423076923077
1 0.9362980769230769 0.5252403846153846 0.125 0.12379807692307693
1 0.3737980769230769 0.6550480769230769 0.203125 0.12139423076923077
1 0.9591346153846154 0.4026442307692308 0.078125 0.1201923076923077
1 0.5841346153846154 0.6009615384615384 0.20673076923076922 0.11899038461538461
1 0.7487980769230769 0.7620192307692307 0.22355769230769232 0.11057692307692307
1 0.15985576923076922 0.7824519230769231 0.14903846153846154 0.09735576923076923
1 0.8882211538461539 0.9266826923076923 0.1778846153846154 0.09254807692307693
1 0.44471153846153844 0.765625 0.12980769230769232 0.0889423076923077
1 0.5997596153846154 0.8137019230769231 0.1622596153846154 0.0829326923076923
1 0.9014423076923077 0.3605769230769231 0.13942307692307693 0.078125
1 0.09975961538461539 0.21995192307692307 0.171875 0.07692307692307693
1 0.3786057692307692 0.984375 0.12860576923076922 0.026442307692307692
1 0.34375 0.007211538461538462 0.140625 0.014423076923076924