0 0.4807692307692308 0.18509615384615385 0.109375 0.18269230769230768
0 0.41586538461538464 0.19951923076923078 0.0889423076923077 0.1778846153846154
0 0.3245192307692308 0.41346153846153844 0.12139423076923077 0.17067307692307693
0 0.5204326923076923 0.04927884615384615 0.11538461538461539 0.0985576923076923
0 0.46634615384615385 0.8293269230769231 0.1310096153846154 0.15625
0 0.5024038461538461 0.5060096153846154 0.10576923076923077 0.1466346153846154
0 0.18028846153846154 0.41225961538461536 0.07692307692307693 0.14423076923076922
0 0.4495192307692308 0.41466346153846156 0.09254807692307693 0.14543269230769232
0 0.7247596153846154 0.7944711538461539 0.06129807692307692 0.13942307692307693
0 0.5456730769230769 0.19831730769230768 0.07692307692307693 0.140625
0 0.3485576923076923 0.2824519230769231 0.0889423076923077 0.140625
0 0.3954326923076923 0.36538461538461536 0.11298076923076923 0.140625
0 0.8016826923076923 0.6490384615384616 0.055288461538461536 0.13221153846153846
0 0.5552884615384616 0.4254807692307692 0.09495192307692307 0.12379807692307693
0 0.7872596153846154 0.3161057692307692 0.051682692307692304 0.1045673076923077
0 0.8485576923076923 0.5216346153846154 0.04326923076923077 0.10336538461538461
0 0.7331730769230769 0.38221153846153844 0.040865384615384616 0.10096153846153846
0 0.7403846153846154 0.6033653846153846 0.040865384615384616 0.10336538461538461
0 0.9411057692307693 0.5132211538461539 0.038461538461538464 0.0985576923076923
0 0.4543269230769231 0.5456730769230769 0.09014423076923077 0.09975961538461539
0 0.4362980769230769 0.6370192307692307 0.06370192307692307 0.09495192307692307
0 0.71875 0.25721153846153844 0.046875 0.09254807692307693
0 0.7379807692307693 0.6959134615384616 0.038461538461538464 0.0889423076923077
0 0.9074519230769231 0.390625 0.040865384615384616 0.08774038461538461
0 0.8461538461538461 0.40024038461538464 0.037259615384615384 0.07932692307692307
0 0.5673076923076923 0.11899038461538461 0.052884615384615384 0.07692307692307693
0 0.6778846153846154 0.18990384615384615 0.03245192307692308 0.0733173076923077
0 0.7620192307692307 0.5048076923076923 0.03485576923076923 0.06850961538461539
0 0.7307692307692307 0.5120192307692307 0.04326923076923077 0.06850961538461539
0 0.6442307692307693 0.27884615384615385 0.055288461538461536 0.05889423076923077
0 0.5973557692307693 0.71875 0.026442307692307692 0.055288461538461536
0 0.5961538461538461 0.90625 0.027644230769230768 0.052884615384615384
0 0.6706730769230769 0.9050480769230769 0.036057692307692304 0.052884615384615384
0 0.6189903846153846 0.20673076923076922 0.040865384615384616 0.051682692307692304
0 0.8365384615384616 0.08653846153846154 0.025240384615384616 0.05048076923076923
0 0.5552884615384616 0.7620192307692307 0.025240384615384616 0.05048076923076923
0 0.20552884615384615 0.6622596153846154 0.0625 0.046875
0 0.6225961538461539 0.7596153846153846 0.014423076923076924 0.042067307692307696
0 0.6598557692307693 0.8581730769230769 0.02403846153846154 0.040865384615384616
0 0.6105769230769231 0.7908653846153846 0.019230769230769232 0.038461538461538464
0 0.7668269230769231 0.13221153846153846 0.019230769230769232 0.036057692307692304
0 0.8112980769230769 0.10336538461538461 0.03245192307692308 0.036057692307692304
0 0.8245192307692307 0.038461538461538464 0.03485576923076923 0.036057692307692304
0 0.8269230769230769 0.15504807692307693 0.015625 0.030048076923076924
0 0.6346153846153846 0.7620192307692307 0.015625 0.030048076923076924
0 0.8713942307692307 0.1502403846153846 0.026442307692307692 0.030048076923076924
0 0.7620192307692307 0.007211538461538462 0.02403846153846154 0.014423076923076924
0 0.7331730769230769 0.0829326923076923 0.02403846153846154 0.027644230769230768
0 0.7115384615384616 0.07211538461538461 0.016826923076923076 0.021634615384615384
0 0.07572115384615384 0.8581730769230769 0.001201923076923077 0.001201923076923077
6 0.7043269230769231 0.5132211538461539 0.1045673076923077 0.359375