4 0.5108173076923077 0.5973557692307693 0.5564903846153846 0.19951923076923078
0 0.20192307692307693 0.7403846153846154 0.12860576923076922 0.08173076923076923
0 0.3245192307692308 0.6923076923076923 0.23076923076923078 0.08653846153846154
0 0.43028846153846156 0.34134615384615385 0.18028846153846154 0.0733173076923077
0 0.5600961538461539 0.4230769230769231 0.1622596153846154 0.06850961538461539
0 0.2247596153846154 0.6322115384615384 0.14903846153846154 0.0673076923076923
0 0.7872596153846154 0.40625 0.19471153846153846 0.06850961538461539
0 0.20432692307692307 0.6983173076923077 0.11057692307692307 0.06610576923076923
0 0.19110576923076922 0.34975961538461536 0.17307692307692307 0.06610576923076923
4 0.17668269230769232 0.4423076923076923 0.21394230769230768 0.0673076923076923
0 0.44471153846153844 0.44471153846153844 0.140625 0.06370192307692307
0 0.41947115384615385 0.21153846153846154 0.171875 0.05889423076923077
0 0.36778846153846156 0.46274038461538464 0.109375 0.055288461538461536
0 0.5985576923076923 0.3581730769230769 0.1502403846153846 0.055288461538461536
0 0.1935096153846154 0.18629807692307693 0.12620192307692307 0.055288461538461536
0 0.9471153846153846 0.8557692307692307 0.10336538461538461 0.09375