0 0.7644230769230769 0.3762019230769231 0.21754807692307693 0.3641826923076923
0 0.7536057692307693 0.8305288461538461 0.2127403846153846 0.3137019230769231
0 0.8401442307692307 0.2692307692307692 0.234375 0.28725961538461536
0 0.5805288461538461 0.4951923076923077 0.15144230769230768 0.25721153846153844
0 0.9134615384615384 0.4987980769230769 0.17067307692307693 0.25721153846153844
0 0.09014423076923077 0.42908653846153844 0.18028846153846154 0.24278846153846154
0 0.9050480769230769 0.8689903846153846 0.18629807692307693 0.21875
0 0.31850961538461536 0.7151442307692307 0.23076923076923078 0.21394230769230768
0 0.07932692307692307 0.5168269230769231 0.15865384615384615 0.14423076923076922
0 0.3737980769230769 0.9290865384615384 0.25600961538461536 0.140625
4 0.203125 0.31850961538461536 0.3269230769230769 0.6153846153846154