0 0.4387019230769231 0.13221153846153846 0.11778846153846154 0.2091346153846154
0 0.8545673076923077 0.1658653846153846 0.040865384615384616 0.0985576923076923
0 0.7115384615384616 0.04447115384615385 0.04326923076923077 0.06971153846153846
0 0.6346153846153846 0.21995192307692307 0.0625 0.07932692307692307
0 0.4411057692307692 0.6286057692307693 0.051682692307692304 0.06971153846153846
0 0.45913461538461536 0.019230769230769232 0.07451923076923077 0.038461538461538464
0 0.6622596153846154 0.6021634615384616 0.06610576923076923 0.0673076923076923
0 0.5721153846153846 0.2620192307692308 0.030048076923076924 0.05889423076923077
0 0.7439903846153846 0.039663461538461536 0.03125 0.056490384615384616
0 0.7632211538461539 0.27163461538461536 0.026442307692307692 0.04807692307692308
0 0.7776442307692307 0.038461538461538464 0.03125 0.046875
0 0.8064903846153846 0.02283653846153846 0.038461538461538464 0.015625
0 0.5204326923076923 0.29086538461538464 0.027644230769230768 0.04567307692307692
0 0.5637019230769231 0.39663461538461536 0.06129807692307692 0.046875
0 0.7175480769230769 0.2283653846153846 0.030048076923076924 0.04326923076923077
0 0.8329326923076923 0.27524038461538464 0.027644230769230768 0.042067307692307696
0 0.6490384615384616 0.5372596153846154 0.03485576923076923 0.038461538461538464
0 0.6802884615384616 0.6947115384615384 0.04567307692307692 0.04326923076923077