2 0.8052884615384616 0.8088942307692307 0.36538461538461536 0.171875
2 0.31971153846153844 0.4495192307692308 0.17668269230769232 0.13221153846153846
2 0.5276442307692307 0.22716346153846154 0.12980769230769232 0.1201923076923077
2 0.18629807692307693 0.14182692307692307 0.07451923076923077 0.06971153846153846
2 0.3557692307692308 0.1502403846153846 0.06850961538461539 0.057692307692307696
2 0.10697115384615384 0.14182692307692307 0.04326923076923077 0.052884615384615384
2 0.015625 0.1310096153846154 0.016826923076923076 0.055288461538461536
2 0.5841346153846154 0.3245192307692308 0.1971153846153846 0.051682692307692304
2 0.06971153846153846 0.1466346153846154 0.04807692307692308 0.037259615384615384
2 0.23317307692307693 0.14423076923076922 0.03245192307692308 0.03245192307692308
2 0.28125 0.1502403846153846 0.057692307692307696 0.03125