0 0.12860576923076922 0.7800480769230769 0.019230769230769232 0.05889423076923077
0 0.4483173076923077 0.4326923076923077 0.015625 0.05048076923076923
0 0.4026442307692308 0.828125 0.03245192307692308 0.046875
0 0.12620192307692307 0.921875 0.01201923076923077 0.04567307692307692
0 0.3016826923076923 0.29447115384615385 0.025240384615384616 0.04567307692307692
0 0.34375 0.8425480769230769 0.020432692307692308 0.04326923076923077
0 0.36899038461538464 0.29927884615384615 0.026442307692307692 0.04326923076923077
0 0.36658653846153844 0.8954326923076923 0.016826923076923076 0.042067307692307696
0 0.3713942307692308 0.41947115384615385 0.021634615384615384 0.040865384615384616
0 0.40625 0.2980769230769231 0.036057692307692304 0.038461538461538464
0 0.7355769230769231 0.3389423076923077 0.056490384615384616 0.037259615384615384
0 0.2127403846153846 0.9182692307692307 0.03485576923076923 0.03485576923076923
0 0.46153846153846156 0.3858173076923077 0.021634615384615384 0.03485576923076923
0 0.19951923076923078 0.8557692307692307 0.052884615384615384 0.03485576923076923
0 0.6394230769230769 0.3269230769230769 0.015625 0.03485576923076923
0 0.41225961538461536 0.36538461538461536 0.019230769230769232 0.03485576923076923
0 0.07932692307692307 0.6213942307692307 0.03485576923076923 0.03485576923076923
0 0.5240384615384616 0.22596153846153846 0.027644230769230768 0.03245192307692308
0 0.09014423076923077 0.7752403846153846 0.04326923076923077 0.030048076923076924
0 0.11538461538461539 0.9543269230769231 0.019230769230769232 0.027644230769230768
4 0.4411057692307692 0.12860576923076922 0.07211538461538461 0.027644230769230768
0 0.19831730769230768 0.8377403846153846 0.02403846153846154 0.025240384615384616
0 0.1466346153846154 0.5264423076923077 0.025240384615384616 0.02403846153846154
0 0.9867788461538461 0.3737980769230769 0.020432692307692308 0.021634615384615384
0 0.9483173076923077 0.3954326923076923 0.015625 0.021634615384615384
0 0.49278846153846156 0.4362980769230769 0.03245192307692308 0.021634615384615384
0 0.41947115384615385 0.45913461538461536 0.009615384615384616 0.021634615384615384
0 0.9807692307692307 0.4723557692307692 0.03485576923076923 0.02403846153846154
0 0.20072115384615385 0.5324519230769231 0.019230769230769232 0.021634615384615384
0 0.14783653846153846 0.9471153846153846 0.027644230769230768 0.019230769230769232
0 0.5264423076923077 0.4831730769230769 0.03125 0.019230769230769232
0 0.46274038461538464 0.41947115384615385 0.021634615384615384 0.019230769230769232
0 0.30408653846153844 0.5168269230769231 0.020432692307692308 0.019230769230769232
0 0.11057692307692307 0.5384615384615384 0.025240384615384616 0.019230769230769232
0 0.4362980769230769 0.5252403846153846 0.021634615384615384 0.019230769230769232
0 0.9831730769230769 0.49399038461538464 0.03125 0.020432692307692308
0 0.3004807692307692 0.41346153846153844 0.014423076923076924 0.019230769230769232
0 0.6322115384615384 0.22355769230769232 0.04326923076923077 0.019230769230769232
0 0.5228365384615384 0.45552884615384615 0.015625 0.016826923076923076
0 0.6862980769230769 0.19110576923076922 0.015625 0.015625
0 0.5925480769230769 0.1935096153846154 0.01201923076923077 0.015625
0 0.27163461538461536 0.5372596153846154 0.015625 0.015625
0 0.6887019230769231 0.3449519230769231 0.019230769230769232 0.015625
0 0.5649038461538461 0.2776442307692308 0.016826923076923076 0.01201923076923077
0 0.6550480769230769 0.24158653846153846 0.010817307692307692 0.010817307692307692