1 0.3016826923076923 0.5913461538461539 0.25721153846153844 0.15745192307692307
1 0.6694711538461539 0.6189903846153846 0.25 0.12980769230769232
1 0.7439903846153846 0.4423076923076923 0.21394230769230768 0.13942307692307693
1 0.6177884615384616 0.5540865384615384 0.19471153846153846 0.09254807692307693
1 0.27403846153846156 0.7764423076923077 0.15504807692307693 0.11778846153846154
1 0.1466346153846154 0.9302884615384616 0.23317307692307693 0.13701923076923078
1 0.6081730769230769 0.8173076923076923 0.2091346153846154 0.12620192307692307
1 0.7199519230769231 0.7848557692307693 0.2644230769230769 0.13942307692307693
1 0.8257211538461539 0.7175480769230769 0.2127403846153846 0.10817307692307693
1 0.8641826923076923 0.8653846153846154 0.2692307692307692 0.0829326923076923
1 0.7235576923076923 0.9362980769230769 0.2091346153846154 0.11778846153846154
1 0.9026442307692307 0.30528846153846156 0.18389423076923078 0.1310096153846154
1 0.6466346153846154 0.15504807692307693 0.3293269230769231 0.12860576923076922
1 0.20432692307692307 0.078125 0.30649038461538464 0.1466346153846154
1 0.3557692307692308 0.171875 0.203125 0.13701923076923078
1 0.11298076923076923 0.30528846153846156 0.2247596153846154 0.14903846153846154
1 0.08413461538461539 0.15745192307692307 0.16706730769230768 0.09975961538461539
1 0.5745192307692307 0.040865384615384616 0.2548076923076923 0.08173076923076923
1 0.5432692307692307 0.3557692307692308 0.14543269230769232 0.22355769230769232
1 0.38822115384615385 0.40865384615384615 0.140625 0.11057692307692307
1 0.90625 0.09014423076923077 0.1658653846153846 0.18028846153846154
1 0.08533653846153846 0.6706730769230769 0.1622596153846154 0.0985576923076923
1 0.1971153846153846 0.6478365384615384 0.234375 0.12980769230769232
1 0.4651442307692308 0.6502403846153846 0.234375 0.11538461538461539
1 0.9026442307692307 0.5769230769230769 0.16105769230769232 0.11057692307692307
1 0.6189903846153846 0.22115384615384615 0.23557692307692307 0.06971153846153846
1 0.6153846153846154 0.3245192307692308 0.08173076923076923 0.04326923076923077
1 0.6670673076923077 0.2776442307692308 0.19110576923076922 0.09254807692307693
1 0.9879807692307693 0.5829326923076923 0.021634615384615384 0.07211538461538461
1 0.8882211538461539 0.9338942307692307 0.15625 0.046875
1 0.36899038461538464 0.7560096153846154 0.12620192307692307 0.052884615384615384
1 0.06850961538461539 0.6262019230769231 0.1310096153846154 0.06610576923076923