0 0.4254807692307692 0.6730769230769231 0.20432692307692307 0.30288461538461536
0 0.8545673076923077 0.5612980769230769 0.19110576923076922 0.2776442307692308
0 0.23317307692307693 0.5661057692307693 0.11778846153846154 0.2536057692307692
0 0.5168269230769231 0.29927884615384615 0.14543269230769232 0.21394230769230768
0 0.4987980769230769 0.4026442307692308 0.0829326923076923 0.15264423076923078
0 0.41225961538461536 0.5084134615384616 0.11057692307692307 0.09495192307692307
0 0.7067307692307693 0.6983173076923077 0.1658653846153846 0.09375
0 0.59375 0.7884615384615384 0.23557692307692307 0.09375
0 0.19230769230769232 0.8353365384615384 0.05889423076923077 0.08173076923076923
0 0.25841346153846156 0.8365384615384616 0.0733173076923077 0.078125
0 0.41346153846153844 0.8918269230769231 0.1502403846153846 0.07932692307692307
0 0.25961538461538464 0.7680288461538461 0.07451923076923077 0.0733173076923077
0 0.26802884615384615 0.9699519230769231 0.0985576923076923 0.057692307692307696
0 0.08173076923076923 0.9170673076923077 0.125 0.0733173076923077
0 0.12259615384615384 0.96875 0.057692307692307696 0.05889423076923077
0 0.17548076923076922 0.9074519230769231 0.09495192307692307 0.05889423076923077