0 0.9903846153846154 0.24879807692307693 0.015625 0.027644230769230768
0 0.9326923076923077 0.25600961538461536 0.02403846153846154 0.025240384615384616
0 0.8125 0.3425480769230769 0.04807692307692308 0.09975961538461539
0 0.7596153846153846 0.46033653846153844 0.0673076923076923 0.0829326923076923
0 0.7427884615384616 0.4495192307692308 0.05048076923076923 0.09495192307692307
0 0.6802884615384616 0.4338942307692308 0.046875 0.0829326923076923
0 0.7067307692307693 0.5745192307692307 0.06370192307692307 0.0829326923076923
0 0.5865384615384616 0.5192307692307693 0.07211538461538461 0.10336538461538461
0 0.6057692307692307 0.5420673076923077 0.0673076923076923 0.07932692307692307
0 0.53125 0.5721153846153846 0.08653846153846154 0.0985576923076923
0 0.5228365384615384 0.4807692307692308 0.057692307692307696 0.03485576923076923
0 0.44350961538461536 0.5408653846153846 0.038461538461538464 0.07932692307692307
0 0.33774038461538464 0.5384615384615384 0.12379807692307693 0.0829326923076923
0 0.2620192307692308 0.7055288461538461 0.07932692307692307 0.11057692307692307
0 0.06610576923076923 0.7740384615384616 0.0625 0.057692307692307696
0 0.009615384615384616 0.6682692307692307 0.019230769230769232 0.07932692307692307
0 0.24519230769230768 0.40024038461538464 0.046875 0.10336538461538461
0 0.16346153846153846 0.4723557692307692 0.06370192307692307 0.10336538461538461
0 0.5444711538461539 0.6057692307692307 0.057692307692307696 0.07211538461538461