2 0.5048076923076923 0.6574519230769231 0.3125 0.21754807692307693
2 0.5324519230769231 0.46033653846153844 0.055288461538461536 0.09254807692307693
2 0.6298076923076923 0.4651442307692308 0.04567307692307692 0.08774038461538461
2 0.3713942307692308 0.5036057692307693 0.046875 0.07211538461538461
2 0.8185096153846154 0.4423076923076923 0.040865384615384616 0.07211538461538461
2 0.5925480769230769 0.47115384615384615 0.03485576923076923 0.06370192307692307
2 0.47115384615384615 0.4807692307692308 0.038461538461538464 0.06370192307692307
2 0.4567307692307692 0.47596153846153844 0.026442307692307692 0.055288461538461536
2 0.7463942307692307 0.46033653846153844 0.026442307692307692 0.052884615384615384
2 0.7391826923076923 0.45072115384615385 0.026442307692307692 0.05048076923076923
2 0.6778846153846154 0.47716346153846156 0.015625 0.037259615384615384
2 0.7019230769230769 0.47716346153846156 0.026442307692307692 0.03245192307692308
2 0.8341346153846154 0.40625 0.027644230769230768 0.051682692307692304