0 0.8497596153846154 0.07451923076923077 0.2620192307692308 0.14903846153846154
6 0.7764423076923077 0.6658653846153846 0.24519230769230768 0.12980769230769232
4 0.7379807692307693 0.47836538461538464 0.3269230769230769 0.12980769230769232
4 0.47836538461538464 0.5504807692307693 0.09014423076923077 0.09975961538461539
0 0.9254807692307693 0.19471153846153846 0.1201923076923077 0.09375
4 0.09495192307692307 0.48677884615384615 0.18870192307692307 0.0889423076923077
0 0.39783653846153844 0.78125 0.13581730769230768 0.08173076923076923
0 0.39663461538461536 0.7163461538461539 0.12139423076923077 0.07211538461538461
4 0.6310096153846154 0.46033653846153844 0.1935096153846154 0.0673076923076923
0 0.5024038461538461 0.2980769230769231 0.1310096153846154 0.056490384615384616
0 0.6814903846153846 0.3076923076923077 0.1466346153846154 0.056490384615384616
0 0.8798076923076923 0.32211538461538464 0.140625 0.055288461538461536
0 0.7776442307692307 0.31490384615384615 0.15625 0.052884615384615384
0 0.5661057692307693 0.36538461538461536 0.11298076923076923 0.04807692307692308
0 0.7367788461538461 0.028846153846153848 0.1502403846153846 0.05048076923076923
0 0.8137019230769231 0.35216346153846156 0.12860576923076922 0.040865384615384616
0 0.6995192307692307 0.35697115384615385 0.13221153846153846 0.051682692307692304