0 0.9411057692307693 0.6478365384615384 0.1141826923076923 0.15504807692307693
0 0.9591346153846154 0.4855769230769231 0.07932692307692307 0.171875
0 0.8088942307692307 0.31971153846153844 0.055288461538461536 0.1310096153846154
0 0.6838942307692307 0.47596153846153844 0.1201923076923077 0.11057692307692307
0 0.7475961538461539 0.5420673076923077 0.17668269230769232 0.12860576923076922
0 0.4831730769230769 0.4567307692307692 0.12620192307692307 0.13221153846153846
0 0.5456730769230769 0.21995192307692307 0.1201923076923077 0.13701923076923078
0 0.5769230769230769 0.18990384615384615 0.0625 0.057692307692307696
0 0.31490384615384615 0.15144230769230768 0.11538461538461539 0.0625
0 0.31850961538461536 0.5132211538461539 0.11778846153846154 0.1466346153846154
0 0.09014423076923077 0.3894230769230769 0.07451923076923077 0.09254807692307693
0 0.11298076923076923 0.2776442307692308 0.0673076923076923 0.0985576923076923
0 0.08052884615384616 0.2091346153846154 0.05889423076923077 0.0733173076923077
0 0.7259615384615384 0.14543269230769232 0.09375 0.051682692307692304
0 0.06009615384615385 0.036057692307692304 0.06370192307692307 0.040865384615384616