4 0.8762019230769231 0.7716346153846154 0.04567307692307692 0.234375
0 0.46634615384615385 0.6057692307692307 0.09735576923076923 0.16346153846153846
0 0.28725961538461536 0.6346153846153846 0.055288461538461536 0.09735576923076923
0 0.7896634615384616 0.07692307692307693 0.026442307692307692 0.0889423076923077
0 0.8137019230769231 0.09495192307692307 0.026442307692307692 0.0889423076923077
0 0.625 0.09375 0.03125 0.0829326923076923
0 0.8341346153846154 0.04326923076923077 0.03245192307692308 0.07451923076923077
0 0.5793269230769231 0.06370192307692307 0.019230769230769232 0.06971153846153846
0 0.6189903846153846 0.9819711538461539 0.02403846153846154 0.03245192307692308
0 0.11658653846153846 0.4519230769230769 0.037259615384615384 0.052884615384615384
0 0.17307692307692307 0.6622596153846154 0.02403846153846154 0.052884615384615384
0 0.2860576923076923 0.7247596153846154 0.03125 0.040865384615384616
0 0.9783653846153846 0.22596153846153846 0.014423076923076924 0.038461538461538464
0 0.38100961538461536 0.7728365384615384 0.051682692307692304 0.036057692307692304
0 0.49278846153846156 0.2439903846153846 0.014423076923076924 0.030048076923076924
0 0.703125 0.7524038461538461 0.030048076923076924 0.027644230769230768
0 0.8786057692307693 0.2800480769230769 0.016826923076923076 0.020432692307692308
0 0.6490384615384616 0.47836538461538464 0.030048076923076924 0.020432692307692308
0 0.9362980769230769 0.2644230769230769 0.020432692307692308 0.020432692307692308
0 0.28966346153846156 0.7632211538461539 0.04326923076923077 0.015625
0 0.3581730769230769 0.4266826923076923 0.03125 0.040865384615384616