2 0.5084134615384616 0.4963942307692308 0.11057692307692307 0.12620192307692307
2 0.38461538461538464 0.40625 0.037259615384615384 0.06129807692307692
2 0.5901442307692307 0.4026442307692308 0.037259615384615384 0.057692307692307696
2 0.7475961538461539 0.39663461538461536 0.036057692307692304 0.052884615384615384
2 0.6430288461538461 0.3701923076923077 0.042067307692307696 0.04326923076923077
2 0.9603365384615384 0.38100961538461536 0.030048076923076924 0.042067307692307696
2 0.6971153846153846 0.4074519230769231 0.056490384615384616 0.042067307692307696
2 0.7932692307692307 0.3894230769230769 0.03485576923076923 0.038461538461538464
2 0.8137019230769231 0.38461538461538464 0.02403846153846154 0.036057692307692304
2 0.5480769230769231 0.3942307692307692 0.02403846153846154 0.030048076923076924
2 0.9050480769230769 0.39302884615384615 0.025240384615384616 0.021634615384615384
2 0.4963942307692308 0.39663461538461536 0.03485576923076923 0.037259615384615384