0 0.7536057692307693 0.2608173076923077 0.037259615384615384 0.07932692307692307
0 0.7896634615384616 0.2091346153846154 0.030048076923076924 0.057692307692307696
0 0.34975961538461536 0.5564903846153846 0.027644230769230768 0.055288461538461536
0 0.16346153846153846 0.5300480769230769 0.04567307692307692 0.07932692307692307
0 0.11177884615384616 0.6742788461538461 0.040865384615384616 0.07932692307692307
0 0.055288461538461536 0.3701923076923077 0.03245192307692308 0.038461538461538464
0 0.7007211538461539 0.9338942307692307 0.055288461538461536 0.12860576923076922
0 0.6899038461538461 0.15745192307692307 0.026442307692307692 0.0733173076923077
0 0.6514423076923077 0.1502403846153846 0.025240384615384616 0.0673076923076923
0 0.44350961538461536 0.5865384615384616 0.03125 0.0625
0 0.6862980769230769 0.484375 0.027644230769230768 0.07692307692307693
0 0.7019230769230769 0.06610576923076923 0.030048076923076924 0.052884615384615384
0 0.7860576923076923 0.4495192307692308 0.02403846153846154 0.06971153846153846
0 0.7872596153846154 0.3942307692307692 0.03485576923076923 0.027644230769230768
0 0.7536057692307693 0.5324519230769231 0.021634615384615384 0.05048076923076923
0 0.7115384615384616 0.5745192307692307 0.026442307692307692 0.06370192307692307
0 0.7920673076923077 0.5588942307692307 0.027644230769230768 0.05889423076923077