0 0.14783653846153846 0.09735576923076923 0.2956730769230769 0.18629807692307693
0 0.23918269230769232 0.21995192307692307 0.19471153846153846 0.1346153846153846
4 0.33774038461538464 0.4651442307692308 0.3557692307692308 0.1141826923076923
0 0.38341346153846156 0.21514423076923078 0.13221153846153846 0.1045673076923077
0 0.3473557692307692 0.875 0.3161057692307692 0.10576923076923077
0 0.45913461538461536 0.3137019230769231 0.051682692307692304 0.09975961538461539
0 0.35096153846153844 0.30528846153846156 0.038461538461538464 0.09014423076923077
4 0.6887019230769231 0.7644230769230769 0.14903846153846154 0.08774038461538461
4 0.6346153846153846 0.6237980769230769 0.25 0.08774038461538461
4 0.5288461538461539 0.5288461538461539 0.24879807692307693 0.08653846153846154
0 0.021634615384615384 0.2848557692307692 0.042067307692307696 0.07932692307692307
0 0.47836538461538464 0.8341346153846154 0.21995192307692307 0.07932692307692307
0 0.4567307692307692 0.41346153846153844 0.0985576923076923 0.06850961538461539
0 0.39302884615384615 0.3870192307692308 0.06971153846153846 0.0625
0 0.17548076923076922 0.4723557692307692 0.09735576923076923 0.06129807692307692
0 0.5673076923076923 0.38341346153846156 0.09735576923076923 0.052884615384615384
0 0.3004807692307692 0.3870192307692308 0.18028846153846154 0.052884615384615384
0 0.44350961538461536 0.38221153846153844 0.052884615384615384 0.05048076923076923
0 0.04927884615384615 0.4855769230769231 0.09735576923076923 0.040865384615384616
0 0.3269230769230769 0.43509615384615385 0.0625 0.03245192307692308
0 0.2800480769230769 0.4230769230769231 0.07211538461538461 0.03125
0 0.2800480769230769 0.4495192307692308 0.0673076923076923 0.030048076923076924
0 0.2439903846153846 0.4699519230769231 0.0625 0.027644230769230768
0 0.21514423076923078 0.49399038461538464 0.052884615384615384 0.027644230769230768
0 0.13581730769230768 0.4699519230769231 0.0829326923076923 0.040865384615384616