0 0.4699519230769231 0.20793269230769232 0.0889423076923077 0.16346153846153846
0 0.4098557692307692 0.21514423076923078 0.07211538461538461 0.15985576923076922
0 0.30649038461538464 0.4026442307692308 0.10336538461538461 0.15144230769230768
0 0.5216346153846154 0.06490384615384616 0.09975961538461539 0.12980769230769232
0 0.9783653846153846 0.6706730769230769 0.038461538461538464 0.13701923076923078
0 0.3954326923076923 0.7980769230769231 0.11057692307692307 0.13701923076923078
0 0.45913461538461536 0.5036057692307693 0.0889423076923077 0.12980769230769232
0 0.171875 0.3870192307692308 0.06129807692307692 0.12980769230769232
0 0.4206730769230769 0.41586538461538464 0.07451923076923077 0.12860576923076922
0 0.6370192307692307 0.7908653846153846 0.046875 0.125
0 0.5276442307692307 0.22596153846153846 0.0625 0.125
0 0.3401442307692308 0.2848557692307692 0.0733173076923077 0.125
0 0.375 0.36538461538461536 0.09495192307692307 0.12379807692307693
0 0.7199519230769231 0.6646634615384616 0.042067307692307696 0.1201923076923077
0 0.5144230769230769 0.43509615384615385 0.08173076923076923 0.10817307692307693
0 0.7391826923076923 0.3581730769230769 0.040865384615384616 0.09375
0 0.7752403846153846 0.5528846153846154 0.03485576923076923 0.09375
0 0.6838942307692307 0.41346153846153844 0.03125 0.09254807692307693
0 0.6682692307692307 0.6165865384615384 0.03245192307692308 0.09254807692307693
0 0.8605769230769231 0.5528846153846154 0.030048076923076924 0.0889423076923077
0 0.41225961538461536 0.5372596153846154 0.078125 0.08774038461538461
0 0.3858173076923077 0.6177884615384616 0.052884615384615384 0.08653846153846154
0 0.6814903846153846 0.2980769230769231 0.037259615384615384 0.08173076923076923
0 0.6574519230769231 0.7019230769230769 0.03125 0.08173076923076923
0 0.8413461538461539 0.4375 0.03245192307692308 0.078125
0 0.7848557692307693 0.43990384615384615 0.030048076923076924 0.07211538461538461
0 0.5564903846153846 0.15504807692307693 0.04567307692307692 0.0673076923076923
0 0.6502403846153846 0.23076923076923078 0.026442307692307692 0.06610576923076923
0 0.9555288461538461 0.5144230769230769 0.02403846153846154 0.06610576923076923
0 0.6983173076923077 0.5276442307692307 0.026442307692307692 0.0625
0 0.6682692307692307 0.5324519230769231 0.036057692307692304 0.06129807692307692
0 0.6105769230769231 0.3088942307692308 0.046875 0.051682692307692304
0 0.5264423076923077 0.7091346153846154 0.021634615384615384 0.04807692307692308
0 0.5072115384615384 0.8810096153846154 0.02403846153846154 0.046875
0 0.5745192307692307 0.8870192307692307 0.03125 0.046875
0 0.5949519230769231 0.2403846153846154 0.03485576923076923 0.04567307692307692
0 0.8064903846153846 0.15144230769230768 0.020432692307692308 0.04567307692307692
0 0.4831730769230769 0.7451923076923077 0.019230769230769232 0.04567307692307692
0 0.8173076923076923 0.016826923076923076 0.02403846153846154 0.021634615384615384
0 0.171875 0.6177884615384616 0.055288461538461536 0.040865384615384616
0 0.5456730769230769 0.7475961538461539 0.010817307692307692 0.038461538461538464
0 0.5697115384615384 0.8425480769230769 0.019230769230769232 0.036057692307692304
0 0.53125 0.7752403846153846 0.014423076923076924 0.03485576923076923
0 0.7391826923076923 0.18629807692307693 0.014423076923076924 0.03245192307692308
0 0.7824519230769231 0.16466346153846154 0.027644230769230768 0.030048076923076924
0 0.8004807692307693 0.10576923076923077 0.030048076923076924 0.030048076923076924
0 0.7908653846153846 0.2127403846153846 0.01201923076923077 0.026442307692307692
0 0.5564903846153846 0.7524038461538461 0.01201923076923077 0.026442307692307692
0 0.8317307692307693 0.2127403846153846 0.021634615384615384 0.026442307692307692
0 0.7463942307692307 0.06490384615384616 0.019230769230769232 0.025240384615384616
0 0.7127403846153846 0.13822115384615385 0.020432692307692308 0.02403846153846154
0 0.6935096153846154 0.12620192307692307 0.014423076923076924 0.020432692307692308
0 0.03485576923076923 0.7860576923076923 0.001201923076923077 0.001201923076923077
6 0.6442307692307693 0.5300480769230769 0.07451923076923077 0.328125