0 0.8197115384615384 0.4879807692307692 0.2956730769230769 0.1466346153846154
0 0.19110576923076922 0.4387019230769231 0.2776442307692308 0.14543269230769232
0 0.6237980769230769 0.5408653846153846 0.17067307692307693 0.13701923076923078
4 0.5709134615384616 0.10096153846153846 0.7620192307692307 0.14903846153846154
0 0.25600961538461536 0.5745192307692307 0.3125 0.12860576923076922
0 0.15865384615384615 0.2824519230769231 0.16706730769230768 0.11778846153846154
0 0.24759615384615385 0.38100961538461536 0.2800480769230769 0.109375
0 0.5024038461538461 0.27403846153846156 0.23317307692307693 0.09975961538461539
0 0.5685096153846154 0.36899038461538464 0.2536057692307692 0.09495192307692307
0 0.4879807692307692 0.4387019230769231 0.203125 0.09254807692307693
0 0.7608173076923077 0.35216346153846156 0.24879807692307693 0.09254807692307693
0 0.8473557692307693 0.2536057692307692 0.15264423076923078 0.06370192307692307
0 0.0625 0.1814903846153846 0.06370192307692307 0.057692307692307696
0 0.27524038461538464 0.1935096153846154 0.0985576923076923 0.052884615384615384
0 0.8581730769230769 0.12860576923076922 0.06610576923076923 0.040865384615384616
0 0.9314903846153846 0.06610576923076923 0.046875 0.036057692307692304
0 0.7728365384615384 0.06610576923076923 0.057692307692307696 0.027644230769230768
0 0.3425480769230769 0.06971153846153846 0.0673076923076923 0.02403846153846154
0 0.6947115384615384 0.09014423076923077 0.056490384615384616 0.019230769230769232