2 0.20432692307692307 0.8197115384615384 0.3557692307692308 0.16706730769230768
2 0.6887019230769231 0.48677884615384615 0.171875 0.12980769230769232
2 0.49399038461538464 0.2620192307692308 0.12620192307692307 0.11778846153846154
2 0.8305288461538461 0.19110576923076922 0.0733173076923077 0.06850961538461539
2 0.6646634615384616 0.1935096153846154 0.0673076923076923 0.056490384615384616
2 0.9074519230769231 0.1935096153846154 0.04326923076923077 0.052884615384615384
2 0.9927884615384616 0.18629807692307693 0.010817307692307692 0.055288461538461536
2 0.4362980769230769 0.3557692307692308 0.19110576923076922 0.05048076923076923
2 0.9435096153846154 0.19951923076923078 0.046875 0.036057692307692304
2 0.7848557692307693 0.19110576923076922 0.03125 0.03125
2 0.7379807692307693 0.19591346153846154 0.056490384615384616 0.03125