0 0.16826923076923078 0.21995192307692307 0.03125 0.07932692307692307
0 0.6911057692307693 0.8233173076923077 0.08413461538461539 0.07932692307692307
0 0.7115384615384616 0.2668269230769231 0.0625 0.07692307692307693
0 0.9711538461538461 0.5901442307692307 0.027644230769230768 0.06129807692307692
0 0.6730769230769231 0.3737980769230769 0.055288461538461536 0.052884615384615384
0 0.4987980769230769 0.3004807692307692 0.026442307692307692 0.04807692307692308
0 0.2932692307692308 0.3293269230769231 0.014423076923076924 0.04807692307692308
0 0.7463942307692307 0.18870192307692307 0.019230769230769232 0.04567307692307692
0 0.2536057692307692 0.20192307692307693 0.020432692307692308 0.04567307692307692
0 0.3401442307692308 0.12620192307692307 0.020432692307692308 0.040865384615384616
0 0.3870192307692308 0.01201923076923077 0.030048076923076924 0.02403846153846154
0 0.23677884615384615 0.2692307692307692 0.03125 0.03245192307692308
0 0.5661057692307693 0.171875 0.05048076923076923 0.026442307692307692
0 0.22355769230769232 0.4891826923076923 0.04326923076923077 0.025240384615384616
0 0.5372596153846154 0.25600961538461536 0.04567307692307692 0.025240384615384616
0 0.2848557692307692 0.4050480769230769 0.040865384615384616 0.02403846153846154
0 0.9350961538461539 0.20072115384615385 0.027644230769230768 0.02403846153846154
0 0.9543269230769231 0.16346153846153846 0.016826923076923076 0.010817307692307692
6 0.6262019230769231 0.6322115384615384 0.33653846153846156 0.4831730769230769