0 0.9338942307692307 0.6995192307692307 0.1201923076923077 0.13581730769230768
0 0.5949519230769231 0.7379807692307693 0.30649038461538464 0.13581730769230768
0 0.3701923076923077 0.4807692307692308 0.2644230769230769 0.125
4 0.3173076923076923 0.3088942307692308 0.6237980769230769 0.13581730769230768
0 0.8112980769230769 0.6622596153846154 0.19110576923076922 0.11778846153846154
0 0.6298076923076923 0.4375 0.1814903846153846 0.11538461538461539
0 0.5865384615384616 0.5697115384615384 0.17307692307692307 0.11538461538461539
0 0.0625 0.5168269230769231 0.125 0.11298076923076923
0 0.23557692307692307 0.7716346153846154 0.20192307692307693 0.109375
0 0.07211538461538461 0.7740384615384616 0.14423076923076922 0.11057692307692307
0 0.34975961538461536 0.5901442307692307 0.13942307692307693 0.10576923076923077
0 0.6370192307692307 0.6310096153846154 0.1622596153846154 0.1045673076923077
0 0.3713942307692308 0.37740384615384615 0.19471153846153846 0.09975961538461539
0 0.1502403846153846 0.4807692307692308 0.15985576923076922 0.0889423076923077
0 0.7908653846153846 0.5697115384615384 0.15745192307692307 0.08774038461538461
0 0.18028846153846154 0.6129807692307693 0.1814903846153846 0.08774038461538461
0 0.4182692307692308 0.6802884615384616 0.15625 0.08413461538461539
0 0.06009615384615385 0.6033653846153846 0.1201923076923077 0.07932692307692307
0 0.056490384615384616 0.6802884615384616 0.11298076923076923 0.07211538461538461
0 0.037259615384615384 0.2127403846153846 0.056490384615384616 0.042067307692307696
0 0.6742788461538461 0.3245192307692308 0.078125 0.027644230769230768
0 0.8088942307692307 0.2644230769230769 0.0625 0.025240384615384616
0 0.09134615384615384 0.13221153846153846 0.026442307692307692 0.02403846153846154
0 0.33653846153846156 0.20673076923076922 0.055288461538461536 0.02403846153846154
0 0.1346153846153846 0.21754807692307693 0.06129807692307692 0.020432692307692308
0 0.7620192307692307 0.06610576923076923 0.042067307692307696 0.016826923076923076
0 0.3798076923076923 0.09495192307692307 0.042067307692307696 0.015625