0 0.2283653846153846 0.21514423076923078 0.4519230769230769 0.2620192307692308
4 0.7584134615384616 0.6862980769230769 0.4375 0.25600961538461536
0 0.47475961538461536 0.43149038461538464 0.4254807692307692 0.18870192307692307
0 0.22956730769230768 0.06490384615384616 0.1346153846153846 0.12980769230769232
0 0.9747596153846154 0.4050480769230769 0.046875 0.12860576923076922
0 0.019230769230769232 0.5588942307692307 0.038461538461538464 0.12379807692307693
0 0.18870192307692307 0.38461538461538464 0.1141826923076923 0.11057692307692307
4 0.31490384615384615 0.7776442307692307 0.23798076923076922 0.09975961538461539
0 0.04326923076923077 0.4026442307692308 0.08413461538461539 0.0829326923076923
0 0.06610576923076923 0.25721153846153844 0.12379807692307693 0.07211538461538461
0 0.05889423076923077 0.5240384615384616 0.11778846153846154 0.06850961538461539