0 0.8569711538461539 0.2536057692307692 0.03125 0.07692307692307693
0 0.30288461538461536 0.7908653846153846 0.0829326923076923 0.078125
0 0.33052884615384615 0.2536057692307692 0.06129807692307692 0.07451923076923077
0 0.05048076923076923 0.5444711538461539 0.027644230769230768 0.05889423076923077
0 0.3581730769230769 0.359375 0.052884615384615384 0.052884615384615384
0 0.5324519230769231 0.30408653846153844 0.026442307692307692 0.046875
0 0.7271634615384616 0.3485576923076923 0.014423076923076924 0.046875
0 0.30288461538461536 0.17548076923076922 0.019230769230769232 0.04567307692307692
0 0.7776442307692307 0.2283653846153846 0.020432692307692308 0.04567307692307692
0 0.7007211538461539 0.14903846153846154 0.020432692307692308 0.040865384615384616
0 0.6658653846153846 0.025240384615384616 0.027644230769230768 0.036057692307692304
0 0.7872596153846154 0.2956730769230769 0.030048076923076924 0.03125
0 0.47836538461538464 0.17307692307692307 0.04807692307692308 0.026442307692307692
0 0.78125 0.5084134615384616 0.042067307692307696 0.025240384615384616
0 0.49759615384615385 0.25721153846153844 0.04567307692307692 0.02403846153846154
0 0.7295673076923077 0.4230769230769231 0.038461538461538464 0.02403846153846154
0 0.11899038461538461 0.17067307692307693 0.027644230769230768 0.021634615384615384
0 0.10216346153846154 0.13221153846153846 0.016826923076923076 0.01201923076923077
6 0.38100961538461536 0.6129807692307693 0.33413461538461536 0.47475961538461536