4 0.5240384615384616 0.48197115384615385 0.06129807692307692 0.22596153846153846
4 0.23076923076923078 0.23197115384615385 0.08173076923076923 0.13701923076923078
4 0.5685096153846154 0.09495192307692307 0.12860576923076922 0.10336538461538461
4 0.36177884615384615 0.5036057692307693 0.09014423076923077 0.09375
4 0.24759615384615385 0.5685096153846154 0.06971153846153846 0.07692307692307693
0 0.38341346153846156 0.9675480769230769 0.02403846153846154 0.0625
0 0.45072115384615385 0.9182692307692307 0.03125 0.0625
0 0.34134615384615385 0.9230769230769231 0.030048076923076924 0.06129807692307692
0 0.3016826923076923 0.7512019230769231 0.015625 0.057692307692307696
0 0.4579326923076923 0.5889423076923077 0.020432692307692308 0.057692307692307696
0 0.2512019230769231 0.8149038461538461 0.02403846153846154 0.056490384615384616
0 0.6358173076923077 0.8930288461538461 0.026442307692307692 0.046875
0 0.5552884615384616 0.6514423076923077 0.01201923076923077 0.030048076923076924
0 0.5757211538461539 0.6526442307692307 0.015625 0.026442307692307692
0 0.5685096153846154 0.6105769230769231 0.015625 0.026442307692307692
0 0.28966346153846156 0.7848557692307693 0.01201923076923077 0.02403846153846154
0 0.33052884615384615 0.2920673076923077 0.009615384615384616 0.02403846153846154
0 0.30528846153846156 0.39663461538461536 0.014423076923076924 0.021634615384615384
0 0.32211538461538464 0.45913461538461536 0.010817307692307692 0.014423076923076924
0 0.33533653846153844 0.46875 0.010817307692307692 0.01201923076923077
0 0.24639423076923078 0.3894230769230769 0.01201923076923077 0.01201923076923077
0 0.3317307692307692 0.8064903846153846 0.02403846153846154 0.06129807692307692