3 0.28846153846153844 0.5661057692307693 0.3173076923076923 0.12379807692307693
3 0.33533653846153844 0.29927884615384615 0.13701923076923078 0.09735576923076923
3 0.1658653846153846 0.2980769230769231 0.08173076923076923 0.08413461538461539
3 0.10697115384615384 0.29086538461538464 0.0625 0.08413461538461539
3 0.25841346153846156 0.29086538461538464 0.04567307692307692 0.06971153846153846
3 0.8317307692307693 0.28725961538461536 0.0625 0.06850961538461539
3 0.5060096153846154 0.2548076923076923 0.056490384615384616 0.06850961538461539
3 0.09375 0.15264423076923078 0.06610576923076923 0.06370192307692307
3 0.038461538461538464 0.16346153846153846 0.0625 0.06129807692307692
3 0.7391826923076923 0.28966346153846156 0.040865384615384616 0.05889423076923077
3 0.6802884615384616 0.2824519230769231 0.06850961538461539 0.055288461538461536
3 0.8689903846153846 0.33413461538461536 0.09014423076923077 0.037259615384615384