0 0.8125 0.27163461538461536 0.040865384615384616 0.07932692307692307
0 0.8497596153846154 0.22115384615384615 0.03245192307692308 0.057692307692307696
0 0.4026442307692308 0.5492788461538461 0.030048076923076924 0.055288461538461536
0 0.21995192307692307 0.5168269230769231 0.046875 0.08173076923076923
0 0.16346153846153846 0.6574519230769231 0.04326923076923077 0.07932692307692307
0 0.11899038461538461 0.3557692307692308 0.03485576923076923 0.038461538461538464
0 0.016826923076923076 0.44711538461538464 0.03365384615384615 0.20673076923076922
0 0.7355769230769231 0.9350961538461539 0.06129807692307692 0.12620192307692307
0 0.7536057692307693 0.16706730769230768 0.027644230769230768 0.07211538461538461
0 0.7151442307692307 0.15865384615384615 0.026442307692307692 0.0673076923076923
0 0.49399038461538464 0.5817307692307693 0.03245192307692308 0.06370192307692307
0 0.7379807692307693 0.4891826923076923 0.030048076923076924 0.07692307692307693
0 0.7692307692307693 0.07692307692307693 0.030048076923076924 0.052884615384615384
0 0.8365384615384616 0.4579326923076923 0.025240384615384616 0.06971153846153846
0 0.8401442307692307 0.4050480769230769 0.03485576923076923 0.030048076923076924
0 0.8028846153846154 0.5384615384615384 0.02403846153846154 0.05048076923076923
0 0.7584134615384616 0.5793269230769231 0.027644230769230768 0.06370192307692307
0 0.8389423076923077 0.5661057692307693 0.030048076923076924 0.05889423076923077