2 0.5444711538461539 0.49158653846153844 0.22235576923076922 0.12139423076923077
2 0.0625 0.2800480769230769 0.1141826923076923 0.11899038461538461
2 0.8762019230769231 0.2620192307692308 0.10817307692307693 0.09375
2 0.23076923076923078 0.20432692307692307 0.07932692307692307 0.06370192307692307
2 0.6310096153846154 0.19230769230769232 0.037259615384615384 0.055288461538461536
2 0.39663461538461536 0.21153846153846154 0.05889423076923077 0.052884615384615384
2 0.6117788461538461 0.20432692307692307 0.04567307692307692 0.04807692307692308
2 0.5661057692307693 0.21394230769230768 0.04567307692307692 0.04326923076923077
2 0.47836538461538464 0.21514423076923078 0.06850961538461539 0.04567307692307692
2 0.7067307692307693 0.21394230769230768 0.021634615384615384 0.037259615384615384
2 0.328125 0.21153846153846154 0.057692307692307696 0.038461538461538464
2 0.7692307692307693 0.20673076923076922 0.026442307692307692 0.03245192307692308
2 0.7367788461538461 0.20432692307692307 0.03125 0.03125
2 0.9447115384615384 0.21394230769230768 0.02403846153846154 0.027644230769230768
2 0.8052884615384616 0.21995192307692307 0.036057692307692304 0.027644230769230768
2 0.9963942307692307 0.23197115384615385 0.003605769230769231 0.02403846153846154