0 0.8269230769230769 0.8725961538461539 0.15985576923076922 0.10336538461538461
4 0.6742788461538461 0.4182692307692308 0.17548076923076922 0.078125
0 0.6177884615384616 0.046875 0.11298076923076923 0.07211538461538461
0 0.9579326923076923 0.15865384615384615 0.08173076923076923 0.0733173076923077
4 0.5865384615384616 0.5829326923076923 0.2091346153846154 0.0625
4 0.20673076923076922 0.46634615384615385 0.24639423076923078 0.0625
0 0.5384615384615384 0.046875 0.1466346153846154 0.0625
0 0.5637019230769231 0.4795673076923077 0.1658653846153846 0.06129807692307692
0 0.9242788461538461 0.5925480769230769 0.14903846153846154 0.06129807692307692
0 0.5348557692307693 0.20432692307692307 0.12139423076923077 0.046875
0 0.9615384615384616 0.4098557692307692 0.07451923076923077 0.046875
0 0.6177884615384616 0.17548076923076922 0.109375 0.037259615384615384
0 0.5264423076923077 0.007211538461538462 0.14423076923076922 0.014423076923076924