0 0.037259615384615384 0.23076923076923078 0.025240384615384616 0.026442307692307692
0 0.15865384615384615 0.3269230769230769 0.05048076923076923 0.1045673076923077
0 0.20793269230769232 0.4543269230769231 0.06971153846153846 0.08774038461538461
0 0.2247596153846154 0.44471153846153844 0.051682692307692304 0.09975961538461539
0 0.2932692307692308 0.43028846153846156 0.046875 0.08653846153846154
0 0.25721153846153844 0.578125 0.06610576923076923 0.08653846153846154
0 0.38461538461538464 0.5252403846153846 0.07451923076923077 0.10817307692307693
0 0.3641826923076923 0.5492788461538461 0.06850961538461539 0.0829326923076923
0 0.4411057692307692 0.5865384615384616 0.08774038461538461 0.10096153846153846
0 0.45552884615384615 0.4891826923076923 0.06129807692307692 0.036057692307692304
0 0.5360576923076923 0.5564903846153846 0.038461538461538464 0.0829326923076923
0 0.6478365384615384 0.5600961538461539 0.12860576923076922 0.08413461538461539
0 0.7175480769230769 0.7403846153846154 0.0829326923076923 0.11538461538461539
0 0.9194711538461539 0.8221153846153846 0.06610576923076923 0.05889423076923077
0 0.9855769230769231 0.7151442307692307 0.019230769230769232 0.0829326923076923
0 0.7512019230769231 0.4206730769230769 0.04807692307692308 0.109375
0 0.8341346153846154 0.4987980769230769 0.06610576923076923 0.10817307692307693
0 0.4254807692307692 0.6189903846153846 0.05889423076923077 0.07451923076923077