6 0.2980769230769231 0.6069711538461539 0.18269230769230768 0.0829326923076923
0 0.07692307692307693 0.11298076923076923 0.09375 0.06610576923076923
0 0.15144230769230768 0.15264423076923078 0.08774038461538461 0.0625
0 0.2512019230769231 0.171875 0.078125 0.05889423076923077
0 0.09975961538461539 0.06009615384615385 0.12980769230769232 0.06129807692307692
0 0.040865384615384616 0.18269230769230768 0.08173076923076923 0.0625
0 0.016826923076923076 0.09975961538461539 0.03245192307692308 0.057692307692307696
6 0.7980769230769231 0.4951923076923077 0.16826923076923078 0.05889423076923077
0 0.41586538461538464 0.21995192307692307 0.0985576923076923 0.052884615384615384
0 0.20673076923076922 0.09254807692307693 0.09254807692307693 0.051682692307692304
4 0.06610576923076923 0.24639423076923078 0.13221153846153846 0.05889423076923077
0 0.8064903846153846 0.1466346153846154 0.10336538461538461 0.05048076923076923
0 0.30288461538461536 0.1346153846153846 0.057692307692307696 0.046875
0 0.23798076923076922 0.12379807692307693 0.07211538461538461 0.04326923076923077
0 0.6262019230769231 0.3125 0.09254807692307693 0.04567307692307692
0 0.49038461538461536 0.15985576923076922 0.08173076923076923 0.04326923076923077
0 0.33413461538461536 0.18509615384615385 0.057692307692307696 0.038461538461538464
0 0.7403846153846154 0.24759615384615385 0.08774038461538461 0.038461538461538464
0 0.7091346153846154 0.17067307692307693 0.06129807692307692 0.037259615384615384
0 0.5228365384615384 0.23798076923076922 0.07932692307692307 0.037259615384615384
0 0.6418269230769231 0.18028846153846154 0.06850961538461539 0.036057692307692304
0 0.4098557692307692 0.16466346153846154 0.055288461538461536 0.03245192307692308
0 0.07451923076923077 0.03365384615384615 0.1201923076923077 0.027644230769230768
0 0.7932692307692307 0.22115384615384615 0.06129807692307692 0.03125
0 0.8449519230769231 0.1935096153846154 0.06850961538461539 0.03245192307692308
0 0.4987980769230769 0.20673076923076922 0.0673076923076923 0.030048076923076924
0 0.3870192307692308 0.13701923076923078 0.0625 0.027644230769230768
0 0.6201923076923077 0.14903846153846154 0.07932692307692307 0.027644230769230768
0 0.8413461538461539 0.2620192307692308 0.057692307692307696 0.025240384615384616