4 0.6237980769230769 0.6370192307692307 0.4098557692307692 0.23798076923076922
4 0.6129807692307693 0.3737980769230769 0.6081730769230769 0.2283653846153846
4 0.1346153846153846 0.921875 0.24519230769230768 0.15264423076923078
0 0.10336538461538461 0.5949519230769231 0.1310096153846154 0.07932692307692307
0 0.8305288461538461 0.11298076923076923 0.18629807692307693 0.0733173076923077
0 0.5889423076923077 0.19951923076923078 0.17067307692307693 0.06610576923076923
0 0.04927884615384615 0.20673076923076922 0.0985576923076923 0.06370192307692307
0 0.15985576923076922 0.27163461538461536 0.18028846153846154 0.06129807692307692
0 0.46274038461538464 0.1502403846153846 0.14423076923076922 0.057692307692307696
0 0.8377403846153846 0.17307692307692307 0.1778846153846154 0.056490384615384616
0 0.5793269230769231 0.06370192307692307 0.13221153846153846 0.052884615384615384
6 0.2512019230769231 0.7067307692307693 0.12980769230769232 0.052884615384615384
0 0.6586538461538461 0.12620192307692307 0.14182692307692307 0.051682692307692304
0 0.609375 0.11298076923076923 0.1045673076923077 0.04326923076923077
4 0.9375 0.6935096153846154 0.12139423076923077 0.09975961538461539