2 0.3701923076923077 0.32211538461538464 0.1141826923076923 0.12379807692307693
2 0.5528846153846154 0.5144230769230769 0.19471153846153846 0.09975961538461539
2 0.9675480769230769 0.28846153846153844 0.0625 0.0673076923076923
2 0.7307692307692307 0.27403846153846156 0.06370192307692307 0.06129807692307692
2 0.5649038461538461 0.2620192307692308 0.0733173076923077 0.0625
2 0.9867788461538461 0.2644230769230769 0.02403846153846154 0.052884615384615384
2 0.7752403846153846 0.27524038461538464 0.046875 0.051682692307692304
2 0.9903846153846154 0.30408653846153844 0.016826923076923076 0.04807692307692308
2 0.9158653846153846 0.29086538461538464 0.042067307692307696 0.042067307692307696
2 0.6862980769230769 0.26322115384615385 0.025240384615384616 0.03125
2 0.8317307692307693 0.2932692307692308 0.12860576923076922 0.038461538461538464
2 0.6646634615384616 0.27283653846153844 0.052884615384615384 0.02403846153846154
2 0.9615384615384616 0.265625 0.03485576923076923 0.019230769230769232