0 0.8245192307692307 0.4723557692307692 0.3088942307692308 0.15264423076923078
0 0.16947115384615385 0.4206730769230769 0.29086538461538464 0.15144230769230768
0 0.6213942307692307 0.5252403846153846 0.1778846153846154 0.14182692307692307
4 0.5661057692307693 0.0733173076923077 0.7980769230769231 0.1466346153846154
0 0.23798076923076922 0.5612980769230769 0.3269230769230769 0.1346153846153846
0 0.13581730769230768 0.25721153846153844 0.17548076923076922 0.12139423076923077
0 0.2283653846153846 0.359375 0.2920673076923077 0.1141826923076923
0 0.49399038461538464 0.24759615384615385 0.2439903846153846 0.10336538461538461
0 0.5625 0.3473557692307692 0.2644230769230769 0.0985576923076923
0 0.4795673076923077 0.41947115384615385 0.2127403846153846 0.09735576923076923
0 0.7644230769230769 0.3293269230769231 0.25961538461538464 0.09495192307692307
0 0.8533653846153846 0.22716346153846154 0.15985576923076922 0.0673076923076923
0 0.039663461538461536 0.15264423076923078 0.057692307692307696 0.05889423076923077
0 0.25721153846153844 0.16346153846153846 0.10336538461538461 0.056490384615384616
0 0.8665865384615384 0.09615384615384616 0.06850961538461539 0.04326923076923077
0 0.9435096153846154 0.03245192307692308 0.05048076923076923 0.036057692307692304
0 0.7764423076923077 0.03125 0.06129807692307692 0.027644230769230768
0 0.328125 0.03485576923076923 0.06971153846153846 0.025240384615384616
0 0.6959134615384616 0.056490384615384616 0.057692307692307696 0.020432692307692308