0 0.7355769230769231 0.13942307692307693 0.14423076923076922 0.17668269230769232
0 0.6838942307692307 0.2980769230769231 0.2608173076923077 0.1201923076923077
4 0.5276442307692307 0.5456730769230769 0.3317307692307692 0.11899038461538461
0 0.8641826923076923 0.4483173076923077 0.0733173076923077 0.08653846153846154
0 0.11057692307692307 0.3557692307692308 0.21995192307692307 0.08413461538461539
0 0.9242788461538461 0.3798076923076923 0.1466346153846154 0.08173076923076923
4 0.5925480769230769 0.6394230769230769 0.23317307692307693 0.07211538461538461
0 0.052884615384615384 0.4675480769230769 0.10576923076923077 0.05889423076923077
0 0.9591346153846154 0.44471153846153844 0.07932692307692307 0.056490384615384616
0 0.3605769230769231 0.38461538461538464 0.16105769230769232 0.04807692307692308
0 0.5961538461538461 0.38100961538461536 0.14903846153846154 0.04807692307692308
0 0.7355769230769231 0.43509615384615385 0.15504807692307693 0.046875
0 0.8581730769230769 0.45552884615384615 0.13701923076923078 0.046875
0 0.5697115384615384 0.4411057692307692 0.1466346153846154 0.046875
0 0.18870192307692307 0.41466346153846156 0.16706730769230768 0.04567307692307692
0 0.171875 0.39302884615384615 0.12620192307692307 0.042067307692307696
0 0.29447115384615385 0.4110576923076923 0.12379807692307693 0.042067307692307696
0 0.3737980769230769 0.21634615384615385 0.33653846153846156 0.12980769230769232