0 0.6129807692307693 0.6862980769230769 0.20793269230769232 0.31850961538461536
0 0.13822115384615385 0.5901442307692307 0.1935096153846154 0.2932692307692308
0 0.8173076923076923 0.5576923076923077 0.11538461538461539 0.27163461538461536
0 0.49158653846153844 0.28365384615384615 0.1466346153846154 0.2283653846153846
0 0.5168269230769231 0.39663461538461536 0.08173076923076923 0.1622596153846154
0 0.6165865384615384 0.5060096153846154 0.11538461538461539 0.09735576923076923
0 0.3088942307692308 0.7295673076923077 0.17548076923076922 0.09375
0 0.4362980769230769 0.8221153846153846 0.2536057692307692 0.08774038461538461
0 0.8762019230769231 0.8497596153846154 0.05889423076923077 0.08653846153846154
0 0.8040865384615384 0.8545673076923077 0.07451923076923077 0.08173076923076923
0 0.6370192307692307 0.9242788461538461 0.16105769230769232 0.07932692307692307
0 0.7992788461538461 0.7800480769230769 0.078125 0.07451923076923077
0 0.8028846153846154 0.9855769230769231 0.09975961538461539 0.026442307692307692
0 0.9663461538461539 0.9326923076923077 0.06370192307692307 0.07451923076923077
0 0.9615384615384616 0.9795673076923077 0.05889423076923077 0.038461538461538464
0 0.8990384615384616 0.9278846153846154 0.09975961538461539 0.05889423076923077