0 0.9399038461538461 0.6225961538461539 0.1141826923076923 0.12980769230769232
0 0.6153846153846154 0.6598557692307693 0.2932692307692308 0.12980769230769232
0 0.39903846153846156 0.4110576923076923 0.2548076923076923 0.1201923076923077
4 0.328125 0.24639423076923078 0.640625 0.1310096153846154
0 0.8221153846153846 0.5865384615384616 0.18269230769230768 0.11057692307692307
0 0.6490384615384616 0.3713942307692308 0.17307692307692307 0.11057692307692307
0 0.6069711538461539 0.4963942307692308 0.16706730769230768 0.11057692307692307
0 0.08173076923076923 0.44591346153846156 0.16105769230769232 0.10817307692307693
0 0.2692307692307692 0.6911057692307693 0.1935096153846154 0.10576923076923077
0 0.09254807692307693 0.6935096153846154 0.18028846153846154 0.1045673076923077
0 0.38100961538461536 0.5168269230769231 0.13221153846153846 0.10096153846153846
0 0.65625 0.5552884615384616 0.15625 0.09975961538461539
0 0.40024038461538464 0.3125 0.1875 0.09495192307692307
0 0.18870192307692307 0.41225961538461536 0.15504807692307693 0.08653846153846154
0 0.8028846153846154 0.49759615384615385 0.15144230769230768 0.08413461538461539
0 0.21634615384615385 0.5384615384615384 0.17307692307692307 0.08413461538461539
0 0.44471153846153844 0.6033653846153846 0.1502403846153846 0.08173076923076923
0 0.07932692307692307 0.5288461538461539 0.15865384615384615 0.07692307692307693
0 0.07932692307692307 0.6009615384615384 0.14543269230769232 0.06850961538461539
0 0.05889423076923077 0.15264423076923078 0.09495192307692307 0.042067307692307696
0 0.6923076923076923 0.2608173076923077 0.07451923076923077 0.026442307692307692
0 0.8209134615384616 0.20432692307692307 0.06129807692307692 0.02403846153846154
0 0.13221153846153846 0.078125 0.026442307692307692 0.02403846153846154
0 0.36658653846153844 0.14903846153846154 0.052884615384615384 0.02403846153846154
0 0.17427884615384615 0.15985576923076922 0.05889423076923077 0.020432692307692308
0 0.7752403846153846 0.015625 0.042067307692307696 0.014423076923076924
0 0.40865384615384615 0.042067307692307696 0.040865384615384616 0.014423076923076924