4 0.9350961538461539 0.14903846153846154 0.12980769230769232 0.1346153846153846
0 0.14543269230769232 0.2776442307692308 0.25 0.125
4 0.6838942307692307 0.47836538461538464 0.11538461538461539 0.078125
0 0.2439903846153846 0.10817307692307693 0.2403846153846154 0.07692307692307693
4 0.5528846153846154 0.5480769230769231 0.20432692307692307 0.0733173076923077
4 0.28725961538461536 0.22596153846153846 0.12379807692307693 0.06850961538461539
0 0.3293269230769231 0.5168269230769231 0.18389423076923078 0.0673076923076923
0 0.6165865384615384 0.2512019230769231 0.1045673076923077 0.06610576923076923
4 0.7379807692307693 0.22956730769230768 0.21514423076923078 0.06370192307692307
0 0.6538461538461539 0.09014423076923077 0.08173076923076923 0.06370192307692307
0 0.546875 0.18028846153846154 0.04807692307692308 0.055288461538461536
0 0.59375 0.1346153846153846 0.08173076923076923 0.051682692307692304
0 0.39903846153846156 0.19230769230769232 0.09375 0.05048076923076923
0 0.7355769230769231 0.09735576923076923 0.07451923076923077 0.046875
0 0.054086538461538464 0.24639423076923078 0.052884615384615384 0.04326923076923077
0 0.7716346153846154 0.021634615384615384 0.06370192307692307 0.042067307692307696
4 0.16105769230769232 0.5757211538461539 0.21995192307692307 0.040865384615384616
0 0.09975961538461539 0.2091346153846154 0.052884615384615384 0.040865384615384616
0 0.039663461538461536 0.21033653846153846 0.07932692307692307 0.040865384615384616
0 0.04447115384615385 0.18028846153846154 0.051682692307692304 0.038461538461538464
0 0.038461538461538464 0.28365384615384615 0.07692307692307693 0.038461538461538464
0 0.014423076923076924 0.1814903846153846 0.027644230769230768 0.03245192307692308
0 0.47475961538461536 0.10817307692307693 0.05889423076923077 0.03245192307692308
6 0.49759615384615385 0.6189903846153846 0.10817307692307693 0.03245192307692308