0 0.6298076923076923 0.5973557692307693 0.3293269230769231 0.1778846153846154
0 0.4026442307692308 0.5432692307692307 0.3076923076923077 0.1658653846153846
0 0.47836538461538464 0.31490384615384615 0.17548076923076922 0.14903846153846154
0 0.43028846153846156 0.41225961538461536 0.20432692307692307 0.14543269230769232
0 0.140625 0.5925480769230769 0.19831730769230768 0.13581730769230768
0 0.9098557692307693 0.5372596153846154 0.17668269230769232 0.1346153846153846
0 0.7043269230769231 0.46875 0.1346153846153846 0.12379807692307693
0 0.6370192307692307 0.3918269230769231 0.16706730769230768 0.11778846153846154
0 0.14423076923076922 0.3317307692307692 0.18269230769230768 0.11899038461538461
0 0.25721153846153844 0.31850961538461536 0.14543269230769232 0.11538461538461539
0 0.8786057692307693 0.44711538461538464 0.17307692307692307 0.11538461538461539
0 0.18509615384615385 0.4338942307692308 0.23798076923076922 0.11538461538461539
0 0.06370192307692307 0.3125 0.109375 0.10336538461538461
0 0.12980769230769232 0.4951923076923077 0.21153846153846154 0.10576923076923077
0 0.7331730769230769 0.30528846153846156 0.11057692307692307 0.0985576923076923
0 0.4050480769230769 0.2848557692307692 0.1466346153846154 0.10096153846153846
4 0.9206730769230769 0.15865384615384615 0.15504807692307693 0.09254807692307693
0 0.5865384615384616 0.07932692307692307 0.09375 0.046875
0 0.12379807692307693 0.018028846153846152 0.09975961538461539 0.036057692307692304
0 0.36538461538461536 0.055288461538461536 0.05048076923076923 0.027644230769230768