4 0.4338942307692308 0.6382211538461539 0.6814903846153846 0.2764423076923077
4 0.4230769230769231 0.37259615384615385 0.703125 0.24519230769230768
0 0.24639423076923078 0.8473557692307693 0.21153846153846154 0.11298076923076923
0 0.28725961538461536 0.6105769230769231 0.11057692307692307 0.07692307692307693
0 0.8425480769230769 0.22956730769230768 0.19831730769230768 0.0733173076923077
4 0.5961538461538461 0.49399038461538464 0.11778846153846154 0.0673076923076923
0 0.9663461538461539 0.2512019230769231 0.06370192307692307 0.06610576923076923
0 0.4699519230769231 0.27884615384615385 0.18028846153846154 0.0673076923076923
0 0.7391826923076923 0.23076923076923078 0.10817307692307693 0.057692307692307696
0 0.05889423076923077 0.27524038461538464 0.0985576923076923 0.057692307692307696
0 0.5444711538461539 0.22596153846153846 0.16346153846153846 0.06129807692307692
0 0.4254807692307692 0.21754807692307693 0.11778846153846154 0.055288461538461536
0 0.6502403846153846 0.26802884615384615 0.19110576923076922 0.05889423076923077
0 0.38100961538461536 0.2608173076923077 0.12379807692307693 0.05048076923076923
0 0.9747596153846154 0.2776442307692308 0.04807692307692308 0.046875
0 0.5865384615384616 0.19471153846153846 0.15264423076923078 0.05048076923076923
0 0.9122596153846154 0.14182692307692307 0.1346153846153846 0.046875
0 0.34375 0.3485576923076923 0.15985576923076922 0.046875