3 0.7103365384615384 0.5721153846153846 0.3293269230769231 0.13221153846153846
3 0.6586538461538461 0.2980769230769231 0.14423076923076922 0.10336538461538461
3 0.8329326923076923 0.2932692307692308 0.08413461538461539 0.0889423076923077
3 0.8930288461538461 0.2848557692307692 0.06610576923076923 0.0889423076923077
3 0.7367788461538461 0.28846153846153844 0.046875 0.0733173076923077
3 0.14543269230769232 0.2932692307692308 0.06610576923076923 0.07211538461538461
3 0.4807692307692308 0.2548076923076923 0.06129807692307692 0.07211538461538461
3 0.9038461538461539 0.14182692307692307 0.06850961538461539 0.0673076923076923
3 0.9615384615384616 0.15384615384615385 0.06610576923076923 0.06370192307692307
3 0.2403846153846154 0.2956730769230769 0.04326923076923077 0.0625
3 0.3016826923076923 0.2860576923076923 0.07211538461538461 0.057692307692307696
3 0.10576923076923077 0.3425480769230769 0.09375 0.040865384615384616