4 0.5456730769230769 0.11899038461538461 0.2980769230769231 0.12139423076923077
4 0.08533653846153846 0.07692307692307693 0.15745192307692307 0.0889423076923077
6 0.7163461538461539 0.453125 0.22355769230769232 0.08653846153846154
0 0.734375 0.03485576923076923 0.2980769230769231 0.06610576923076923
6 0.3449519230769231 0.5913461538461539 0.1658653846153846 0.06370192307692307
0 0.7439903846153846 0.33774038461538464 0.14903846153846154 0.052884615384615384
0 0.18629807692307693 0.014423076923076924 0.11298076923076923 0.028846153846153848
0 0.31490384615384615 0.019230769230769232 0.08653846153846154 0.038461538461538464
0 0.4723557692307692 0.4230769230769231 0.20432692307692307 0.04807692307692308
0 0.14182692307692307 0.3004807692307692 0.15264423076923078 0.04567307692307692
0 0.4795673076923077 0.03125 0.078125 0.040865384615384616
0 0.39663461538461536 0.0673076923076923 0.0889423076923077 0.040865384615384616
0 0.796875 0.09975961538461539 0.1141826923076923 0.040865384615384616
0 0.9675480769230769 0.2247596153846154 0.052884615384615384 0.037259615384615384
4 0.8004807692307693 0.16346153846153846 0.07451923076923077 0.036057692307692304
0 0.8966346153846154 0.10216346153846154 0.09375 0.036057692307692304
0 0.96875 0.10096153846153846 0.05889423076923077 0.036057692307692304
0 0.5685096153846154 0.19110576923076922 0.037259615384615384 0.03245192307692308
0 0.9350961538461539 0.13221153846153846 0.1045673076923077 0.03485576923076923
0 0.5625 0.040865384615384616 0.05048076923076923 0.03245192307692308
4 0.33413461538461536 0.34375 0.1466346153846154 0.03125
0 0.8485576923076923 0.1346153846153846 0.0829326923076923 0.030048076923076924
0 0.734375 0.13822115384615385 0.06850961538461539 0.030048076923076924
0 0.06610576923076923 0.003605769230769231 0.09014423076923077 0.007211538461538462
6 0.16826923076923078 0.4014423076923077 0.11899038461538461 0.027644230769230768
6 0.5612980769230769 0.34975961538461536 0.07932692307692307 0.021634615384615384
0 0.8966346153846154 0.22355769230769232 0.05048076923076923 0.020432692307692308
0 0.9903846153846154 0.234375 0.015625 0.021634615384615384