0 0.9290865384615384 0.14182692307692307 0.13942307692307693 0.20793269230769232
4 0.47596153846153844 0.5949519230769231 0.46274038461538464 0.18269230769230768
4 0.29447115384615385 0.9399038461538461 0.39903846153846156 0.11899038461538461
0 0.18629807692307693 0.33774038461538464 0.18870192307692307 0.11778846153846154
0 0.36538461538461536 0.41346153846153844 0.17668269230769232 0.0889423076923077
0 0.9627403846153846 0.3786057692307692 0.07211538461538461 0.08653846153846154
0 0.09134615384615384 0.3557692307692308 0.171875 0.0829326923076923
0 0.7884615384615384 0.47836538461538464 0.2091346153846154 0.078125
0 0.9543269230769231 0.48677884615384615 0.0889423076923077 0.06971153846153846
0 0.055288461538461536 0.4543269230769231 0.109375 0.0673076923076923
0 0.1875 0.4074519230769231 0.19110576923076922 0.06850961538461539
0 0.6189903846153846 0.46153846153846156 0.14903846153846154 0.056490384615384616
0 0.6129807692307693 0.4182692307692308 0.15264423076923078 0.056490384615384616
0 0.7307692307692307 0.40024038461538464 0.14182692307692307 0.046875