1 0.6814903846153846 0.26802884615384615 0.109375 0.07451923076923077
1 0.5925480769230769 0.33653846153846156 0.11057692307692307 0.06370192307692307
1 0.2512019230769231 0.3125 0.12379807692307693 0.05889423076923077
1 0.29447115384615385 0.71875 0.09375 0.055288461538461536
1 0.32211538461538464 0.3762019230769231 0.1346153846153846 0.056490384615384616
1 0.8521634615384616 0.4495192307692308 0.09014423076923077 0.052884615384615384
1 0.44350961538461536 0.07932692307692307 0.1141826923076923 0.052884615384615384
1 0.036057692307692304 0.19230769230769232 0.07211538461538461 0.052884615384615384
1 0.8894230769230769 0.2956730769230769 0.09495192307692307 0.051682692307692304
1 0.3557692307692308 0.3004807692307692 0.0733173076923077 0.05048076923076923
1 0.1310096153846154 0.6971153846153846 0.07451923076923077 0.05048076923076923
1 0.17908653846153846 0.8533653846153846 0.09975961538461539 0.05048076923076923
1 0.9134615384615384 0.5997596153846154 0.1045673076923077 0.046875
1 0.9122596153846154 0.546875 0.10336538461538461 0.04567307692307692
1 0.7536057692307693 0.9771634615384616 0.0625 0.021634615384615384
1 0.5564903846153846 0.9026442307692307 0.06971153846153846 0.042067307692307696
1 0.6129807692307693 0.20432692307692307 0.0889423076923077 0.040865384615384616
1 0.030048076923076924 0.7728365384615384 0.03485576923076923 0.038461538461538464
1 0.078125 0.8137019230769231 0.04807692307692308 0.038461538461538464
1 0.030048076923076924 0.3317307692307692 0.05889423076923077 0.040865384615384616
1 0.6033653846153846 0.5168269230769231 0.08173076923076923 0.036057692307692304
1 0.41346153846153844 0.4387019230769231 0.08653846153846154 0.036057692307692304
1 0.9423076923076923 0.3870192307692308 0.10336538461538461 0.03485576923076923