0 0.34975961538461536 0.4050480769230769 0.4326923076923077 0.2512019230769231
0 0.6995192307692307 0.4266826923076923 0.25600961538461536 0.22956730769230768
4 0.5709134615384616 0.6490384615384616 0.2956730769230769 0.15144230769230768
0 0.2824519230769231 0.3112980769230769 0.2091346153846154 0.14423076923076922
0 0.04447115384615385 0.7824519230769231 0.0889423076923077 0.12980769230769232
0 0.18870192307692307 0.5384615384615384 0.09014423076923077 0.10096153846153846
0 0.15384615384615385 0.4098557692307692 0.07451923076923077 0.09975961538461539
0 0.03245192307692308 0.5973557692307693 0.06370192307692307 0.08653846153846154
0 0.07932692307692307 0.5865384615384616 0.11778846153846154 0.08173076923076923
0 0.08173076923076923 0.7151442307692307 0.16346153846153846 0.08413461538461539
0 0.14182692307692307 0.6478365384615384 0.09375 0.06971153846153846
4 0.6466346153846154 0.15625 0.46875 0.3125