3 0.4098557692307692 0.3317307692307692 0.06610576923076923 0.09375
3 0.47836538461538464 0.33413461538461536 0.0625 0.09014423076923077
3 0.0673076923076923 0.24639423076923078 0.08173076923076923 0.08774038461538461
3 0.5685096153846154 0.3269230769230769 0.06129807692307692 0.08173076923076923
3 0.6310096153846154 0.546875 0.2800480769230769 0.09014423076923077
3 0.390625 0.21153846153846154 0.03245192307692308 0.0673076923076923
3 0.5120192307692307 0.22355769230769232 0.046875 0.06610576923076923
3 0.8509615384615384 0.2776442307692308 0.0829326923076923 0.06129807692307692
3 0.4326923076923077 0.2091346153846154 0.057692307692307696 0.05889423076923077
3 0.6322115384615384 0.3425480769230769 0.0673076923076923 0.056490384615384616
3 0.19951923076923078 0.06370192307692307 0.052884615384615384 0.04567307692307692
3 0.8954326923076923 0.3473557692307692 0.07932692307692307 0.057692307692307696