4 0.8846153846153846 0.7139423076923077 0.07692307692307693 0.2704326923076923
0 0.3557692307692308 0.7584134615384616 0.04567307692307692 0.24639423076923078
0 0.3293269230769231 0.16826923076923078 0.14543269230769232 0.11057692307692307
0 0.19110576923076922 0.5901442307692307 0.015625 0.109375
0 0.14543269230769232 0.038461538461538464 0.13701923076923078 0.07692307692307693
0 0.1310096153846154 0.6057692307692307 0.046875 0.0625
0 0.3713942307692308 0.9362980769230769 0.026442307692307692 0.0625
0 0.09254807692307693 0.6935096153846154 0.051682692307692304 0.0625
0 0.4182692307692308 0.17548076923076922 0.04326923076923077 0.04567307692307692
0 0.48197115384615385 0.7884615384615384 0.042067307692307696 0.042067307692307696
0 0.5372596153846154 0.5408653846153846 0.038461538461538464 0.03485576923076923
0 0.5036057692307693 0.515625 0.030048076923076924 0.03125