0 0.5673076923076923 0.4206730769230769 0.08653846153846154 0.052884615384615384
0 0.5841346153846154 0.5504807692307693 0.07211538461538461 0.056490384615384616
0 0.5324519230769231 0.6213942307692307 0.09014423076923077 0.06370192307692307
0 0.23076923076923078 0.6790865384615384 0.13581730769230768 0.06971153846153846
0 0.24639423076923078 0.5733173076923077 0.1141826923076923 0.07932692307692307
0 0.265625 0.5949519230769231 0.10576923076923077 0.08173076923076923
0 0.48677884615384615 0.7475961538461539 0.09014423076923077 0.046875
0 0.25721153846153844 0.9254807692307693 0.13221153846153846 0.109375
0 0.8894230769230769 0.4675480769230769 0.21754807692307693 0.17668269230769232
0 0.8605769230769231 0.36177884615384615 0.20793269230769232 0.12620192307692307
0 0.6658653846153846 0.5324519230769231 0.0625 0.057692307692307696
0 0.6418269230769231 0.640625 0.09375 0.0625
0 0.43028846153846156 0.5192307692307693 0.09375 0.06129807692307692
0 0.4050480769230769 0.453125 0.078125 0.0673076923076923
0 0.040865384615384616 0.6466346153846154 0.08173076923076923 0.078125
0 0.40625 0.6165865384615384 0.06370192307692307 0.038461538461538464
0 0.5432692307692307 0.4831730769230769 0.078125 0.0625
0 0.30649038461538464 0.5372596153846154 0.08774038461538461 0.04326923076923077
0 0.6754807692307693 0.6201923076923077 0.057692307692307696 0.046875
0 0.7692307692307693 0.5901442307692307 0.10576923076923077 0.056490384615384616
0 0.6838942307692307 0.5504807692307693 0.06971153846153846 0.051682692307692304
0 0.6225961538461539 0.4266826923076923 0.06370192307692307 0.046875
0 0.8810096153846154 0.27283653846153844 0.04326923076923077 0.07692307692307693
0 0.6550480769230769 0.3269230769230769 0.18389423076923078 0.09375
0 0.3112980769230769 0.359375 0.03245192307692308 0.038461538461538464
0 0.7668269230769231 0.48677884615384615 0.078125 0.03485576923076923
0 0.11658653846153846 0.8293269230769231 0.037259615384615384 0.08774038461538461
0 0.15625 0.8509615384615384 0.037259615384615384 0.08173076923076923
0 0.19951923076923078 0.9651442307692307 0.08774038461538461 0.057692307692307696
0 0.7463942307692307 0.38221153846153844 0.055288461538461536 0.052884615384615384
0 0.7884615384615384 0.40024038461538464 0.06971153846153846 0.038461538461538464
0 0.055288461538461536 0.6706730769230769 0.04807692307692308 0.055288461538461536
0 0.019230769230769232 0.7632211538461539 0.037259615384615384 0.06129807692307692
0 0.46875 0.4735576923076923 0.026442307692307692 0.027644230769230768
0 0.42788461538461536 0.5060096153846154 0.051682692307692304 0.037259615384615384
0 0.31009615384615385 0.5180288461538461 0.09254807692307693 0.10817307692307693
0 0.7307692307692307 0.6598557692307693 0.0625 0.046875
0 0.5204326923076923 0.26802884615384615 0.03485576923076923 0.037259615384615384
0 0.5480769230769231 0.27283653846153844 0.03125 0.025240384615384616
0 0.5540865384615384 0.30288461538461536 0.038461538461538464 0.038461538461538464