0 0.7620192307692307 0.20673076923076922 0.037259615384615384 0.078125
0 0.7980769230769231 0.15625 0.030048076923076924 0.056490384615384616
0 0.36778846153846156 0.4963942307692308 0.027644230769230768 0.055288461538461536
0 0.18509615384615385 0.4699519230769231 0.04567307692307692 0.078125
0 0.1346153846153846 0.6129807692307693 0.040865384615384616 0.078125
0 0.08052884615384616 0.3161057692307692 0.03245192307692308 0.037259615384615384
0 0.7091346153846154 0.8918269230769231 0.055288461538461536 0.171875
0 0.7692307692307693 0.9627403846153846 0.036057692307692304 0.06971153846153846
0 0.7007211538461539 0.10817307692307693 0.025240384615384616 0.06971153846153846
0 0.6622596153846154 0.09975961538461539 0.025240384615384616 0.06610576923076923
0 0.45913461538461536 0.5252403846153846 0.030048076923076924 0.0625
0 0.6971153846153846 0.4254807692307692 0.026442307692307692 0.07451923076923077
0 0.7115384615384616 0.026442307692307692 0.027644230769230768 0.03485576923076923
0 0.7932692307692307 0.3918269230769231 0.02403846153846154 0.06850961538461539
0 0.7944711538461539 0.33774038461538464 0.03485576923076923 0.027644230769230768
0 0.7620192307692307 0.4735576923076923 0.020432692307692308 0.05048076923076923
0 0.7199519230769231 0.515625 0.025240384615384616 0.0625
0 0.8004807692307693 0.4987980769230769 0.026442307692307692 0.057692307692307696