0 0.18028846153846154 0.9098557692307693 0.25600961538461536 0.1658653846153846
0 0.4795673076923077 0.9110576923076923 0.25961538461538464 0.17548076923076922
0 0.7199519230769231 0.7247596153846154 0.46153846153846156 0.21754807692307693
0 0.6622596153846154 0.125 0.34375 0.19230769230769232
0 0.5072115384615384 0.9074519230769231 0.27524038461538464 0.1814903846153846
0 0.9302884615384616 0.6033653846153846 0.13581730769230768 0.15985576923076922
0 0.2692307692307692 0.5432692307692307 0.23557692307692307 0.14903846153846154
0 0.8737980769230769 0.3425480769230769 0.25 0.14903846153846154
0 0.4543269230769231 0.7403846153846154 0.12379807692307693 0.1310096153846154
0 0.35096153846153844 0.40625 0.2127403846153846 0.12860576923076922
0 0.20192307692307693 0.39663461538461536 0.21153846153846154 0.12379807692307693
0 0.04567307692307692 0.7980769230769231 0.09014423076923077 0.11538461538461539
0 0.41586538461538464 0.3786057692307692 0.2848557692307692 0.11899038461538461
0 0.9435096153846154 0.21514423076923078 0.11057692307692307 0.11538461538461539
0 0.84375 0.39903846153846156 0.3088942307692308 0.11899038461538461
0 0.11057692307692307 0.7752403846153846 0.1346153846153846 0.10817307692307693
0 0.5661057692307693 0.8293269230769231 0.4326923076923077 0.11778846153846154
0 0.7776442307692307 0.9891826923076923 0.24278846153846154 0.019230769230769232
0 0.5480769230769231 0.2764423076923077 0.2403846153846154 0.10576923076923077
0 0.25841346153846156 0.6899038461538461 0.1971153846153846 0.10336538461538461
0 0.9759615384615384 0.8894230769230769 0.021634615384615384 0.09735576923076923
0 0.05048076923076923 0.14543269230769232 0.07932692307692307 0.09735576923076923
0 0.5324519230769231 0.5805288461538461 0.2608173076923077 0.09375
0 0.3786057692307692 0.3161057692307692 0.2548076923076923 0.09014423076923077
0 0.8401442307692307 0.05048076923076923 0.3173076923076923 0.08774038461538461
0 0.1045673076923077 0.5793269230769231 0.1778846153846154 0.078125
0 0.07211538461538461 0.26322115384615385 0.056490384615384616 0.06971153846153846
0 0.040865384615384616 0.4338942307692308 0.078125 0.06971153846153846
0 0.09975961538461539 0.5252403846153846 0.1658653846153846 0.07211538461538461
0 0.13701923076923078 0.3605769230769231 0.14423076923076922 0.0673076923076923
0 0.5372596153846154 0.037259615384615384 0.23918269230769232 0.06610576923076923
0 0.04326923076923077 0.6033653846153846 0.08653846153846154 0.057692307692307696
0 0.030048076923076924 0.01201923076923077 0.027644230769230768 0.02403846153846154
0 0.2800480769230769 0.01201923076923077 0.0889423076923077 0.02403846153846154
0 0.23197115384615385 0.15144230769230768 0.25961538461538464 0.10096153846153846