0 0.35096153846153844 0.08413461538461539 0.34375 0.14903846153846154
4 0.45072115384615385 0.4230769230769231 0.40625 0.13581730769230768
0 0.9314903846153846 0.20432692307692307 0.13221153846153846 0.09495192307692307
0 0.9134615384615384 0.28725961538461536 0.17067307692307693 0.09495192307692307
4 0.734375 0.6141826923076923 0.18870192307692307 0.078125
0 0.07692307692307693 0.18389423076923078 0.12379807692307693 0.0673076923076923
0 0.7560096153846154 0.7043269230769231 0.10817307692307693 0.0625
4 0.49038461538461536 0.6995192307692307 0.06370192307692307 0.040865384615384616
0 0.30528846153846156 0.4543269230769231 0.052884615384615384 0.03485576923076923
0 0.5036057692307693 0.33653846153846156 0.07211538461538461 0.03245192307692308
6 0.9435096153846154 0.8088942307692307 0.08173076923076923 0.036057692307692304
0 0.7463942307692307 0.5228365384615384 0.09975961538461539 0.03125
0 0.3629807692307692 0.5252403846153846 0.040865384615384616 0.027644230769230768
0 0.6526442307692307 0.46033653846153844 0.0733173076923077 0.030048076923076924
0 0.4254807692307692 0.4411057692307692 0.08653846153846154 0.030048076923076924
0 0.2608173076923077 0.5600961538461539 0.03485576923076923 0.02403846153846154
0 0.34134615384615385 0.5408653846153846 0.040865384615384616 0.021634615384615384
0 0.3004807692307692 0.5661057692307693 0.03245192307692308 0.020432692307692308
0 0.3894230769230769 0.5240384615384616 0.009615384615384616 0.019230769230769232
0 0.375 0.5697115384615384 0.025240384615384616 0.014423076923076924
0 0.36778846153846156 0.5492788461538461 0.02403846153846154 0.01201923076923077
0 0.3125 0.5576923076923077 0.027644230769230768 0.010817307692307692
0 0.4170673076923077 0.5721153846153846 0.02403846153846154 0.010817307692307692