1 0.9314903846153846 0.14302884615384615 0.13221153846153846 0.13942307692307693
1 0.9110576923076923 0.7259615384615384 0.15264423076923078 0.12620192307692307
1 0.20552884615384615 0.47115384615384615 0.15144230769230768 0.11298076923076923
1 0.9507211538461539 0.421875 0.09495192307692307 0.10336538461538461
1 0.6033653846153846 0.7175480769230769 0.17668269230769232 0.09495192307692307
1 0.7728365384615384 0.8882211538461539 0.09495192307692307 0.09495192307692307
1 0.9314903846153846 0.5024038461538461 0.13581730769230768 0.09375
1 0.6165865384615384 0.5348557692307693 0.12980769230769232 0.0889423076923077
1 0.0829326923076923 0.2608173076923077 0.15745192307692307 0.0889423076923077
1 0.5649038461538461 0.8942307692307693 0.14543269230769232 0.07932692307692307
1 0.41346153846153844 0.9567307692307693 0.11778846153846154 0.0733173076923077
1 0.9026442307692307 0.9519230769230769 0.15625 0.0733173076923077
1 0.5096153846153846 0.53125 0.15144230769230768 0.06850961538461539
1 0.7259615384615384 0.5625 0.14182692307692307 0.057692307692307696
1 0.3918269230769231 0.5408653846153846 0.12620192307692307 0.05048076923076923