4 0.7920673076923077 0.04927884615384615 0.35336538461538464 0.0985576923076923
4 0.9567307692307693 0.1141826923076923 0.038461538461538464 0.12379807692307693
4 0.8305288461538461 0.4014423076923077 0.1971153846153846 0.10096153846153846
4 0.48677884615384615 0.2776442307692308 0.14423076923076922 0.09375
4 0.17307692307692307 0.40865384615384615 0.2860576923076923 0.09495192307692307
0 0.8221153846153846 0.056490384615384616 0.14543269230769232 0.0673076923076923
0 0.42788461538461536 0.10817307692307693 0.11057692307692307 0.06129807692307692
0 0.10336538461538461 0.14302884615384615 0.0889423076923077 0.052884615384615384
0 0.6237980769230769 0.20072115384615385 0.13221153846153846 0.055288461538461536
0 0.27403846153846156 0.1778846153846154 0.10336538461538461 0.05048076923076923
0 0.03485576923076923 0.29447115384615385 0.06850961538461539 0.051682692307692304
0 0.7644230769230769 0.12620192307692307 0.15625 0.051682692307692304
0 0.5961538461538461 0.18389423076923078 0.1310096153846154 0.05048076923076923
0 0.32211538461538464 0.20552884615384615 0.11538461538461539 0.046875
0 0.3473557692307692 0.16826923076923078 0.13581730769230768 0.04807692307692308
0 0.1310096153846154 0.21153846153846154 0.1045673076923077 0.046875
0 0.7860576923076923 0.13341346153846154 0.13581730769230768 0.04807692307692308
0 0.2247596153846154 0.1935096153846154 0.07451923076923077 0.04326923076923077
0 0.3449519230769231 0.15384615384615385 0.09975961538461539 0.04326923076923077
6 0.5012019230769231 0.5384615384615384 0.10576923076923077 0.04326923076923077
0 0.04326923076923077 0.1875 0.08653846153846154 0.04326923076923077
0 0.3088942307692308 0.49399038461538464 0.0985576923076923 0.040865384615384616
0 0.41586538461538464 0.14182692307692307 0.09254807692307693 0.040865384615384616
0 0.17067307692307693 0.1622596153846154 0.09975961538461539 0.040865384615384616
0 0.20793269230769232 0.49278846153846156 0.0829326923076923 0.03245192307692308