1 0.2548076923076923 0.24278846153846154 0.22235576923076922 0.12620192307692307
1 0.3317307692307692 0.36538461538461536 0.20192307692307693 0.09375
1 0.18629807692307693 0.6153846153846154 0.12620192307692307 0.078125
1 0.030048076923076924 0.7632211538461539 0.056490384615384616 0.07211538461538461
1 0.5396634615384616 0.7127403846153846 0.12980769230769232 0.0673076923076923
1 0.1778846153846154 0.9771634615384616 0.1875 0.04326923076923077
1 0.8689903846153846 0.7896634615384616 0.0625 0.057692307692307696
1 0.6418269230769231 0.47475961538461536 0.12379807692307693 0.056490384615384616
1 0.49399038461538464 0.37740384615384615 0.09735576923076923 0.05048076923076923
1 0.4423076923076923 0.7283653846153846 0.08173076923076923 0.046875
1 0.7668269230769231 0.019230769230769232 0.203125 0.038461538461538464
1 0.8798076923076923 0.5036057692307693 0.07451923076923077 0.040865384615384616
1 0.09735576923076923 0.8509615384615384 0.07692307692307693 0.040865384615384616
1 0.9651442307692307 0.4050480769230769 0.04326923076923077 0.036057692307692304
1 0.007211538461538462 0.6550480769230769 0.01201923076923077 0.03245192307692308
1 0.2824519230769231 0.4699519230769231 0.09014423076923077 0.03125
1 0.18629807692307693 0.3713942307692308 0.052884615384615384 0.03125
1 0.17067307692307693 0.7848557692307693 0.056490384615384616 0.027644230769230768
1 0.7199519230769231 0.6274038461538461 0.0733173076923077 0.025240384615384616
1 0.6754807692307693 0.9591346153846154 0.10336538461538461 0.06129807692307692