4 0.20432692307692307 0.28846153846153844 0.07451923076923077 0.15625
4 0.49158653846153844 0.11778846153846154 0.11298076923076923 0.09375
4 0.3161057692307692 0.5709134615384616 0.09014423076923077 0.08173076923076923
0 0.4338942307692308 0.8004807692307693 0.03125 0.05889423076923077
0 0.2439903846153846 0.9158653846153846 0.026442307692307692 0.052884615384615384
0 0.4567307692307692 0.49278846153846156 0.020432692307692308 0.05048076923076923
0 0.6694711538461539 0.6862980769230769 0.015625 0.04326923076923077
0 0.2644230769230769 0.6574519230769231 0.020432692307692308 0.037259615384615384
0 0.23317307692307693 0.6262019230769231 0.019230769230769232 0.03125
0 0.6911057692307693 0.7740384615384616 0.015625 0.027644230769230768
0 0.6033653846153846 0.7019230769230769 0.025240384615384616 0.026442307692307692
0 0.375 0.8389423076923077 0.03245192307692308 0.026442307692307692
0 0.3557692307692308 0.3401442307692308 0.009615384615384616 0.025240384615384616
0 0.35096153846153844 0.43149038461538464 0.009615384615384616 0.025240384615384616
0 0.2920673076923077 0.6490384615384616 0.015625 0.025240384615384616
0 0.3293269230769231 0.36538461538461536 0.01201923076923077 0.019230769230769232
0 0.3557692307692308 0.2608173076923077 0.010817307692307692 0.015625
0 0.28846153846153844 0.8870192307692307 0.027644230769230768 0.015625
0 0.17427884615384615 0.19471153846153846 0.006009615384615385 0.010817307692307692
0 0.6225961538461539 0.6862980769230769 0.019230769230769232 0.009615384615384616
4 0.5625 0.6550480769230769 0.0625 0.1778846153846154