0 0.5901442307692307 0.6658653846153846 0.1935096153846154 0.3004807692307692
0 0.14783653846153846 0.5745192307692307 0.1814903846153846 0.27524038461538464
0 0.78125 0.5456730769230769 0.10576923076923077 0.2536057692307692
0 0.47716346153846156 0.28846153846153844 0.13701923076923078 0.2127403846153846
0 0.5012019230769231 0.3942307692307692 0.07692307692307693 0.15264423076923078
0 0.5949519230769231 0.4963942307692308 0.109375 0.09014423076923077
0 0.30649038461538464 0.7067307692307693 0.16346153846153846 0.08774038461538461
0 0.4254807692307692 0.7932692307692307 0.23798076923076922 0.0829326923076923
0 0.8365384615384616 0.8185096153846154 0.056490384615384616 0.08173076923076923
0 0.7692307692307693 0.8221153846153846 0.07211538461538461 0.07451923076923077
0 0.6141826923076923 0.8882211538461539 0.1502403846153846 0.07451923076923077
0 0.7644230769230769 0.7536057692307693 0.0733173076923077 0.07211538461538461
0 0.7680288461538461 0.9663461538461539 0.09375 0.06610576923076923
0 0.9447115384615384 0.8966346153846154 0.10817307692307693 0.07211538461538461
0 0.9158653846153846 0.953125 0.056490384615384616 0.0625
0 0.8581730769230769 0.8918269230769231 0.09375 0.056490384615384616