1 0.7247596153846154 0.5673076923076923 0.2800480769230769 0.17668269230769232
1 0.3401442307692308 0.6370192307692307 0.2692307692307692 0.1466346153846154
1 0.2403846153846154 0.45913461538461536 0.23076923076923078 0.15504807692307693
1 0.3870192307692308 0.5625 0.2091346153846154 0.1045673076923077
1 0.7740384615384616 0.7596153846153846 0.16826923076923078 0.12980769230769232
1 0.9002403846153846 0.9050480769230769 0.1971153846153846 0.14903846153846154
1 0.4254807692307692 0.8401442307692307 0.22596153846153846 0.14182692307692307
1 0.30528846153846156 0.8185096153846154 0.2848557692307692 0.15625
1 0.18509615384615385 0.7572115384615384 0.2283653846153846 0.12139423076923077
1 0.1658653846153846 0.9170673076923077 0.2776442307692308 0.09495192307692307
1 0.3173076923076923 0.9555288461538461 0.2247596153846154 0.08653846153846154
1 0.08052884615384616 0.33052884615384615 0.16105769230769232 0.14543269230769232
1 0.3137019230769231 0.14423076923076922 0.3545673076923077 0.1466346153846154
1 0.7716346153846154 0.04927884615384615 0.3269230769230769 0.0985576923076923
1 0.6201923076923077 0.1310096153846154 0.21875 0.15264423076923078
1 0.8798076923076923 0.24519230769230768 0.2127403846153846 0.1622596153846154
1 0.8966346153846154 0.08533653846153846 0.15504807692307693 0.109375
1 0.3762019230769231 0.03245192307692308 0.27163461538461536 0.06490384615384616
1 0.44350961538461536 0.34615384615384615 0.1622596153846154 0.2403846153846154
1 0.6129807692307693 0.38461538461538464 0.15264423076923078 0.12139423076923077
1 0.06129807692307692 0.11177884615384616 0.12259615384615384 0.17548076923076922
1 0.9362980769230769 0.6298076923076923 0.125 0.11298076923076923
1 0.8401442307692307 0.6153846153846154 0.2536057692307692 0.14543269230769232
1 0.5588942307692307 0.6466346153846154 0.2536057692307692 0.1310096153846154
1 0.09014423076923077 0.6189903846153846 0.171875 0.125
1 0.34975961538461536 0.2127403846153846 0.2512019230769231 0.08173076923076923
1 0.36538461538461536 0.31971153846153844 0.08774038461538461 0.04807692307692308
1 0.30408653846153844 0.2776442307692308 0.20673076923076922 0.1045673076923077
1 0.14423076923076922 0.9807692307692307 0.16826923076923078 0.03485576923076923
1 0.6730769230769231 0.7487980769230769 0.13581730769230768 0.05889423076923077
1 0.9519230769230769 0.5805288461538461 0.09375 0.0733173076923077