2 0.5600961538461539 0.5769230769230769 0.12379807692307693 0.1045673076923077
2 0.8377403846153846 0.49399038461538464 0.06850961538461539 0.09375
2 0.4206730769230769 0.5348557692307693 0.07451923076923077 0.0889423076923077
2 0.6490384615384616 0.5276442307692307 0.036057692307692304 0.07211538461538461
2 0.7596153846153846 0.4879807692307692 0.06610576923076923 0.0673076923076923
2 0.6983173076923077 0.5012019230769231 0.04567307692307692 0.056490384615384616
2 0.040865384615384616 0.5516826923076923 0.08173076923076923 0.046875
2 0.2536057692307692 0.5552884615384616 0.042067307692307696 0.038461538461538464
2 0.9495192307692307 0.5120192307692307 0.030048076923076924 0.037259615384615384
2 0.08173076923076923 0.49038461538461536 0.037259615384615384 0.036057692307692304
2 0.9903846153846154 0.5228365384615384 0.016826923076923076 0.036057692307692304
2 0.17548076923076922 0.5072115384615384 0.020432692307692308 0.025240384615384616