0 0.7259615384615384 0.20432692307692307 0.038461538461538464 0.07692307692307693
0 0.7536057692307693 0.1502403846153846 0.030048076923076924 0.055288461538461536
0 0.390625 0.53125 0.027644230769230768 0.052884615384615384
0 0.21394230769230768 0.5300480769230769 0.04567307692307692 0.07692307692307693
0 0.18509615384615385 0.671875 0.040865384615384616 0.07692307692307693
0 0.09375 0.39663461538461536 0.03245192307692308 0.037259615384615384
0 0.014423076923076924 0.5012019230769231 0.028846153846153848 0.19951923076923078
0 0.7668269230769231 0.8605769230769231 0.057692307692307696 0.1658653846153846
0 0.8341346153846154 0.9278846153846154 0.036057692307692304 0.0829326923076923
0 0.6550480769230769 0.11778846153846154 0.026442307692307692 0.06850961538461539
0 0.6177884615384616 0.11538461538461539 0.025240384615384616 0.0625
0 0.4807692307692308 0.546875 0.03125 0.05889423076923077
0 0.6935096153846154 0.4206730769230769 0.027644230769230768 0.0733173076923077
0 0.6538461538461539 0.030048076923076924 0.027644230769230768 0.05048076923076923
0 0.7800480769230769 0.375 0.025240384615384616 0.06610576923076923
0 0.7752403846153846 0.3233173076923077 0.03245192307692308 0.027644230769230768
0 0.7620192307692307 0.4567307692307692 0.021634615384615384 0.046875
0 0.7271634615384616 0.5024038461538461 0.026442307692307692 0.06129807692307692
0 0.8004807692307693 0.47475961538461536 0.027644230769230768 0.056490384615384616