1 0.6826923076923077 0.7091346153846154 0.1466346153846154 0.23076923076923078
1 0.7127403846153846 0.13581730769230768 0.0889423076923077 0.20793269230769232
1 0.7451923076923077 0.8088942307692307 0.15144230769230768 0.19951923076923078
1 0.3233173076923077 0.7463942307692307 0.09735576923076923 0.19230769230769232
1 0.7896634615384616 0.4807692307692308 0.14423076923076922 0.19230769230769232
1 0.25600961538461536 0.8425480769230769 0.10576923076923077 0.18629807692307693
1 0.19110576923076922 0.4807692307692308 0.11538461538461539 0.18629807692307693
1 0.8617788461538461 0.5576923076923077 0.12379807692307693 0.17548076923076922
1 0.6237980769230769 0.7355769230769231 0.11298076923076923 0.171875
1 0.015625 0.6262019230769231 0.03125 0.17067307692307693
1 0.7548076923076923 0.18028846153846154 0.07692307692307693 0.1622596153846154
1 0.5120192307692307 0.13942307692307693 0.06129807692307692 0.16105769230769232
1 0.40384615384615385 0.4074519230769231 0.14182692307692307 0.1658653846153846
1 0.3954326923076923 0.8269230769230769 0.08413461538461539 0.15985576923076922
1 0.4579326923076923 0.2127403846153846 0.0625 0.15625
1 0.3737980769230769 0.4987980769230769 0.11538461538461539 0.16105769230769232
1 0.59375 0.27403846153846156 0.12860576923076922 0.16105769230769232
1 0.6045673076923077 0.20432692307692307 0.07692307692307693 0.15144230769230768
1 0.28846153846153844 0.4807692307692308 0.109375 0.15144230769230768
1 0.2247596153846154 0.3701923076923077 0.08413461538461539 0.14903846153846154
1 0.1622596153846154 0.33052884615384615 0.078125 0.1466346153846154
1 0.11538461538461539 0.6430288461538461 0.0889423076923077 0.1466346153846154
1 0.8449519230769231 0.7764423076923077 0.11778846153846154 0.14903846153846154
1 0.49038461538461536 0.6550480769230769 0.11899038461538461 0.14903846153846154
1 0.6394230769230769 0.9122596153846154 0.0985576923076923 0.1466346153846154
1 0.9387019230769231 0.1045673076923077 0.1201923076923077 0.1466346153846154
1 0.5925480769230769 0.6225961538461539 0.09735576923076923 0.140625
1 0.6538461538461539 0.43509615384615385 0.16105769230769232 0.13942307692307693
1 0.28846153846153844 0.09615384615384616 0.1045673076923077 0.13221153846153846
1 0.23798076923076922 0.2403846153846154 0.109375 0.13221153846153846
1 0.28365384615384615 0.6778846153846154 0.05889423076923077 0.125
1 0.4987980769230769 0.484375 0.0889423076923077 0.12379807692307693
1 0.3954326923076923 0.2692307692307692 0.06370192307692307 0.12139423076923077
1 0.4519230769230769 0.051682692307692304 0.07451923076923077 0.10336538461538461
1 0.5408653846153846 0.054086538461538464 0.06610576923076923 0.10817307692307693
1 0.3161057692307692 0.40024038461538464 0.07932692307692307 0.1141826923076923
1 0.6213942307692307 0.9543269230769231 0.12620192307692307 0.0889423076923077
1 0.7403846153846154 0.5576923076923077 0.08413461538461539 0.11298076923076923
1 0.109375 0.3581730769230769 0.055288461538461536 0.109375
1 0.11298076923076923 0.7680288461538461 0.09975961538461539 0.11057692307692307
1 0.25721153846153844 0.3317307692307692 0.05048076923076923 0.10096153846153846
1 0.5769230769230769 0.5024038461538461 0.06610576923076923 0.09735576923076923
1 0.11538461538461539 0.28725961538461536 0.0673076923076923 0.09735576923076923
1 0.6598557692307693 0.5168269230769231 0.09014423076923077 0.09495192307692307
1 0.2644230769230769 0.03245192307692308 0.09615384615384616 0.06490384615384616
1 0.8028846153846154 0.20793269230769232 0.0829326923076923 0.09254807692307693
1 0.7704326923076923 0.38461538461538464 0.0673076923076923 0.08774038461538461
1 0.6682692307692307 0.35096153846153844 0.08774038461538461 0.08774038461538461
1 0.31971153846153844 0.6069711538461539 0.06129807692307692 0.07932692307692307
1 0.34615384615384615 0.7283653846153846 0.10096153846153846 0.08173076923076923
1 0.39903846153846156 0.9387019230769231 0.055288461538461536 0.078125
1 0.49399038461538464 0.38822115384615385 0.09735576923076923 0.07932692307692307
1 0.6081730769230769 0.8449519230769231 0.109375 0.078125
1 0.3389423076923077 0.33052884615384615 0.04807692307692308 0.06850961538461539
1 0.051682692307692304 0.6262019230769231 0.06850961538461539 0.06610576923076923
1 0.7848557692307693 0.5745192307692307 0.03485576923076923 0.057692307692307696