2 0.3557692307692308 0.4519230769230769 0.10096153846153846 0.11538461538461539
2 0.3137019230769231 0.4519230769230769 0.040865384615384616 0.10336538461538461
2 0.8161057692307693 0.5072115384615384 0.06129807692307692 0.06850961538461539
2 0.9675480769230769 0.5228365384615384 0.06129807692307692 0.0673076923076923
2 0.021634615384615384 0.5192307692307693 0.04326923076923077 0.0673076923076923
2 0.7764423076923077 0.5144230769230769 0.0673076923076923 0.055288461538461536
2 0.6069711538461539 0.47475961538461536 0.055288461538461536 0.055288461538461536
2 0.5552884615384616 0.4855769230769231 0.06610576923076923 0.052884615384615384
2 0.4891826923076923 0.4723557692307692 0.055288461538461536 0.04567307692307692
2 0.6935096153846154 0.6490384615384616 0.203125 0.040865384615384616
2 0.0733173076923077 0.5 0.026442307692307692 0.03125
2 0.05048076923076923 0.4963942307692308 0.021634615384615384 0.036057692307692304