0 0.8185096153846154 0.4723557692307692 0.2932692307692308 0.14182692307692307
0 0.18870192307692307 0.45552884615384615 0.2764423076923077 0.140625
0 0.6262019230769231 0.5336538461538461 0.16706730769230768 0.1346153846153846
4 0.5504807692307693 0.0985576923076923 0.7608173076923077 0.1346153846153846
0 0.2608173076923077 0.5877403846153846 0.3112980769230769 0.12379807692307693
0 0.14783653846153846 0.3004807692307692 0.1658653846153846 0.1141826923076923
0 0.24278846153846154 0.3942307692307692 0.2776442307692308 0.1045673076923077
0 0.49038461538461536 0.27403846153846156 0.23076923076923078 0.09495192307692307
0 0.5612980769230769 0.36538461538461536 0.2512019230769231 0.09014423076923077
0 0.4855769230769231 0.4387019230769231 0.20192307692307693 0.0889423076923077
0 0.7524038461538461 0.33774038461538464 0.24639423076923078 0.08774038461538461
0 0.8341346153846154 0.23557692307692307 0.15144230769230768 0.06129807692307692
0 0.04567307692307692 0.20552884615384615 0.0625 0.056490384615384616
0 0.25841346153846156 0.20432692307692307 0.0985576923076923 0.051682692307692304
0 0.8377403846153846 0.109375 0.06610576923076923 0.040865384615384616
0 0.9086538461538461 0.04326923076923077 0.04567307692307692 0.036057692307692304
0 0.7487980769230769 0.052884615384615384 0.057692307692307696 0.026442307692307692
0 0.32091346153846156 0.078125 0.0673076923076923 0.021634615384615384
0 0.6742788461538461 0.08052884615384616 0.056490384615384616 0.019230769230769232