4 0.5420673076923077 0.5240384615384616 0.8076923076923077 0.4326923076923077
0 0.08653846153846154 0.5492788461538461 0.07692307692307693 0.037259615384615384
0 0.052884615384615384 0.44711538461538464 0.030048076923076924 0.03485576923076923
0 0.03365384615384615 0.5036057692307693 0.0673076923076923 0.03485576923076923
0 0.3088942307692308 0.29086538461538464 0.11899038461538461 0.03125
0 0.052884615384615384 0.4182692307692308 0.019230769230769232 0.030048076923076924
0 0.03245192307692308 0.5985576923076923 0.06370192307692307 0.030048076923076924
0 0.06129807692307692 0.5240384615384616 0.09254807692307693 0.026442307692307692
0 0.1778846153846154 0.25961538461538464 0.10336538461538461 0.026442307692307692
0 0.027644230769230768 0.5612980769230769 0.055288461538461536 0.02403846153846154
0 0.16466346153846154 0.5384615384615384 0.0673076923076923 0.02403846153846154
0 0.14182692307692307 0.5480769230769231 0.06129807692307692 0.02403846153846154