0 0.25721153846153844 0.10817307692307693 0.1045673076923077 0.20192307692307693
4 0.6430288461538461 0.5240384615384616 0.25721153846153844 0.14903846153846154
0 0.42908653846153844 0.203125 0.16826923076923078 0.14423076923076922
0 0.13221153846153846 0.30649038461538464 0.07932692307692307 0.078125
4 0.27163461538461536 0.6177884615384616 0.12379807692307693 0.07692307692307693
0 0.21995192307692307 0.40024038461538464 0.140625 0.0733173076923077
4 0.06370192307692307 0.7115384615384616 0.11538461538461539 0.0733173076923077
0 0.02403846153846154 0.4098557692307692 0.04807692307692308 0.06971153846153846
0 0.30649038461538464 0.3605769230769231 0.16706730769230768 0.0625
0 0.036057692307692304 0.3389423076923077 0.07211538461538461 0.05889423076923077
0 0.06850961538461539 0.4519230769230769 0.05889423076923077 0.051682692307692304
0 0.06850961538461539 0.38100961538461536 0.078125 0.04567307692307692
0 0.20432692307692307 0.28725961538461536 0.06850961538461539 0.036057692307692304
0 0.17307692307692307 0.3173076923076923 0.07211538461538461 0.036057692307692304
0 0.11778846153846154 0.09134615384615384 0.12620192307692307 0.15985576923076922