1 0.39783653846153844 0.8786057692307693 0.2091346153846154 0.13581730769230768
1 0.4110576923076923 0.31971153846153844 0.15985576923076922 0.10336538461538461
1 0.23557692307692307 0.9362980769230769 0.15504807692307693 0.08653846153846154
1 0.1502403846153846 0.2800480769230769 0.12139423076923077 0.08173076923076923
1 0.9266826923076923 0.5240384615384616 0.1045673076923077 0.06850961538461539
1 0.3786057692307692 0.21995192307692307 0.11298076923076923 0.0625
1 0.2848557692307692 0.4375 0.10817307692307693 0.05889423076923077
1 0.6105769230769231 0.8377403846153846 0.08774038461538461 0.056490384615384616
1 0.9651442307692307 0.6995192307692307 0.038461538461538464 0.052884615384615384
1 0.5420673076923077 0.6358173076923077 0.07211538461538461 0.05048076923076923
1 0.5564903846153846 0.046875 0.09495192307692307 0.04807692307692308
1 0.9579326923076923 0.6009615384615384 0.07211538461538461 0.038461538461538464
1 0.6105769230769231 0.18389423076923078 0.06610576923076923 0.038461538461538464
1 0.9567307692307693 0.6394230769230769 0.06610576923076923 0.036057692307692304
1 0.8076923076923077 0.8533653846153846 0.046875 0.02403846153846154
1 0.8894230769230769 0.7055288461538461 0.051682692307692304 0.02403846153846154
1 0.39903846153846156 0.3942307692307692 0.0625 0.02403846153846154
1 0.4795673076923077 0.7259615384615384 0.036057692307692304 0.020432692307692308