0 0.30649038461538464 0.0889423076923077 0.11298076923076923 0.1778846153846154
4 0.6466346153846154 0.5288461538461539 0.2608173076923077 0.15745192307692307
0 0.4675480769230769 0.18870192307692307 0.171875 0.1502403846153846
0 0.1622596153846154 0.2608173076923077 0.08173076923076923 0.08173076923076923
4 0.26802884615384615 0.5841346153846154 0.125 0.07932692307692307
0 0.23918269230769232 0.3629807692307692 0.14182692307692307 0.078125
4 0.055288461538461536 0.6550480769230769 0.11057692307692307 0.07692307692307693
0 0.037259615384615384 0.35096153846153844 0.06129807692307692 0.06971153846153846
0 0.3293269230769231 0.3329326923076923 0.16826923076923078 0.0673076923076923
0 0.055288461538461536 0.2824519230769231 0.08653846153846154 0.06129807692307692
0 0.0829326923076923 0.39903846153846156 0.06129807692307692 0.052884615384615384
0 0.09014423076923077 0.3293269230769231 0.07932692307692307 0.04807692307692308
0 0.23557692307692307 0.24879807692307693 0.06850961538461539 0.038461538461538464
0 0.19951923076923078 0.27524038461538464 0.0733173076923077 0.038461538461538464
0 0.16947115384615385 0.06370192307692307 0.13221153846153846 0.12740384615384615