0 0.0985576923076923 0.6009615384615384 0.125 0.0829326923076923
0 0.026442307692307692 0.5384615384615384 0.052884615384615384 0.078125
0 0.3076923076923077 0.6081730769230769 0.12980769230769232 0.05889423076923077
0 0.21634615384615385 0.2247596153846154 0.125 0.056490384615384616
0 0.27524038461538464 0.17307692307692307 0.1502403846153846 0.056490384615384616
0 0.07091346153846154 0.2692307692307692 0.12620192307692307 0.052884615384615384
0 0.5528846153846154 0.46153846153846156 0.0829326923076923 0.036057692307692304
0 0.4519230769230769 0.49038461538461536 0.08413461538461539 0.030048076923076924
0 0.5372596153846154 0.4230769230769231 0.06370192307692307 0.026442307692307692
0 0.4362980769230769 0.4074519230769231 0.03485576923076923 0.009615384615384616
6 0.5877403846153846 0.3870192307692308 0.4098557692307692 0.10336538461538461