4 0.5516826923076923 0.07451923076923077 0.31850961538461536 0.125
4 0.06971153846153846 0.040865384615384616 0.13942307692307693 0.08173076923076923
6 0.7427884615384616 0.43028846153846156 0.23918269230769232 0.08774038461538461
6 0.3449519230769231 0.5841346153846154 0.1778846153846154 0.06610576923076923
0 0.7692307692307693 0.30528846153846156 0.15985576923076922 0.055288461538461536
0 0.4795673076923077 0.4026442307692308 0.21875 0.046875
0 0.12139423076923077 0.2764423076923077 0.16346153846153846 0.046875
0 0.3918269230769231 0.021634615384615384 0.09735576923076923 0.042067307692307696
0 0.8221153846153846 0.04807692307692308 0.12139423076923077 0.040865384615384616
0 0.9903846153846154 0.18028846153846154 0.019230769230769232 0.040865384615384616
4 0.8269230769230769 0.11778846153846154 0.08173076923076923 0.037259615384615384
0 0.9302884615384616 0.04927884615384615 0.09975961538461539 0.037259615384615384
0 0.9879807692307693 0.04567307692307692 0.02403846153846154 0.036057692307692304
0 0.5793269230769231 0.1502403846153846 0.038461538461538464 0.03485576923076923
0 0.9567307692307693 0.08052884615384616 0.0829326923076923 0.036057692307692304
0 0.5697115384615384 0.003605769230769231 0.055288461538461536 0.007211538461538462
4 0.33052884615384615 0.31971153846153844 0.15625 0.03125
0 0.8786057692307693 0.08533653846153846 0.0889423076923077 0.03125
0 0.7560096153846154 0.09134615384615384 0.0733173076923077 0.030048076923076924
6 0.15264423076923078 0.38461538461538464 0.12620192307692307 0.027644230769230768
6 0.5745192307692307 0.32091346153846156 0.08413461538461539 0.021634615384615384
0 0.9326923076923077 0.17908653846153846 0.052884615384615384 0.021634615384615384