0 0.21153846153846154 0.9026442307692307 0.25 0.19110576923076922
0 0.5 0.8894230769230769 0.25 0.20793269230769232
0 0.71875 0.6730769230769231 0.44711538461538464 0.2091346153846154
0 0.6225961538461539 0.09975961538461539 0.3329326923076923 0.18629807692307693
0 0.5252403846153846 0.8689903846153846 0.2644230769230769 0.18269230769230768
0 0.9230769230769231 0.5420673076923077 0.15144230769230768 0.15625
0 0.27163461538461536 0.5300480769230769 0.2283653846153846 0.14182692307692307
0 0.8581730769230769 0.2932692307692308 0.27403846153846156 0.14182692307692307
0 0.4639423076923077 0.7067307692307693 0.11899038461538461 0.12620192307692307
0 0.34134615384615385 0.3918269230769231 0.20673076923076922 0.12379807692307693
0 0.1971153846153846 0.3918269230769231 0.20432692307692307 0.11899038461538461
0 0.0625 0.7908653846153846 0.10817307692307693 0.11057692307692307
0 0.4026442307692308 0.3605769230769231 0.2764423076923077 0.11538461538461539
0 0.9182692307692307 0.1658653846153846 0.14423076923076922 0.11057692307692307
0 0.8233173076923077 0.34975961538461536 0.3137019230769231 0.11298076923076923
0 0.1346153846153846 0.7644230769230769 0.1310096153846154 0.1045673076923077
0 0.578125 0.7848557692307693 0.4182692307692308 0.11298076923076923
0 0.7932692307692307 0.9543269230769231 0.234375 0.078125
0 0.5228365384615384 0.2536057692307692 0.23317307692307693 0.10336538461538461
0 0.27163461538461536 0.6706730769230769 0.19110576923076922 0.09975961538461539
0 0.9819711538461539 0.8149038461538461 0.03245192307692308 0.09495192307692307
0 0.036057692307692304 0.15985576923076922 0.07211538461538461 0.09495192307692307
0 0.5276442307692307 0.5480769230769231 0.2512019230769231 0.09014423076923077
0 0.36177884615384615 0.30288461538461536 0.24639423076923078 0.08774038461538461
0 0.8100961538461539 0.028846153846153848 0.3485576923076923 0.057692307692307696
0 0.11538461538461539 0.5745192307692307 0.171875 0.07451923076923077
0 0.02283653846153846 0.875 0.021634615384615384 0.0673076923076923
0 0.06370192307692307 0.27283653846153844 0.055288461538461536 0.0673076923076923
0 0.040865384615384616 0.43990384615384615 0.08173076923076923 0.0673076923076923
0 0.10576923076923077 0.5252403846153846 0.15985576923076922 0.06850961538461539
0 0.13221153846153846 0.36177884615384615 0.13942307692307693 0.06610576923076923
0 0.4951923076923077 0.027644230769230768 0.23557692307692307 0.055288461538461536
0 0.05048076923076923 0.6033653846153846 0.09495192307692307 0.055288461538461536
0 0.009615384615384616 0.030048076923076924 0.019230769230769232 0.027644230769230768
0 0.24639423076923078 0.016826923076923076 0.08413461538461539 0.020432692307692308
0 0.2091346153846154 0.15504807692307693 0.25 0.09735576923076923