0 0.6466346153846154 0.4014423076923077 0.4519230769230769 0.25721153846153844
0 0.27884615384615385 0.4170673076923077 0.265625 0.23557692307692307
4 0.4098557692307692 0.6526442307692307 0.3076923076923077 0.15504807692307693
0 0.7175480769230769 0.30528846153846156 0.21875 0.1466346153846154
0 0.9567307692307693 0.8052884615384616 0.08413461538461539 0.13581730769230768
0 0.8137019230769231 0.5456730769230769 0.09375 0.10576923076923077
0 0.8509615384615384 0.4098557692307692 0.07692307692307693 0.10336538461538461
0 0.9699519230769231 0.6105769230769231 0.056490384615384616 0.09014423076923077
0 0.9254807692307693 0.5973557692307693 0.12139423076923077 0.0829326923076923
0 0.9158653846153846 0.734375 0.16346153846153846 0.08774038461538461
0 0.8605769230769231 0.6598557692307693 0.09735576923076923 0.0733173076923077
4 0.34134615384615385 0.1466346153846154 0.4855769230769231 0.2932692307692308