1 0.8966346153846154 0.5216346153846154 0.20673076923076922 0.17307692307692307
1 0.32091346153846156 0.10817307692307693 0.28846153846153844 0.1658653846153846
1 0.9302884615384616 0.15985576923076922 0.13942307692307693 0.14903846153846154
1 0.7067307692307693 0.734375 0.3245192307692308 0.1466346153846154
1 0.1346153846153846 0.23798076923076922 0.22956730769230768 0.13221153846153846
1 0.6418269230769231 0.31971153846153844 0.18028846153846154 0.1310096153846154
1 0.38100961538461536 0.27283653846153844 0.24639423076923078 0.12139423076923077
1 0.29927884615384615 0.7860576923076923 0.13701923076923078 0.1141826923076923
1 0.6033653846153846 0.17427884615384615 0.2692307692307692 0.109375
1 0.5528846153846154 0.2439903846153846 0.22596153846153846 0.10576923076923077
1 0.44350961538461536 0.6274038461538461 0.14543269230769232 0.10576923076923077
1 0.4567307692307692 0.4338942307692308 0.21995192307692307 0.10576923076923077
1 0.9002403846153846 0.8822115384615384 0.1971153846153846 0.1045673076923077
1 0.7740384615384616 0.6418269230769231 0.2283653846153846 0.10336538461538461
1 0.8822115384615384 0.8401442307692307 0.234375 0.10336538461538461
1 0.2800480769230769 0.6838942307692307 0.28846153846153844 0.10096153846153846
1 0.4807692307692308 0.05048076923076923 0.19471153846153846 0.10096153846153846
1 0.24158653846153846 0.5877403846153846 0.16105769230769232 0.10096153846153846
1 0.7427884615384616 0.05048076923076923 0.2247596153846154 0.09975961538461539
1 0.5540865384615384 0.8533653846153846 0.1045673076923077 0.09495192307692307
1 0.1778846153846154 0.7115384615384616 0.2247596153846154 0.09375
1 0.9014423076923077 0.33052884615384615 0.19471153846153846 0.08413461538461539
1 0.7668269230769231 0.11899038461538461 0.1346153846153846 0.08173076923076923
1 0.15625 0.8629807692307693 0.1141826923076923 0.07932692307692307
1 0.9002403846153846 0.7560096153846154 0.12860576923076922 0.07932692307692307
1 0.8689903846153846 0.046875 0.09975961538461539 0.07692307692307693
1 0.5384615384615384 0.7199519230769231 0.09735576923076923 0.07451923076923077
1 0.11658653846153846 0.5216346153846154 0.12139423076923077 0.0673076923076923
1 0.4699519230769231 0.7788461538461539 0.2091346153846154 0.06610576923076923
1 0.9375 0.9711538461538461 0.12139423076923077 0.056490384615384616
1 0.6009615384615384 0.5877403846153846 0.17067307692307693 0.056490384615384616
1 0.109375 0.7836538461538461 0.08173076923076923 0.05048076923076923
1 0.7247596153846154 0.4182692307692308 0.11899038461538461 0.040865384615384616