2 0.3317307692307692 0.4651442307692308 0.078125 0.09375
2 0.9387019230769231 0.65625 0.1201923076923077 0.09375
2 0.7163461538461539 0.42908653846153844 0.06129807692307692 0.078125
2 0.18629807692307693 0.47475961538461536 0.06370192307692307 0.07451923076923077
2 0.6887019230769231 0.43028846153846156 0.03245192307692308 0.05889423076923077
2 0.6538461538461539 0.4338942307692308 0.042067307692307696 0.05048076923076923
2 0.9122596153846154 0.4362980769230769 0.057692307692307696 0.05048076923076923
2 0.8569711538461539 0.4387019230769231 0.046875 0.046875
2 0.7848557692307693 0.41346153846153844 0.036057692307692304 0.04567307692307692
2 0.6802884615384616 0.37740384615384615 0.037259615384615384 0.04567307692307692
2 0.8112980769230769 0.40024038461538464 0.046875 0.042067307692307696
2 0.9807692307692307 0.4375 0.037259615384615384 0.040865384615384616
2 0.453125 0.7127403846153846 0.1622596153846154 0.10576923076923077