0 0.5516826923076923 0.10216346153846154 0.2764423076923077 0.15745192307692307
0 0.7127403846153846 0.13701923076923078 0.18028846153846154 0.1466346153846154
0 0.7788461538461539 0.2091346153846154 0.171875 0.13581730769230768
0 0.14903846153846154 0.37740384615384615 0.296875 0.12980769230769232
0 0.8221153846153846 0.037259615384615384 0.16105769230769232 0.0733173076923077
4 0.5012019230769231 0.5300480769230769 0.19471153846153846 0.10336538461538461
0 0.8737980769230769 0.18990384615384615 0.14903846153846154 0.09014423076923077
0 0.6298076923076923 0.27524038461538464 0.14903846153846154 0.08774038461538461
4 0.27163461538461536 0.5240384615384616 0.25600961538461536 0.09014423076923077
0 0.78125 0.20192307692307693 0.16105769230769232 0.0733173076923077
0 0.3894230769230769 0.3798076923076923 0.234375 0.07692307692307693
0 0.9603365384615384 0.20432692307692307 0.04326923076923077 0.0625
0 0.14423076923076922 0.265625 0.1875 0.06850961538461539
0 0.4326923076923077 0.27403846153846156 0.18028846153846154 0.06610576923076923
0 0.3713942307692308 0.3004807692307692 0.17307692307692307 0.0625
0 0.09375 0.33653846153846156 0.1875 0.05889423076923077
0 0.6057692307692307 0.2932692307692308 0.21153846153846154 0.057692307692307696
0 0.09495192307692307 0.2860576923076923 0.15504807692307693 0.04807692307692308
4 0.1045673076923077 0.5817307692307693 0.203125 0.08653846153846154