4 0.16466346153846154 0.3942307692307692 0.32211538461538464 0.10336538461538461
0 0.6466346153846154 0.9158653846153846 0.12620192307692307 0.09254807692307693
0 0.9543269230769231 0.34975961538461536 0.0889423076923077 0.0889423076923077
4 0.515625 0.6201923076923077 0.25600961538461536 0.0829326923076923
0 0.6935096153846154 0.36538461538461536 0.19230769230769232 0.07932692307692307
4 0.1658653846153846 0.5685096153846154 0.22956730769230768 0.078125
4 0.036057692307692304 0.7127403846153846 0.07211538461538461 0.06129807692307692
0 0.5985576923076923 0.41346153846153844 0.1622596153846154 0.06129807692307692
0 0.9435096153846154 0.4987980769230769 0.11057692307692307 0.0625
0 0.7728365384615384 0.4074519230769231 0.19110576923076922 0.06129807692307692
0 0.9675480769230769 0.4543269230769231 0.0625 0.055288461538461536
0 0.6213942307692307 0.5661057692307693 0.1935096153846154 0.056490384615384616
0 0.6237980769230769 0.4879807692307692 0.15625 0.055288461538461536
0 0.5456730769230769 0.44471153846153844 0.14543269230769232 0.052884615384615384
0 0.6670673076923077 0.4387019230769231 0.1346153846153846 0.04807692307692308
0 0.8353365384615384 0.4483173076923077 0.14903846153846154 0.046875
0 0.5036057692307693 0.4699519230769231 0.1346153846153846 0.04567307692307692
0 0.8786057692307693 0.47596153846153844 0.09375 0.038461538461538464