0 0.8605769230769231 0.0673076923076923 0.18028846153846154 0.1346153846153846
4 0.4326923076923077 0.5685096153846154 0.4963942307692308 0.2127403846153846
4 0.29447115384615385 0.9435096153846154 0.43028846153846156 0.11057692307692307
0 0.09735576923076923 0.3401442307692308 0.1935096153846154 0.13221153846153846
0 0.28846153846153844 0.3942307692307692 0.18870192307692307 0.09975961538461539
0 0.9302884615384616 0.2668269230769231 0.109375 0.09375
0 0.042067307692307696 0.36899038461538464 0.08413461538461539 0.08653846153846154
0 0.7451923076923077 0.39903846153846156 0.2247596153846154 0.09014423076923077
0 0.9338942307692307 0.38100961538461536 0.1201923076923077 0.078125
0 0.014423076923076924 0.47716346153846156 0.028846153846153848 0.06971153846153846
0 0.10216346153846154 0.41346153846153844 0.20432692307692307 0.08173076923076923
0 0.5661057692307693 0.4050480769230769 0.15985576923076922 0.06610576923076923
0 0.5516826923076923 0.3629807692307692 0.16346153846153846 0.06610576923076923
0 0.6730769230769231 0.3245192307692308 0.15264423076923078 0.055288461538461536