0 0.125 0.09975961538461539 0.2403846153846154 0.19831730769230768
0 0.7235576923076923 0.06009615384615385 0.2932692307692308 0.1201923076923077
0 0.5228365384615384 0.046875 0.10576923076923077 0.09375
4 0.3641826923076923 0.5120192307692307 0.1622596153846154 0.12139423076923077
0 0.5625 0.2512019230769231 0.09375 0.10576923076923077
4 0.8737980769230769 0.5120192307692307 0.11899038461538461 0.08774038461538461
4 0.4855769230769231 0.6502403846153846 0.1346153846153846 0.08774038461538461
0 0.9074519230769231 0.4423076923076923 0.09014423076923077 0.08173076923076923
0 0.7259615384615384 0.3713942307692308 0.0625 0.078125
0 0.7884615384615384 0.4254807692307692 0.08774038461538461 0.06971153846153846
0 0.3088942307692308 0.3425480769230769 0.16826923076923078 0.06850961538461539
0 0.9879807692307693 0.5721153846153846 0.021634615384615384 0.07211538461538461
0 0.6730769230769231 0.2956730769230769 0.13701923076923078 0.06850961538461539
0 0.6875 0.43149038461538464 0.0625 0.06850961538461539
0 0.7980769230769231 0.3629807692307692 0.1346153846153846 0.056490384615384616
0 0.9903846153846154 0.6117788461538461 0.015625 0.055288461538461536
0 0.9411057692307693 0.40024038461538464 0.11538461538461539 0.056490384615384616
0 0.4519230769230769 0.2512019230769231 0.09975961538461539 0.051682692307692304
0 0.9543269230769231 0.4362980769230769 0.0889423076923077 0.055288461538461536
0 0.49399038461538464 0.28725961538461536 0.08413461538461539 0.05048076923076923
0 0.6923076923076923 0.3641826923076923 0.0673076923076923 0.04567307692307692
0 0.4362980769230769 0.34975961538461536 0.12620192307692307 0.0829326923076923