4 0.31971153846153844 0.4951923076923077 0.4411057692307692 0.19471153846153846
0 0.6550480769230769 0.7572115384615384 0.4795673076923077 0.17548076923076922
0 0.9302884615384616 0.4266826923076923 0.13581730769230768 0.09014423076923077
4 0.9639423076923077 0.8100961538461539 0.06850961538461539 0.0829326923076923
0 0.6790865384615384 0.5865384615384616 0.23557692307692307 0.0889423076923077
0 0.8521634615384616 0.8112980769230769 0.16826923076923078 0.08413461538461539
0 0.8918269230769231 0.5949519230769231 0.1466346153846154 0.078125
0 0.8822115384615384 0.5204326923076923 0.12139423076923077 0.07692307692307693
0 0.7355769230769231 0.609375 0.19230769230769232 0.078125
0 0.5012019230769231 0.6466346153846154 0.08173076923076923 0.052884615384615384
0 0.27163461538461536 0.6057692307692307 0.15745192307692307 0.057692307692307696
0 0.09495192307692307 0.9471153846153846 0.13221153846153846 0.052884615384615384
0 0.5901442307692307 0.6682692307692307 0.051682692307692304 0.04567307692307692
0 0.055288461538461536 0.703125 0.08774038461538461 0.04326923076923077
0 0.34975961538461536 0.6322115384615384 0.09735576923076923 0.042067307692307696
0 0.10576923076923077 0.7175480769230769 0.10576923076923077 0.042067307692307696