2 0.49399038461538464 0.6658653846153846 0.3329326923076923 0.2247596153846154
2 0.5168269230769231 0.4495192307692308 0.056490384615384616 0.0985576923076923
2 0.6225961538461539 0.4519230769230769 0.04567307692307692 0.09375
2 0.34375 0.5036057692307693 0.04807692307692308 0.07692307692307693
2 0.8269230769230769 0.41947115384615385 0.042067307692307696 0.07692307692307693
2 0.5817307692307693 0.45913461538461536 0.036057692307692304 0.06850961538461539
2 0.4519230769230769 0.47475961538461536 0.040865384615384616 0.0673076923076923
2 0.43509615384615385 0.4723557692307692 0.026442307692307692 0.057692307692307696
2 0.75 0.4423076923076923 0.027644230769230768 0.057692307692307696
2 0.7415865384615384 0.43149038461538464 0.027644230769230768 0.052884615384615384
2 0.6754807692307693 0.46274038461538464 0.015625 0.040865384615384616
2 0.7019230769230769 0.46274038461538464 0.026442307692307692 0.03485576923076923
2 0.8425480769230769 0.38100961538461536 0.027644230769230768 0.055288461538461536