4 0.5240384615384616 0.5564903846153846 0.5276442307692307 0.18870192307692307
0 0.23076923076923078 0.6923076923076923 0.12139423076923077 0.078125
0 0.3449519230769231 0.6466346153846154 0.21995192307692307 0.07932692307692307
0 0.44591346153846156 0.3137019230769231 0.17067307692307693 0.06850961538461539
0 0.5685096153846154 0.39302884615384615 0.15264423076923078 0.06610576923076923
0 0.2512019230769231 0.5901442307692307 0.140625 0.06370192307692307
0 0.7836538461538461 0.3762019230769231 0.18389423076923078 0.06610576923076923
0 0.23317307692307693 0.6526442307692307 0.10576923076923077 0.0625
0 0.21995192307692307 0.32091346153846156 0.16346153846153846 0.0625
4 0.20673076923076922 0.4098557692307692 0.203125 0.0625
0 0.46033653846153844 0.41346153846153844 0.13221153846153846 0.06129807692307692
0 0.4362980769230769 0.19110576923076922 0.1622596153846154 0.056490384615384616
0 0.3870192307692308 0.43028846153846156 0.10336538461538461 0.051682692307692304
0 0.6045673076923077 0.3293269230769231 0.14182692307692307 0.052884615384615384
0 0.22235576923076922 0.16826923076923078 0.1201923076923077 0.051682692307692304
0 0.9435096153846154 0.8016826923076923 0.109375 0.08413461538461539