0 0.039663461538461536 0.640625 0.07932692307692307 0.1346153846153846
0 0.3545673076923077 0.7019230769230769 0.30649038461538464 0.13581730769230768
0 0.5973557692307693 0.45913461538461536 0.2644230769230769 0.125
4 0.6742788461538461 0.29447115384615385 0.6490384615384616 0.13942307692307693
0 0.14423076923076922 0.6105769230769231 0.19110576923076922 0.11778846153846154
0 0.3401442307692308 0.39903846153846156 0.1814903846153846 0.11538461538461539
0 0.3737980769230769 0.5336538461538461 0.17307692307692307 0.11538461538461539
0 0.9194711538461539 0.5192307692307693 0.15745192307692307 0.1141826923076923
0 0.7115384615384616 0.7596153846153846 0.20192307692307693 0.109375
0 0.8954326923076923 0.7752403846153846 0.1875 0.109375
0 0.609375 0.5709134615384616 0.13942307692307693 0.10576923076923077
0 0.31971153846153844 0.5913461538461539 0.1622596153846154 0.1045673076923077
0 0.6009615384615384 0.35697115384615385 0.19471153846153846 0.09975961538461539
0 0.8161057692307693 0.47596153846153844 0.15985576923076922 0.0889423076923077
0 0.17067307692307693 0.5192307692307693 0.15745192307692307 0.08774038461538461
0 0.7776442307692307 0.6045673076923077 0.1814903846153846 0.08774038461538461
0 0.5348557692307693 0.6550480769230769 0.15625 0.08413461538461539
0 0.9182692307692307 0.6057692307692307 0.15745192307692307 0.078125
0 0.9158653846153846 0.6814903846153846 0.15144230769230768 0.06971153846153846
0 0.9591346153846154 0.21634615384615385 0.07932692307692307 0.04567307692307692
0 0.30528846153846156 0.2824519230769231 0.078125 0.027644230769230768
0 0.17427884615384615 0.2127403846153846 0.0625 0.025240384615384616
0 0.8990384615384616 0.13341346153846154 0.026442307692307692 0.02403846153846154
0 0.6502403846153846 0.18870192307692307 0.055288461538461536 0.02403846153846154
0 0.8497596153846154 0.21394230769230768 0.06129807692307692 0.020432692307692308
0 0.23557692307692307 0.019230769230769232 0.042067307692307696 0.016826923076923076
0 0.6141826923076923 0.07451923076923077 0.042067307692307696 0.015625