0 0.38461538461538464 0.040865384615384616 0.36538461538461536 0.08173076923076923
4 0.4879807692307692 0.3629807692307692 0.4338942307692308 0.15144230769230768
0 0.9651442307692307 0.13701923076923078 0.0673076923076923 0.09975961538461539
0 0.9447115384615384 0.22355769230769232 0.10817307692307693 0.09735576923076923
4 0.7848557692307693 0.5721153846153846 0.20192307692307693 0.08653846153846154
0 0.09254807692307693 0.10096153846153846 0.1346153846153846 0.07451923076923077
0 0.8064903846153846 0.6670673076923077 0.11538461538461539 0.0673076923076923
4 0.5240384615384616 0.6586538461538461 0.06850961538461539 0.04326923076923077
0 0.3317307692307692 0.3942307692307692 0.056490384615384616 0.037259615384615384
0 0.5444711538461539 0.27163461538461536 0.07692307692307693 0.037259615384615384
0 0.7992788461538461 0.47475961538461536 0.10576923076923077 0.036057692307692304
0 0.3918269230769231 0.4699519230769231 0.04326923076923077 0.030048076923076924
0 0.7007211538461539 0.40625 0.07932692307692307 0.03245192307692308
0 0.45913461538461536 0.38221153846153844 0.09254807692307693 0.03245192307692308
0 0.2824519230769231 0.5060096153846154 0.036057692307692304 0.025240384615384616
0 0.36899038461538464 0.48677884615384615 0.042067307692307696 0.02403846153846154
0 0.3245192307692308 0.5120192307692307 0.03485576923076923 0.021634615384615384
0 0.4206730769230769 0.46875 0.009615384615384616 0.020432692307692308
0 0.40384615384615385 0.5180288461538461 0.026442307692307692 0.015625
0 0.39663461538461536 0.4963942307692308 0.025240384615384616 0.014423076923076924
0 0.33774038461538464 0.5036057692307693 0.030048076923076924 0.01201923076923077
0 0.4495192307692308 0.5216346153846154 0.02403846153846154 0.010817307692307692