2 0.7860576923076923 0.32572115384615385 0.109375 0.11899038461538461
2 0.8269230769230769 0.3269230769230769 0.04807692307692308 0.0985576923076923
2 0.18269230769230768 0.41346153846153844 0.06850961538461539 0.08653846153846154
2 0.052884615384615384 0.4206730769230769 0.06850961538461539 0.07451923076923077
2 0.006009615384615385 0.42788461538461536 0.01201923076923077 0.0625
2 0.3629807692307692 0.41346153846153844 0.037259615384615384 0.05889423076923077
2 0.5973557692307693 0.5588942307692307 0.22355769230769232 0.06129807692307692
2 0.33533653846153844 0.40384615384615385 0.057692307692307696 0.055288461538461536
2 0.390625 0.41225961538461536 0.036057692307692304 0.052884615384615384
2 0.5625 0.3701923076923077 0.06971153846153846 0.052884615384615384
2 0.6526442307692307 0.3605769230769231 0.051682692307692304 0.04807692307692308
2 0.53125 0.3786057692307692 0.04567307692307692 0.042067307692307696
2 0.6009615384615384 0.3786057692307692 0.046875 0.040865384615384616