0 0.8641826923076923 0.23317307692307693 0.03245192307692308 0.07932692307692307
0 0.2920673076923077 0.7884615384615384 0.08413461538461539 0.08173076923076923
0 0.32091346153846156 0.23317307692307693 0.0625 0.078125
0 0.03245192307692308 0.5336538461538461 0.030048076923076924 0.06129807692307692
0 0.34975961538461536 0.3425480769230769 0.055288461538461536 0.055288461538461536
0 0.5288461538461539 0.2860576923076923 0.026442307692307692 0.04807692307692308
0 0.7295673076923077 0.3317307692307692 0.015625 0.04807692307692308
0 0.2920673076923077 0.15264423076923078 0.020432692307692308 0.046875
0 0.78125 0.20793269230769232 0.021634615384615384 0.046875
0 0.7019230769230769 0.125 0.021634615384615384 0.042067307692307696
0 0.6658653846153846 0.01201923076923077 0.026442307692307692 0.009615384615384616
0 0.7920673076923077 0.2764423076923077 0.03125 0.03245192307692308
0 0.4735576923076923 0.1502403846153846 0.05048076923076923 0.027644230769230768
0 0.7872596153846154 0.4963942307692308 0.04326923076923077 0.026442307692307692
0 0.49399038461538464 0.23677884615384615 0.046875 0.025240384615384616
0 0.7331730769230769 0.4074519230769231 0.040865384615384616 0.02403846153846154
0 0.10336538461538461 0.14903846153846154 0.030048076923076924 0.02403846153846154
0 0.08653846153846154 0.10817307692307693 0.016826923076923076 0.01201923076923077
6 0.3737980769230769 0.6045673076923077 0.3449519230769231 0.4891826923076923