1 0.5889423076923077 0.46634615384615385 0.171875 0.13581730769230768
1 0.06129807692307692 0.2932692307692308 0.09975961538461539 0.12379807692307693
1 0.9158653846153846 0.5540865384615384 0.16346153846153846 0.12980769230769232
1 0.34975961538461536 0.640625 0.20432692307692307 0.1310096153846154
1 0.9435096153846154 0.4375 0.11057692307692307 0.125
1 0.5552884615384616 0.6021634615384616 0.20793269230769232 0.12860576923076922
1 0.703125 0.7692307692307693 0.22355769230769232 0.12379807692307693
1 0.13221153846153846 0.7487980769230769 0.1502403846153846 0.10336538461538461
1 0.8269230769230769 0.9375 0.17668269230769232 0.10096153846153846
1 0.40865384615384615 0.7512019230769231 0.1310096153846154 0.09495192307692307
1 0.5552884615384616 0.8088942307692307 0.1622596153846154 0.09014423076923077
1 0.8774038461538461 0.3918269230769231 0.140625 0.08413461538461539
1 0.11177884615384616 0.20072115384615385 0.17067307692307693 0.08653846153846154
1 0.3293269230769231 0.9663461538461539 0.125 0.05048076923076923
1 0.3641826923076923 0.010817307692307692 0.13701923076923078 0.021634615384615384