4 0.7764423076923077 0.21394230769230768 0.09014423076923077 0.17067307692307693
4 0.46033653846153844 0.054086538461538464 0.12620192307692307 0.10817307692307693
4 0.6790865384615384 0.5216346153846154 0.10336538461538461 0.09375
0 0.5721153846153846 0.7740384615384616 0.036057692307692304 0.06370192307692307
0 0.7800480769230769 0.8822115384615384 0.03245192307692308 0.05889423076923077
0 0.5240384615384616 0.4495192307692308 0.025240384615384616 0.052884615384615384
0 0.3137019230769231 0.6706730769230769 0.020432692307692308 0.04807692307692308
0 0.7415865384615384 0.609375 0.025240384615384616 0.040865384615384616
0 0.7716346153846154 0.5745192307692307 0.021634615384615384 0.03245192307692308
0 0.296875 0.7644230769230769 0.019230769230769232 0.030048076923076924
0 0.38341346153846156 0.6814903846153846 0.027644230769230768 0.030048076923076924
0 0.6370192307692307 0.8112980769230769 0.037259615384615384 0.03125
0 0.6189903846153846 0.28125 0.01201923076923077 0.027644230769230768
0 0.6310096153846154 0.3762019230769231 0.01201923076923077 0.027644230769230768
0 0.7115384615384616 0.6021634615384616 0.016826923076923076 0.027644230769230768
0 0.6502403846153846 0.30528846153846156 0.014423076923076924 0.020432692307692308
0 0.6153846153846154 0.19471153846153846 0.01201923076923077 0.019230769230769232
0 0.7307692307692307 0.8557692307692307 0.03125 0.019230769230769232
0 0.8016826923076923 0.11298076923076923 0.007211538461538462 0.01201923076923077
0 0.3629807692307692 0.6682692307692307 0.021634615384615384 0.01201923076923077
4 0.42427884615384615 0.6310096153846154 0.07932692307692307 0.1935096153846154