1 0.8713942307692307 0.19951923076923078 0.0889423076923077 0.09735576923076923
1 0.9591346153846154 0.46274038461538464 0.08173076923076923 0.21394230769230768
1 0.9098557692307693 0.4651442307692308 0.07211538461538461 0.08173076923076923
1 0.8317307692307693 0.5300480769230769 0.0829326923076923 0.11298076923076923
1 0.7848557692307693 0.5180288461538461 0.1141826923076923 0.17668269230769232
1 0.7692307692307693 0.32091346153846156 0.17067307692307693 0.1814903846153846
1 0.6286057692307693 0.25 0.12980769230769232 0.20432692307692307
1 0.6706730769230769 0.3894230769230769 0.07451923076923077 0.11778846153846154
1 0.5973557692307693 0.3942307692307692 0.08653846153846154 0.1141826923076923
1 0.5961538461538461 0.4807692307692308 0.06971153846153846 0.09254807692307693
1 0.5060096153846154 0.24158653846153846 0.109375 0.1778846153846154
1 0.4543269230769231 0.3545673076923077 0.1622596153846154 0.1502403846153846
1 0.515625 0.5552884615384616 0.09014423076923077 0.09735576923076923
1 0.33413461538461536 0.5444711538461539 0.09975961538461539 0.11778846153846154
1 0.25961538461538464 0.47475961538461536 0.09254807692307693 0.12860576923076922
1 0.18629807692307693 0.484375 0.08413461538461539 0.12860576923076922
1 0.3112980769230769 0.28846153846153844 0.14903846153846154 0.14423076923076922
1 0.17067307692307693 0.19831730769230768 0.08173076923076923 0.10336538461538461
1 0.08774038461538461 0.2512019230769231 0.0985576923076923 0.0985576923076923
1 0.13221153846153846 0.34615384615384615 0.10336538461538461 0.13942307692307693
1 0.1346153846153846 0.5612980769230769 0.07932692307692307 0.07932692307692307
1 0.06129807692307692 0.1778846153846154 0.09014423076923077 0.08653846153846154
1 0.3629807692307692 0.22355769230769232 0.10817307692307693 0.14182692307692307
1 0.4543269230769231 0.49038461538461536 0.12379807692307693 0.17668269230769232
1 0.5420673076923077 0.21995192307692307 0.07211538461538461 0.15625
1 0.17067307692307693 0.4206730769230769 0.1141826923076923 0.11538461538461539
1 0.9447115384615384 0.29086538461538464 0.10817307692307693 0.171875
1 0.8689903846153846 0.2824519230769231 0.14423076923076922 0.12980769230769232
1 0.6923076923076923 0.5685096153846154 0.13221153846153846 0.10817307692307693
1 0.2824519230769231 0.21995192307692307 0.078125 0.0733173076923077
1 0.2860576923076923 0.37259615384615385 0.08413461538461539 0.09975961538461539
1 0.028846153846153848 0.35096153846153844 0.056490384615384616 0.0985576923076923
1 0.013221153846153846 0.5408653846153846 0.026442307692307692 0.07451923076923077