0 0.43149038461538464 0.41346153846153844 0.08413461538461539 0.051682692307692304
0 0.41346153846153844 0.5420673076923077 0.06971153846153846 0.055288461538461536
0 0.46274038461538464 0.6129807692307693 0.0889423076923077 0.0625
0 0.7608173076923077 0.6754807692307693 0.13221153846153846 0.06850961538461539
0 0.7463942307692307 0.5697115384615384 0.11298076923076923 0.078125
0 0.7283653846153846 0.5913461538461539 0.1045673076923077 0.078125
0 0.5060096153846154 0.7379807692307693 0.08774038461538461 0.04326923076923077
0 0.7295673076923077 0.9182692307692307 0.1310096153846154 0.10576923076923077
0 0.109375 0.4543269230769231 0.21875 0.16826923076923078
0 0.14423076923076922 0.35096153846153844 0.20432692307692307 0.12139423076923077
0 0.3329326923076923 0.5228365384615384 0.05889423076923077 0.056490384615384616
0 0.3545673076923077 0.6310096153846154 0.09014423076923077 0.05889423076923077
0 0.5661057692307693 0.5144230769230769 0.09014423076923077 0.05889423076923077
0 0.5925480769230769 0.4483173076923077 0.07692307692307693 0.06610576923076923
0 0.9543269230769231 0.6466346153846154 0.08774038461538461 0.07692307692307693
0 0.5877403846153846 0.6105769230769231 0.0625 0.037259615384615384
0 0.4543269230769231 0.47596153846153844 0.07692307692307693 0.06129807692307692
0 0.6887019230769231 0.5324519230769231 0.08653846153846154 0.04326923076923077
0 0.32211538461538464 0.609375 0.056490384615384616 0.04326923076923077
0 0.22956730769230768 0.5793269230769231 0.10336538461538461 0.052884615384615384
0 0.3161057692307692 0.5408653846153846 0.06850961538461539 0.05048076923076923
0 0.3786057692307692 0.4182692307692308 0.0625 0.04326923076923077
0 0.125 0.2620192307692308 0.042067307692307696 0.07451923076923077
0 0.3473557692307692 0.31971153846153844 0.1814903846153846 0.09014423076923077
0 0.6862980769230769 0.35697115384615385 0.03125 0.037259615384615384
0 0.23317307692307693 0.47596153846153844 0.07692307692307693 0.03245192307692308
0 0.8713942307692307 0.8269230769230769 0.03485576923076923 0.08413461538461539
0 0.8317307692307693 0.8473557692307693 0.03485576923076923 0.07932692307692307
0 0.7872596153846154 0.9603365384615384 0.08413461538461539 0.056490384615384616
0 0.25600961538461536 0.3737980769230769 0.052884615384615384 0.051682692307692304
0 0.21394230769230768 0.3894230769230769 0.06850961538461539 0.037259615384615384
0 0.9350961538461539 0.6694711538461539 0.046875 0.052884615384615384
0 0.9723557692307693 0.7620192307692307 0.040865384615384616 0.056490384615384616
0 0.5288461538461539 0.4675480769230769 0.026442307692307692 0.027644230769230768
0 0.5685096153846154 0.5012019230769231 0.051682692307692304 0.037259615384615384
0 0.6862980769230769 0.5144230769230769 0.08774038461538461 0.1045673076923077
0 0.2668269230769231 0.6490384615384616 0.06129807692307692 0.046875
0 0.4807692307692308 0.2644230769230769 0.03485576923076923 0.037259615384615384
0 0.4543269230769231 0.26802884615384615 0.03125 0.02403846153846154
0 0.44711538461538464 0.2980769230769231 0.037259615384615384 0.037259615384615384