0 0.16947115384615385 0.06850961538461539 0.2091346153846154 0.09975961538461539
0 0.5144230769230769 0.6634615384615384 0.23557692307692307 0.11298076923076923
0 0.04326923076923077 0.0829326923076923 0.08653846153846154 0.09735576923076923
0 0.8641826923076923 0.056490384615384616 0.203125 0.11298076923076923
0 0.9459134615384616 0.7427884615384616 0.1045673076923077 0.1045673076923077
0 0.12620192307692307 0.21514423076923078 0.25240384615384615 0.11298076923076923
0 0.12139423076923077 0.9699519230769231 0.16346153846153846 0.057692307692307696
0 0.42788461538461536 0.9591346153846154 0.19831730769230768 0.078125
0 0.2848557692307692 0.9158653846153846 0.17307692307692307 0.09735576923076923
0 0.4266826923076923 0.08173076923076923 0.3076923076923077 0.1045673076923077
0 0.7175480769230769 0.5721153846153846 0.19230769230769232 0.09375
0 0.11538461538461539 0.8209134615384616 0.1814903846153846 0.09375
0 0.2764423076923077 0.4182692307692308 0.265625 0.09975961538461539
0 0.6057692307692307 0.5649038461538461 0.2692307692307692 0.09975961538461539
0 0.7980769230769231 0.1622596153846154 0.25961538461538464 0.0985576923076923
0 0.22596153846153846 0.3173076923076923 0.23557692307692307 0.09495192307692307
0 0.0889423076923077 0.6322115384615384 0.16105769230769232 0.0889423076923077
0 0.4543269230769231 0.7560096153846154 0.23918269230769232 0.09495192307692307
0 0.10096153846153846 0.8942307692307693 0.140625 0.08774038461538461
0 0.36778846153846156 0.6778846153846154 0.1658653846153846 0.0889423076923077
0 0.9783653846153846 0.8317307692307693 0.038461538461538464 0.08173076923076923
0 0.13822115384615385 0.7295673076923077 0.22956730769230768 0.09254807692307693
0 0.7259615384615384 0.9266826923076923 0.18389423076923078 0.08774038461538461
0 0.5108173076923077 0.7824519230769231 0.21754807692307693 0.09014423076923077
0 0.5360576923076923 0.37259615384615385 0.23076923076923078 0.08774038461538461
0 0.13701923076923078 0.6574519230769231 0.21995192307692307 0.08653846153846154
0 0.31490384615384615 0.31850961538461536 0.15625 0.07932692307692307
0 0.3870192307692308 0.6117788461538461 0.19230769230769232 0.0829326923076923
0 0.5264423076923077 0.8617788461538461 0.1778846153846154 0.08173076923076923
0 0.203125 0.4651442307692308 0.23557692307692307 0.08413461538461539
0 0.2980769230769231 0.828125 0.1875 0.08173076923076923
0 0.3389423076923077 0.03485576923076923 0.171875 0.057692307692307696
0 0.9375 0.12860576923076922 0.06850961538461539 0.06971153846153846
0 0.34134615384615385 0.21995192307692307 0.23557692307692307 0.08173076923076923
0 0.9278846153846154 0.3161057692307692 0.11778846153846154 0.07451923076923077
0 0.7127403846153846 0.2283653846153846 0.19951923076923078 0.078125
0 0.8317307692307693 0.3449519230769231 0.15745192307692307 0.0733173076923077
0 0.3737980769230769 0.17668269230769232 0.21153846153846154 0.078125
0 0.23798076923076922 0.5576923076923077 0.2980769230769231 0.08413461538461539
0 0.5877403846153846 0.43149038461538464 0.1778846153846154 0.0733173076923077
0 0.6670673076923077 0.8076923076923077 0.22235576923076922 0.07692307692307693
0 0.5132211538461539 0.30288461538461536 0.23557692307692307 0.078125
0 0.9615384615384616 0.2127403846153846 0.036057692307692304 0.05889423076923077
0 0.8064903846153846 0.8653846153846154 0.16346153846153846 0.06971153846153846
0 0.8245192307692307 0.2932692307692308 0.22355769230769232 0.07451923076923077
0 0.8221153846153846 0.45552884615384615 0.28725961538461536 0.07692307692307693
0 0.057692307692307696 0.47836538461538464 0.11538461538461539 0.06370192307692307
0 0.5649038461538461 0.9675480769230769 0.14182692307692307 0.06129807692307692
0 0.9302884615384616 0.5552884615384616 0.13701923076923078 0.0673076923076923
0 0.8329326923076923 0.6899038461538461 0.21394230769230768 0.06850961538461539
0 0.9615384615384616 0.3870192307692308 0.06370192307692307 0.052884615384615384
0 0.23798076923076922 0.5072115384615384 0.21995192307692307 0.06610576923076923
0 0.046875 0.44711538461538464 0.09375 0.055288461538461536
0 0.7463942307692307 0.4338942307692308 0.19230769230769232 0.057692307692307696
0 0.0673076923076923 0.7067307692307693 0.10576923076923077 0.07451923076923077