0 0.14423076923076922 0.12139423076923077 0.265625 0.15264423076923078
6 0.27283653846153844 0.6826923076923077 0.23076923076923078 0.11899038461538461
4 0.29447115384615385 0.5024038461538461 0.3076923076923077 0.11778846153846154
4 0.5444711538461539 0.5480769230769231 0.08413461538461539 0.09375
0 0.07572115384615384 0.2512019230769231 0.15144230769230768 0.0889423076923077
4 0.9074519230769231 0.4567307692307692 0.18389423076923078 0.07932692307692307
0 0.640625 0.7596153846153846 0.12860576923076922 0.07451923076923077
0 0.6358173076923077 0.6995192307692307 0.1141826923076923 0.06610576923076923
4 0.3942307692307692 0.47596153846153844 0.18269230769230768 0.0625
0 0.5012019230769231 0.3125 0.12379807692307693 0.051682692307692304
0 0.33413461538461536 0.33653846153846156 0.13942307692307693 0.051682692307692304
0 0.14783653846153846 0.36778846153846156 0.13221153846153846 0.05048076923076923
0 0.24278846153846154 0.35096153846153844 0.14903846153846154 0.046875
0 0.44711538461538464 0.38100961538461536 0.10576923076923077 0.04326923076923077
0 0.25721153846153844 0.07692307692307693 0.14182692307692307 0.04567307692307692
0 0.21153846153846154 0.3894230769230769 0.1201923076923077 0.036057692307692304
0 0.31971153846153844 0.38461538461538464 0.125 0.046875