0 0.20192307692307693 0.875 0.16706730769230768 0.11538461538461539
4 0.3161057692307692 0.40865384615384615 0.1814903846153846 0.09254807692307693
0 0.3401442307692308 0.042067307692307696 0.11899038461538461 0.06850961538461539
0 0.026442307692307692 0.17548076923076922 0.052884615384615384 0.078125
4 0.4170673076923077 0.5661057692307693 0.21394230769230768 0.08173076923076923
4 0.7848557692307693 0.41586538461538464 0.25 0.08413461538461539
0 0.41947115384615385 0.03365384615384615 0.15504807692307693 0.0673076923076923
0 0.43028846153846156 0.46153846153846156 0.17067307692307693 0.07451923076923077
0 0.08173076923076923 0.6045673076923077 0.15144230769230768 0.07211538461538461
0 0.4338942307692308 0.18389423076923078 0.12620192307692307 0.056490384615384616
0 0.03485576923076923 0.4254807692307692 0.06850961538461539 0.052884615384615384
0 0.35096153846153844 0.1622596153846154 0.11298076923076923 0.046875