0 0.8161057692307693 0.06370192307692307 0.3389423076923077 0.12740384615384615
0 0.7151442307692307 0.16346153846153846 0.21754807692307693 0.1502403846153846
4 0.6189903846153846 0.4387019230769231 0.3918269230769231 0.13221153846153846
0 0.5564903846153846 0.16706730769230768 0.1466346153846154 0.11778846153846154
0 0.6322115384615384 0.8870192307692307 0.3473557692307692 0.12379807692307693
0 0.47836538461538464 0.27884615384615385 0.057692307692307696 0.109375
0 0.5973557692307693 0.2620192307692308 0.04567307692307692 0.09975961538461539
4 0.2536057692307692 0.7860576923076923 0.1658653846153846 0.0985576923076923
4 0.30528846153846156 0.6286057692307693 0.27524038461538464 0.10096153846153846
4 0.41466346153846156 0.5192307692307693 0.27524038461538464 0.09975961538461539
0 0.9627403846153846 0.22115384615384615 0.057692307692307696 0.08774038461538461
0 0.48677884615384615 0.8497596153846154 0.2439903846153846 0.09254807692307693
0 0.48677884615384615 0.38822115384615385 0.109375 0.07692307692307693
0 0.5552884615384616 0.3557692307692308 0.078125 0.06850961538461539
0 0.7980769230769231 0.4362980769230769 0.10817307692307693 0.06850961538461539
0 0.36538461538461536 0.36177884615384615 0.10817307692307693 0.05889423076923077
0 0.65625 0.35096153846153844 0.1971153846153846 0.0625
0 0.4987980769230769 0.35336538461538464 0.057692307692307696 0.056490384615384616
0 0.9411057692307693 0.44350961538461536 0.1141826923076923 0.046875
0 0.6310096153846154 0.40384615384615385 0.06971153846153846 0.036057692307692304
0 0.6802884615384616 0.38822115384615385 0.07932692307692307 0.036057692307692304
0 0.6838942307692307 0.4182692307692308 0.0733173076923077 0.03485576923076923
0 0.7223557692307693 0.4387019230769231 0.06850961538461539 0.03245192307692308
0 0.7572115384615384 0.46274038461538464 0.05889423076923077 0.03125
0 0.8413461538461539 0.43149038461538464 0.09014423076923077 0.04567307692307692