0 0.5985576923076923 0.2536057692307692 0.4723557692307692 0.25
4 0.2980769230769231 0.0829326923076923 0.5961538461538461 0.1658653846153846
0 0.4411057692307692 0.3737980769230769 0.09735576923076923 0.09375
0 0.25240384615384615 0.8774038461538461 0.19230769230769232 0.07932692307692307
4 0.5721153846153846 0.7199519230769231 0.18269230769230768 0.07211538461538461
4 0.47836538461538464 0.6706730769230769 0.13942307692307693 0.06850961538461539
0 0.31009615384615385 0.44350961538461536 0.14182692307692307 0.06129807692307692
0 0.3088942307692308 0.4855769230769231 0.0673076923076923 0.056490384615384616
0 0.3329326923076923 0.39663461538461536 0.11778846153846154 0.056490384615384616
0 0.40384615384615385 0.49278846153846156 0.0985576923076923 0.055288461538461536
0 0.028846153846153848 0.4723557692307692 0.057692307692307696 0.052884615384615384
0 0.026442307692307692 0.5733173076923077 0.05048076923076923 0.04807692307692308
0 0.04567307692307692 0.6550480769230769 0.08173076923076923 0.05048076923076923
0 0.21153846153846154 0.4362980769230769 0.10817307692307693 0.05048076923076923
0 0.09495192307692307 0.4723557692307692 0.12379807692307693 0.04807692307692308
0 0.15504807692307693 0.5396634615384616 0.10096153846153846 0.04807692307692308
0 0.19591346153846154 0.47475961538461536 0.09735576923076923 0.04567307692307692
0 0.4651442307692308 0.4411057692307692 0.11778846153846154 0.042067307692307696
0 0.3125 0.5144230769230769 0.07932692307692307 0.037259615384615384