4 0.3088942307692308 0.46875 0.41586538461538464 0.15985576923076922
0 0.6129807692307693 0.7439903846153846 0.453125 0.13701923076923078
0 0.9182692307692307 0.44350961538461536 0.1622596153846154 0.078125
4 0.9375 0.8161057692307693 0.12379807692307693 0.0733173076923077
0 0.6478365384615384 0.5805288461538461 0.22355769230769232 0.07211538461538461
0 0.7980769230769231 0.8076923076923077 0.15745192307692307 0.07211538461538461
0 0.8509615384615384 0.6033653846153846 0.13701923076923078 0.06610576923076923
0 0.8473557692307693 0.5300480769230769 0.1141826923076923 0.06610576923076923
0 0.6995192307692307 0.6057692307692307 0.1814903846153846 0.0625
0 0.21754807692307693 0.9771634615384616 0.2512019230769231 0.04326923076923077
0 0.4723557692307692 0.6262019230769231 0.07451923076923077 0.046875
0 0.2536057692307692 0.5721153846153846 0.1502403846153846 0.04567307692307692
0 0.0625 0.8870192307692307 0.125 0.04326923076923077
0 0.5564903846153846 0.6538461538461539 0.046875 0.040865384615384616
0 0.039663461538461536 0.6502403846153846 0.07932692307692307 0.03485576923076923
0 0.328125 0.6033653846153846 0.09014423076923077 0.03485576923076923
0 0.08774038461538461 0.6682692307692307 0.09975961538461539 0.03485576923076923
6 0.05048076923076923 0.9831730769230769 0.09975961538461539 0.03245192307692308