4 0.828125 0.671875 0.31971153846153844 0.16105769230769232
4 0.5096153846153846 0.3954326923076923 0.23798076923076922 0.1466346153846154
4 0.4963942307692308 0.5480769230769231 0.17307692307692307 0.12860576923076922
0 0.7439903846153846 0.14783653846153846 0.18389423076923078 0.0829326923076923
0 0.2608173076923077 0.08413461538461539 0.1658653846153846 0.07451923076923077
4 0.43509615384615385 0.6358173076923077 0.24879807692307693 0.0673076923076923
0 0.2283653846153846 0.13701923076923078 0.16706730769230768 0.055288461538461536
0 0.06971153846153846 0.07692307692307693 0.0985576923076923 0.05048076923076923
0 0.04807692307692308 0.15504807692307693 0.0625 0.04567307692307692
0 0.08653846153846154 0.07091346153846154 0.12980769230769232 0.037259615384615384
0 0.07572115384615384 0.02403846153846154 0.10817307692307693 0.04807692307692308