0 0.3557692307692308 0.4110576923076923 0.43028846153846156 0.22956730769230768
0 0.7151442307692307 0.4074519230769231 0.25 0.21875
4 0.5997596153846154 0.6442307692307693 0.2956730769230769 0.13581730769230768
0 0.2800480769230769 0.31971153846153844 0.20673076923076922 0.1346153846153846
0 0.057692307692307696 0.8197115384615384 0.1045673076923077 0.125
0 0.19951923076923078 0.5600961538461539 0.08774038461538461 0.0985576923076923
0 0.15504807692307693 0.43028846153846156 0.06971153846153846 0.0985576923076923
0 0.037259615384615384 0.6322115384615384 0.0733173076923077 0.0829326923076923
0 0.09254807692307693 0.6153846153846154 0.11538461538461539 0.07451923076923077
0 0.09254807692307693 0.7487980769230769 0.18509615384615385 0.07451923076923077
0 0.15985576923076922 0.6730769230769231 0.09254807692307693 0.0673076923076923
4 0.6394230769230769 0.13942307692307693 0.46153846153846156 0.27884615384615385