1 0.3016826923076923 0.6334134615384616 0.27403846153846156 0.16706730769230768
1 0.6923076923076923 0.6622596153846154 0.265625 0.13942307692307693
1 0.7716346153846154 0.47475961538461536 0.2283653846153846 0.1466346153846154
1 0.6370192307692307 0.5925480769230769 0.20673076923076922 0.0985576923076923
1 0.27283653846153844 0.8293269230769231 0.16346153846153846 0.125
1 0.13701923076923078 0.9591346153846154 0.2439903846153846 0.07932692307692307
1 0.6286057692307693 0.8737980769230769 0.22235576923076922 0.1346153846153846
1 0.7463942307692307 0.8389423076923077 0.2800480769230769 0.1466346153846154
1 0.8581730769230769 0.765625 0.2247596153846154 0.1141826923076923
1 0.8762019230769231 0.9230769230769231 0.2439903846153846 0.08653846153846154
1 0.7487980769230769 0.9663461538461539 0.21995192307692307 0.056490384615384616
1 0.9182692307692307 0.3293269230769231 0.15504807692307693 0.13701923076923078
1 0.6670673076923077 0.16947115384615385 0.35096153846153844 0.13581730769230768
1 0.19831730769230768 0.08533653846153846 0.3245192307692308 0.16105769230769232
1 0.3605769230769231 0.18870192307692307 0.21514423076923078 0.1466346153846154
1 0.109375 0.3293269230769231 0.21875 0.15625
1 0.07932692307692307 0.17307692307692307 0.15745192307692307 0.10576923076923077
1 0.5913461538461539 0.04567307692307692 0.2692307692307692 0.09134615384615384
1 0.5588942307692307 0.38341346153846156 0.15504807692307693 0.23557692307692307
1 0.3942307692307692 0.4387019230769231 0.14903846153846154 0.11778846153846154
1 0.921875 0.0985576923076923 0.1346153846153846 0.1971153846153846
1 0.08173076923076923 0.7175480769230769 0.15264423076923078 0.1045673076923077
1 0.19110576923076922 0.6923076923076923 0.24879807692307693 0.13701923076923078
1 0.47475961538461536 0.6947115384615384 0.25 0.12139423076923077
1 0.9266826923076923 0.6177884615384616 0.14423076923076922 0.1201923076923077
1 0.6382211538461539 0.2403846153846154 0.25 0.0733173076923077
1 0.6346153846153846 0.34975961538461536 0.08653846153846154 0.04567307692307692
1 0.6899038461538461 0.3004807692307692 0.203125 0.0985576923076923
1 0.9194711538461539 0.9795673076923077 0.15745192307692307 0.019230769230769232
1 0.3737980769230769 0.8076923076923077 0.1346153846153846 0.055288461538461536
1 0.06370192307692307 0.6694711538461539 0.11899038461538461 0.06850961538461539