1 0.8762019230769231 0.4411057692307692 0.15745192307692307 0.19831730769230768
1 0.6911057692307693 0.5192307692307693 0.171875 0.19831730769230768
1 0.6826923076923077 0.3329326923076923 0.18389423076923078 0.18629807692307693
1 0.5552884615384616 0.27403846153846156 0.11899038461538461 0.171875
1 0.23918269230769232 0.24278846153846154 0.1622596153846154 0.17067307692307693
1 0.4423076923076923 0.22716346153846154 0.1201923076923077 0.16826923076923078
1 0.29927884615384615 0.21995192307692307 0.11899038461538461 0.16346153846153846
1 0.3786057692307692 0.35216346153846156 0.1622596153846154 0.1622596153846154
1 0.09375 0.44711538461538464 0.11778846153846154 0.15985576923076922
1 0.36778846153846156 0.47475961538461536 0.10817307692307693 0.1502403846153846
1 0.29086538461538464 0.4891826923076923 0.07451923076923077 0.14182692307692307
1 0.8713942307692307 0.29086538461538464 0.1346153846153846 0.13942307692307693
1 0.04807692307692308 0.30288461538461536 0.08774038461538461 0.13701923076923078
1 0.25600961538461536 0.5120192307692307 0.1045673076923077 0.12980769230769232
1 0.20432692307692307 0.36538461538461536 0.10336538461538461 0.12980769230769232
1 0.15985576923076922 0.4567307692307692 0.1201923076923077 0.12139423076923077
1 0.7680288461538461 0.2764423076923077 0.13221153846153846 0.11899038461538461
1 0.5865384615384616 0.4206730769230769 0.07692307692307693 0.11899038461538461
1 0.9615384615384616 0.36778846153846156 0.07451923076923077 0.11538461538461539
1 0.5072115384615384 0.4050480769230769 0.078125 0.11057692307692307
1 0.9747596153846154 0.4723557692307692 0.05048076923076923 0.11057692307692307
1 0.4831730769230769 0.31009615384615385 0.08653846153846154 0.10817307692307693
1 0.07572115384615384 0.36899038461538464 0.1045673076923077 0.10817307692307693
1 0.4230769230769231 0.5504807692307693 0.0829326923076923 0.10576923076923077
1 0.12620192307692307 0.5552884615384616 0.1045673076923077 0.10576923076923077
1 0.055288461538461536 0.5336538461538461 0.08173076923076923 0.10576923076923077
1 0.5180288461538461 0.4987980769230769 0.06850961538461539 0.08653846153846154
1 0.6177884615384616 0.5769230769230769 0.14543269230769232 0.0829326923076923
1 0.9242788461538461 0.5829326923076923 0.08653846153846154 0.078125
1 0.7728365384615384 0.20432692307692307 0.078125 0.06971153846153846
1 0.08052884615384616 0.1814903846153846 0.07932692307692307 0.09375