0 0.9098557692307693 0.14543269230769232 0.15264423076923078 0.19471153846153846
4 0.4699519230769231 0.5889423076923077 0.4411057692307692 0.16826923076923078
4 0.3016826923076923 0.9338942307692307 0.38100961538461536 0.12980769230769232
0 0.18870192307692307 0.3473557692307692 0.18028846153846154 0.10817307692307693
0 0.3605769230769231 0.4170673076923077 0.16706730769230768 0.0829326923076923
0 0.9483173076923077 0.375 0.09975961538461539 0.08173076923076923
0 0.09134615384615384 0.36778846153846156 0.17548076923076922 0.07451923076923077
0 0.7668269230769231 0.4723557692307692 0.19831730769230768 0.06971153846153846
0 0.9411057692307693 0.47716346153846156 0.1141826923076923 0.0673076923076923
0 0.05889423076923077 0.46153846153846156 0.11778846153846154 0.06370192307692307
0 0.19110576923076922 0.41346153846153844 0.1814903846153846 0.0625
0 0.6057692307692307 0.45913461538461536 0.140625 0.052884615384615384
0 0.5985576923076923 0.4182692307692308 0.14543269230769232 0.051682692307692304
0 0.7115384615384616 0.39783653846153844 0.13581730769230768 0.042067307692307696