4 0.32091346153846156 0.5673076923076923 0.20793269230769232 0.15144230769230768
4 0.5048076923076923 0.5288461538461539 0.21875 0.0985576923076923
0 0.18389423076923078 0.15745192307692307 0.21153846153846154 0.09495192307692307
0 0.9591346153846154 0.21514423076923078 0.078125 0.09014423076923077
0 0.359375 0.19471153846153846 0.18629807692307693 0.0829326923076923
0 0.09254807692307693 0.3016826923076923 0.16706730769230768 0.07932692307692307
0 0.056490384615384616 0.24158653846153846 0.0889423076923077 0.06610576923076923
0 0.5108173076923077 0.30288461538461536 0.19230769230769232 0.06850961538461539
0 0.6838942307692307 0.2956730769230769 0.17668269230769232 0.0673076923076923
0 0.25961538461538464 0.2800480769230769 0.19110576923076922 0.06610576923076923
0 0.8425480769230769 0.28846153846153844 0.140625 0.06129807692307692
0 0.9759615384615384 0.27403846153846156 0.04567307692307692 0.051682692307692304
4 0.828125 0.4026442307692308 0.25721153846153844 0.057692307692307696
0 0.8846153846153846 0.31009615384615385 0.12980769230769232 0.04807692307692308
0 0.7692307692307693 0.21754807692307693 0.12980769230769232 0.046875
0 0.3137019230769231 0.2403846153846154 0.171875 0.04567307692307692
0 0.6730769230769231 0.7836538461538461 0.18028846153846154 0.09975961538461539