4 0.7091346153846154 0.4879807692307692 0.4699519230769231 0.2091346153846154
0 0.35096153846153844 0.7668269230769231 0.5108173076923077 0.18629807692307693
0 0.06610576923076923 0.41466346153846156 0.12860576923076922 0.09495192307692307
4 0.030048076923076924 0.8233173076923077 0.05889423076923077 0.08774038461538461
0 0.3245192307692308 0.5841346153846154 0.2536057692307692 0.09495192307692307
0 0.140625 0.8245192307692307 0.18028846153846154 0.09014423076923077
0 0.09735576923076923 0.5925480769230769 0.15625 0.08413461538461539
0 0.10817307692307693 0.5132211538461539 0.1310096153846154 0.08173076923076923
0 0.2668269230769231 0.6081730769230769 0.20432692307692307 0.08413461538461539
0 0.5144230769230769 0.6490384615384616 0.08653846153846154 0.057692307692307696
0 0.7596153846153846 0.6057692307692307 0.16826923076923078 0.06129807692307692
0 0.9230769230769231 0.9675480769230769 0.09014423076923077 0.055288461538461536
0 0.4182692307692308 0.671875 0.055288461538461536 0.04807692307692308
0 0.9663461538461539 0.7079326923076923 0.040865384615384616 0.04326923076923077
0 0.6766826923076923 0.6334134615384616 0.10336538461538461 0.04326923076923077
0 0.9314903846153846 0.7247596153846154 0.10576923076923077 0.046875