0 0.8112980769230769 0.4543269230769231 0.19110576923076922 0.34375
0 0.7704326923076923 0.875 0.1875 0.24639423076923078
0 0.8930288461538461 0.3545673076923077 0.2127403846153846 0.2692307692307692
0 0.6213942307692307 0.5588942307692307 0.1310096153846154 0.2439903846153846
0 0.9362980769230769 0.5865384615384616 0.125 0.2439903846153846
0 0.11298076923076923 0.45913461538461536 0.2247596153846154 0.22355769230769232
0 0.9158653846153846 0.9230769230769231 0.1658653846153846 0.15264423076923078
0 0.35096153846153844 0.7560096153846154 0.21394230769230768 0.1971153846153846
0 0.10096153846153846 0.5444711538461539 0.20192307692307693 0.12740384615384615
0 0.390625 0.9543269230769231 0.2439903846153846 0.09014423076923077
4 0.2644230769230769 0.3269230769230769 0.28125 0.6526442307692307