0 0.7644230769230769 0.13701923076923078 0.18870192307692307 0.24278846153846154
0 0.8112980769230769 0.30649038461538464 0.18389423076923078 0.1466346153846154
0 0.8894230769230769 0.1971153846153846 0.2091346153846154 0.14903846153846154
0 0.9110576923076923 0.09014423076923077 0.17548076923076922 0.13701923076923078
4 0.9122596153846154 0.4639423076923077 0.171875 0.1310096153846154
4 0.5012019230769231 0.6610576923076923 0.28725961538461536 0.125
0 0.828125 0.9254807692307693 0.24519230769230768 0.1201923076923077
0 0.5793269230769231 0.30649038461538464 0.06971153846153846 0.09975961538461539
0 0.9879807692307693 0.1778846153846154 0.020432692307692308 0.0985576923076923
4 0.59375 0.5552884615384616 0.20192307692307693 0.10336538461538461
0 0.5372596153846154 0.3473557692307692 0.09254807692307693 0.09375
0 0.7403846153846154 0.32211538461538464 0.19471153846153846 0.09975961538461539
4 0.38341346153846156 0.7283653846153846 0.14182692307692307 0.09014423076923077
0 0.3798076923076923 0.796875 0.08173076923076923 0.08774038461538461
4 0.4338942307692308 0.5012019230769231 0.1814903846153846 0.07932692307692307
0 0.7620192307692307 0.44350961538461536 0.07451923076923077 0.06850961538461539
0 0.8317307692307693 0.43028846153846156 0.10817307692307693 0.06370192307692307
0 0.8197115384615384 0.44471153846153844 0.09014423076923077 0.052884615384615384
0 0.6502403846153846 0.38100961538461536 0.07692307692307693 0.051682692307692304
0 0.5757211538461539 0.4050480769230769 0.109375 0.051682692307692304
0 0.6935096153846154 0.4326923076923077 0.10336538461538461 0.051682692307692304
0 0.7247596153846154 0.40865384615384615 0.05889423076923077 0.037259615384615384