0 0.484375 0.5024038461538461 0.5252403846153846 0.36899038461538464
0 0.38221153846153844 0.09134615384615384 0.2283653846153846 0.18269230769230768
0 0.9074519230769231 0.6995192307692307 0.18269230769230768 0.20432692307692307
0 0.8497596153846154 0.5396634615384616 0.1466346153846154 0.15745192307692307
0 0.953125 0.5096153846153846 0.09014423076923077 0.13581730769230768
0 0.9314903846153846 0.4014423076923077 0.13221153846153846 0.125
0 0.96875 0.7800480769230769 0.05889423076923077 0.08653846153846154
0 0.828125 0.9122596153846154 0.07692307692307693 0.06971153846153846
0 0.9182692307692307 0.8629807692307693 0.10576923076923077 0.06850961538461539
0 0.29086538461538464 0.8581730769230769 0.0829326923076923 0.057692307692307696
0 0.7752403846153846 0.7764423076923077 0.08173076923076923 0.057692307692307696
0 0.7067307692307693 0.7704326923076923 0.055288461538461536 0.056490384615384616
0 0.5060096153846154 0.9230769230769231 0.15625 0.057692307692307696
0 0.41586538461538464 0.8509615384615384 0.09975961538461539 0.051682692307692304
0 0.6670673076923077 0.859375 0.08653846153846154 0.05048076923076923
0 0.15985576923076922 0.9254807692307693 0.12379807692307693 0.05048076923076923
0 0.04326923076923077 0.9507211538461539 0.056490384615384616 0.04807692307692308
0 0.5721153846153846 0.8185096153846154 0.10096153846153846 0.04807692307692308
0 0.8016826923076923 0.7307692307692307 0.052884615384615384 0.04567307692307692
0 0.5348557692307693 0.8725961538461539 0.07692307692307693 0.04326923076923077
0 0.20793269230769232 0.8774038461538461 0.09014423076923077 0.042067307692307696
0 0.6262019230769231 0.7980769230769231 0.08173076923076923 0.036057692307692304
0 0.7295673076923077 0.8473557692307693 0.051682692307692304 0.09254807692307693