4 0.4639423076923077 0.71875 0.7223557692307693 0.27524038461538464
0 0.30649038461538464 0.12620192307692307 0.21514423076923078 0.20673076923076922
0 0.078125 0.4831730769230769 0.15625 0.19230769230769232
0 0.3112980769230769 0.375 0.15625 0.18870192307692307
0 0.8401442307692307 0.2692307692307692 0.22956730769230768 0.1622596153846154
0 0.3473557692307692 0.2512019230769231 0.18269230769230768 0.1466346153846154
4 0.8954326923076923 0.5697115384615384 0.20793269230769232 0.12980769230769232
0 0.09014423076923077 0.4110576923076923 0.12620192307692307 0.10576923076923077
0 0.6899038461538461 0.36778846153846156 0.1502403846153846 0.0985576923076923
0 0.4699519230769231 0.3485576923076923 0.11057692307692307 0.078125
0 0.30408653846153844 0.4206730769230769 0.1778846153846154 0.078125
0 0.5793269230769231 0.37740384615384615 0.055288461538461536 0.06971153846153846
0 0.6478365384615384 0.6442307692307693 0.1466346153846154 0.06971153846153846
4 0.5300480769230769 0.44471153846153844 0.12860576923076922 0.0625
0 0.40865384615384615 0.3918269230769231 0.15504807692307693 0.0625
0 0.5901442307692307 0.4891826923076923 0.1346153846153846 0.05889423076923077
0 0.8617788461538461 0.4735576923076923 0.08413461538461539 0.05048076923076923
0 0.6670673076923077 0.45552884615384615 0.09975961538461539 0.046875
0 0.9747596153846154 0.4807692307692308 0.046875 0.046875
0 0.9110576923076923 0.47836538461538464 0.06610576923076923 0.040865384615384616
0 0.7848557692307693 0.5036057692307693 0.036057692307692304 0.036057692307692304
0 0.6754807692307693 0.4230769230769231 0.09735576923076923 0.051682692307692304