0 0.5456730769230769 0.39903846153846156 0.90625 0.6802884615384616
0 0.43149038461538464 0.4987980769230769 0.7572115384615384 0.46274038461538464
0 0.6021634615384616 0.7932692307692307 0.18629807692307693 0.20192307692307693
0 0.8713942307692307 0.39903846153846156 0.2548076923076923 0.17307692307692307
0 0.010817307692307692 0.6814903846153846 0.021634615384615384 0.13221153846153846
4 0.48677884615384615 0.8774038461538461 0.14903846153846154 0.11298076923076923
0 0.03485576923076923 0.8137019230769231 0.06610576923076923 0.109375
0 0.39783653846153844 0.7007211538461539 0.06129807692307692 0.10576923076923077
0 0.3942307692307692 0.7463942307692307 0.109375 0.09254807692307693
0 0.125 0.8161057692307693 0.1045673076923077 0.07211538461538461
0 0.13341346153846154 0.765625 0.0985576923076923 0.06971153846153846
0 0.6502403846153846 0.6862980769230769 0.14423076923076922 0.05889423076923077
0 0.796875 0.18870192307692307 0.4026442307692308 0.2620192307692308