0 0.625 0.1045673076923077 0.28725961538461536 0.1502403846153846
0 0.7956730769230769 0.15384615384615385 0.18389423076923078 0.14543269230769232
0 0.8605769230769231 0.23557692307692307 0.17668269230769232 0.1346153846153846
0 0.16346153846153846 0.36778846153846156 0.3269230769230769 0.11538461538461539
0 0.9182692307692307 0.04447115384615385 0.15985576923076922 0.0889423076923077
4 0.5384615384615384 0.5588942307692307 0.203125 0.09735576923076923
0 0.9423076923076923 0.22355769230769232 0.11298076923076923 0.09014423076923077
0 0.6971153846153846 0.2956730769230769 0.15504807692307693 0.0829326923076923
4 0.2932692307692308 0.5348557692307693 0.27163461538461536 0.078125
0 0.8641826923076923 0.2283653846153846 0.16826923076923078 0.06850961538461539
0 0.43028846153846156 0.3894230769230769 0.24879807692307693 0.06610576923076923
0 0.17548076923076922 0.24879807692307693 0.19831730769230768 0.06129807692307692
0 0.4855769230769231 0.2800480769230769 0.19110576923076922 0.056490384615384616
0 0.4170673076923077 0.30288461538461536 0.18269230769230768 0.055288461538461536
0 0.10817307692307693 0.31971153846153844 0.21514423076923078 0.04807692307692308
0 0.6694711538461539 0.3137019230769231 0.2247596153846154 0.046875
0 0.12139423076923077 0.2668269230769231 0.16346153846153846 0.040865384615384616
4 0.10817307692307693 0.5853365384615384 0.21514423076923078 0.078125