1 0.7091346153846154 0.22596153846153846 0.13581730769230768 0.12139423076923077
1 0.5480769230769231 0.7620192307692307 0.09495192307692307 0.11538461538461539
1 0.7271634615384616 0.7475961538461539 0.15745192307692307 0.11899038461538461
1 0.4206730769230769 0.8713942307692307 0.15625 0.11298076923076923
1 0.24158653846153846 0.6165865384615384 0.14423076923076922 0.08653846153846154
1 0.7439903846153846 0.5576923076923077 0.12620192307692307 0.08413461538461539
1 0.2848557692307692 0.8317307692307693 0.12860576923076922 0.07932692307692307
1 0.5564903846153846 0.49038461538461536 0.14543269230769232 0.08173076923076923
1 0.6069711538461539 0.46153846153846156 0.1466346153846154 0.08173076923076923
1 0.6430288461538461 0.5480769230769231 0.12379807692307693 0.078125
1 0.8317307692307693 0.5408653846153846 0.12980769230769232 0.07692307692307693
1 0.6971153846153846 0.8834134615384616 0.140625 0.078125
1 0.9122596153846154 0.9350961538461539 0.1045673076923077 0.07211538461538461
1 0.39903846153846156 0.42788461538461536 0.16706730769230768 0.07451923076923077
1 0.953125 0.5817307692307693 0.08653846153846154 0.06610576923076923