0 0.3449519230769231 0.08774038461538461 0.1502403846153846 0.17548076923076922
0 0.22235576923076922 0.07572115384615384 0.10096153846153846 0.15144230769230768
0 0.5600961538461539 0.18629807692307693 0.171875 0.16105769230769232
4 0.5949519230769231 0.5384615384615384 0.15504807692307693 0.15504807692307693
0 0.22355769230769232 0.27884615384615385 0.0733173076923077 0.08413461538461539
4 0.3245192307692308 0.6081730769230769 0.11538461538461539 0.08173076923076923
0 0.3233173076923077 0.3798076923076923 0.109375 0.07451923076923077
0 0.08413461538461539 0.37259615384615385 0.078125 0.06971153846153846
0 0.03245192307692308 0.42908653846153844 0.06129807692307692 0.06129807692307692
0 0.11057692307692307 0.30288461538461536 0.11778846153846154 0.06129807692307692
0 0.40625 0.35336538461538464 0.171875 0.0625
0 0.12620192307692307 0.42427884615384615 0.07451923076923077 0.057692307692307696
0 0.04567307692307692 0.3629807692307692 0.07932692307692307 0.051682692307692304
0 0.16466346153846154 0.35096153846153844 0.09254807692307693 0.04567307692307692
0 0.26802884615384615 0.2980769230769231 0.09975961538461539 0.040865384615384616
0 0.30288461538461536 0.2668269230769231 0.0829326923076923 0.038461538461538464