1 0.2932692307692308 0.6778846153846154 0.13942307692307693 0.22355769230769232
1 0.3425480769230769 0.11538461538461539 0.08173076923076923 0.203125
1 0.21875 0.7668269230769231 0.14423076923076922 0.1935096153846154
1 0.6382211538461539 0.7644230769230769 0.0889423076923077 0.18629807692307693
1 0.21995192307692307 0.4411057692307692 0.1346153846153846 0.18389423076923078
1 0.6911057692307693 0.8677884615384616 0.0985576923076923 0.18028846153846154
1 0.8040865384615384 0.5228365384615384 0.10817307692307693 0.18028846153846154
1 0.13942307692307693 0.5060096153846154 0.11538461538461539 0.16826923076923078
1 0.3473557692307692 0.7115384615384616 0.10576923076923077 0.16706730769230768
1 0.96875 0.6899038461538461 0.051682692307692304 0.16346153846153846
1 0.2956730769230769 0.15264423076923078 0.06971153846153846 0.15745192307692307
1 0.5372596153846154 0.1466346153846154 0.055288461538461536 0.15625
1 0.6057692307692307 0.4206730769230769 0.13581730769230768 0.15985576923076922
1 0.5576923076923077 0.8317307692307693 0.078125 0.15504807692307693
1 0.5817307692307693 0.2247596153846154 0.056490384615384616 0.15264423076923078
1 0.6237980769230769 0.5144230769230769 0.109375 0.15625
1 0.43990384615384615 0.2668269230769231 0.1201923076923077 0.15504807692307693
1 0.4387019230769231 0.19471153846153846 0.07211538461538461 0.14903846153846154
1 0.7079326923076923 0.5096153846153846 0.10336538461538461 0.14543269230769232
1 0.7860576923076923 0.4098557692307692 0.078125 0.14423076923076922
1 0.8533653846153846 0.3798076923076923 0.07211538461538461 0.14182692307692307
1 0.8557692307692307 0.6911057692307693 0.0829326923076923 0.14182692307692307
1 0.12620192307692307 0.7211538461538461 0.11057692307692307 0.14423076923076922
1 0.4891826923076923 0.6526442307692307 0.11298076923076923 0.14182692307692307
1 0.30649038461538464 0.8822115384615384 0.09254807692307693 0.14182692307692307
1 0.10697115384615384 0.06009615384615385 0.15504807692307693 0.1201923076923077
1 0.39302884615384615 0.6057692307692307 0.09014423076923077 0.13581730769230768
1 0.3581730769230769 0.41346153846153844 0.15504807692307693 0.13221153846153846
1 0.7608173076923077 0.13341346153846154 0.0985576923076923 0.12620192307692307
1 0.7908653846153846 0.2824519230769231 0.10336538461538461 0.12620192307692307
1 0.6862980769230769 0.7019230769230769 0.055288461538461536 0.12139423076923077
1 0.5036057692307693 0.4831730769230769 0.08413461538461539 0.1201923076923077
1 0.6322115384615384 0.28846153846153844 0.05889423076923077 0.11899038461538461
1 0.6105769230769231 0.06129807692307692 0.0673076923076923 0.11298076923076923
1 0.5216346153846154 0.055288461538461536 0.05889423076923077 0.109375
1 0.6923076923076923 0.4266826923076923 0.07451923076923077 0.109375
1 0.31850961538461536 0.9387019230769231 0.1201923076923077 0.11057692307692307
1 0.25721153846153844 0.5228365384615384 0.07932692307692307 0.10817307692307693
1 0.9002403846153846 0.41466346153846156 0.05048076923076923 0.10576923076923077
1 0.8401442307692307 0.8137019230769231 0.09495192307692307 0.10576923076923077
1 0.7584134615384616 0.36778846153846156 0.046875 0.0985576923076923
1 0.4254807692307692 0.49038461538461536 0.0625 0.09375
1 0.9038461538461539 0.3449519230769231 0.0625 0.09375
1 0.3425480769230769 0.49399038461538464 0.08653846153846154 0.09014423076923077
1 0.7944711538461539 0.05889423076923077 0.09014423076923077 0.09014423076923077
1 0.2439903846153846 0.17307692307692307 0.07932692307692307 0.0889423076923077
1 0.25240384615384615 0.3485576923076923 0.06370192307692307 0.08413461538461539
1 0.3557692307692308 0.3317307692307692 0.08413461538461539 0.08413461538461539
1 0.6622596153846154 0.6286057692307693 0.057692307692307696 0.078125
1 0.6189903846153846 0.7427884615384616 0.09735576923076923 0.07692307692307693
1 0.5384615384615384 0.9399038461538461 0.051682692307692304 0.07451923076923077
1 0.5204326923076923 0.390625 0.09375 0.07451923076923077
1 0.3473557692307692 0.8197115384615384 0.10576923076923077 0.0733173076923077
1 0.6802884615384616 0.3557692307692308 0.04567307692307692 0.06610576923076923
1 0.9206730769230769 0.6838942307692307 0.06370192307692307 0.06370192307692307
1 0.21153846153846154 0.5324519230769231 0.03245192307692308 0.055288461538461536