4 0.640625 0.5841346153846154 0.20793269230769232 0.14903846153846154
4 0.4567307692307692 0.5420673076923077 0.21875 0.09375
0 0.7848557692307693 0.17427884615384615 0.2091346153846154 0.09254807692307693
0 0.02283653846153846 0.21754807692307693 0.04567307692307692 0.08774038461538461
0 0.6081730769230769 0.20793269230769232 0.18629807692307693 0.07932692307692307
0 0.8930288461538461 0.31971153846153844 0.203125 0.078125
0 0.9302884615384616 0.2608173076923077 0.12139423076923077 0.06850961538461539
0 0.4543269230769231 0.31490384615384615 0.19230769230769232 0.06610576923076923
0 0.2800480769230769 0.30528846153846156 0.17668269230769232 0.06370192307692307
0 0.7067307692307693 0.2956730769230769 0.19110576923076922 0.0625
0 0.12139423076923077 0.29447115384615385 0.140625 0.05889423076923077
4 0.1346153846153846 0.40865384615384615 0.25961538461538464 0.052884615384615384
0 0.07692307692307693 0.3161057692307692 0.12980769230769232 0.04567307692307692
0 0.19471153846153846 0.22355769230769232 0.12980769230769232 0.04326923076923077
0 0.6538461538461539 0.2536057692307692 0.171875 0.042067307692307696
0 0.2824519230769231 0.7956730769230769 0.18028846153846154 0.09735576923076923