0 0.7824519230769231 0.24278846153846154 0.037259615384615384 0.07692307692307693
0 0.8161057692307693 0.1935096153846154 0.030048076923076924 0.055288461538461536
0 0.3942307692307692 0.5168269230769231 0.027644230769230768 0.052884615384615384
0 0.21875 0.4879807692307692 0.04326923076923077 0.07692307692307693
0 0.16706730769230768 0.6237980769230769 0.040865384615384616 0.07692307692307693
0 0.11899038461538461 0.33413461538461536 0.03245192307692308 0.037259615384615384
0 0.019230769230769232 0.4266826923076923 0.037259615384615384 0.1971153846153846
0 0.71875 0.9038461538461539 0.055288461538461536 0.16826923076923078
0 0.7752403846153846 0.96875 0.036057692307692304 0.05889423076923077
0 0.7235576923076923 0.14423076923076922 0.026442307692307692 0.06850961538461539
0 0.6862980769230769 0.13701923076923078 0.025240384615384616 0.0625
0 0.4831730769230769 0.5456730769230769 0.030048076923076924 0.06129807692307692
0 0.7151442307692307 0.4519230769230769 0.026442307692307692 0.0733173076923077
0 0.7367788461538461 0.057692307692307696 0.027644230769230768 0.051682692307692304
0 0.8088942307692307 0.421875 0.02403846153846154 0.0673076923076923
0 0.8112980769230769 0.36899038461538464 0.03485576923076923 0.026442307692307692
0 0.7776442307692307 0.5 0.021634615384615384 0.04807692307692308
0 0.7355769230769231 0.5396634615384616 0.026442307692307692 0.06129807692307692
0 0.8137019230769231 0.5252403846153846 0.026442307692307692 0.056490384615384616