0 0.7151442307692307 0.06850961538461539 0.1622596153846154 0.13701923076923078
0 0.8509615384615384 0.055288461538461536 0.10817307692307693 0.11057692307692307
0 0.47836538461538464 0.1502403846153846 0.18870192307692307 0.17668269230769232
4 0.43990384615384615 0.5372596153846154 0.17067307692307693 0.17067307692307693
0 0.8473557692307693 0.2512019230769231 0.08173076923076923 0.09254807692307693
4 0.7355769230769231 0.6153846153846154 0.12620192307692307 0.0889423076923077
0 0.7379807692307693 0.3629807692307692 0.1201923076923077 0.0829326923076923
0 0.9747596153846154 0.35697115384615385 0.037259615384615384 0.078125
0 0.9483173076923077 0.2800480769230769 0.0829326923076923 0.06610576923076923
0 0.6466346153846154 0.33413461538461536 0.18870192307692307 0.06850961538461539
0 0.9543269230769231 0.4110576923076923 0.0829326923076923 0.06370192307692307
0 0.9110576923076923 0.3317307692307692 0.10096153846153846 0.05048076923076923
0 0.7980769230769231 0.27283653846153844 0.109375 0.04326923076923077
0 0.7596153846153846 0.2403846153846154 0.09014423076923077 0.042067307692307696