1 0.125 0.14903846153846154 0.16346153846153846 0.1310096153846154
1 0.1346153846153846 0.7067307692307693 0.14903846153846154 0.12379807692307693
1 0.8197115384615384 0.4987980769230769 0.14543269230769232 0.11057692307692307
1 0.0829326923076923 0.41346153846153844 0.1502403846153846 0.09975961538461539
1 0.42788461538461536 0.7151442307692307 0.17067307692307693 0.09495192307692307
1 0.25841346153846156 0.8677884615384616 0.09254807692307693 0.09254807692307693
1 0.11899038461538461 0.49158653846153844 0.14423076923076922 0.0889423076923077
1 0.4254807692307692 0.5396634615384616 0.125 0.08653846153846154
1 0.9338942307692307 0.30528846153846156 0.12980769230769232 0.0889423076923077
1 0.4567307692307692 0.8822115384615384 0.13942307692307693 0.078125
1 0.5961538461538461 0.9519230769230769 0.11298076923076923 0.07211538461538461
1 0.1310096153846154 0.921875 0.1502403846153846 0.0733173076923077
1 0.5264423076923077 0.5408653846153846 0.14543269230769232 0.0673076923076923
1 0.31971153846153844 0.5600961538461539 0.13581730769230768 0.056490384615384616
1 0.6394230769230769 0.5552884615384616 0.1201923076923077 0.05048076923076923