4 0.6189903846153846 0.6346153846153846 0.40625 0.2403846153846154
4 0.6334134615384616 0.3762019230769231 0.6009615384615384 0.23557692307692307
4 0.11899038461538461 0.8737980769230769 0.23798076923076922 0.15985576923076922
0 0.1141826923076923 0.5480769230769231 0.1310096153846154 0.08173076923076923
0 0.8677884615384616 0.13942307692307693 0.18389423076923078 0.07451923076923077
0 0.6237980769230769 0.20192307692307693 0.16826923076923078 0.0673076923076923
0 0.07932692307692307 0.1622596153846154 0.125 0.06370192307692307
0 0.19591346153846154 0.23557692307692307 0.1778846153846154 0.06370192307692307
0 0.5060096153846154 0.14543269230769232 0.14182692307692307 0.05889423076923077
0 0.8689903846153846 0.19831730769230768 0.17548076923076922 0.05889423076923077
0 0.625 0.06971153846153846 0.1310096153846154 0.055288461538461536
6 0.24879807692307693 0.671875 0.12860576923076922 0.055288461538461536
0 0.6995192307692307 0.13701923076923078 0.140625 0.052884615384615384
0 0.6514423076923077 0.11899038461538461 0.1045673076923077 0.04567307692307692
4 0.9266826923076923 0.7175480769230769 0.12980769230769232 0.09975961538461539