4 0.49399038461538464 0.6899038461538461 0.7620192307692307 0.29086538461538464
0 0.2620192307692308 0.09975961538461539 0.2283653846153846 0.1875
0 0.07211538461538461 0.4831730769230769 0.14423076923076922 0.20192307692307693
0 0.2956730769230769 0.3449519230769231 0.1658653846153846 0.20192307692307693
0 0.8401442307692307 0.17548076923076922 0.24278846153846154 0.171875
0 0.31971153846153844 0.2127403846153846 0.1935096153846154 0.15625
4 0.9098557692307693 0.48677884615384615 0.1778846153846154 0.13581730769230768
0 0.0673076923076923 0.40865384615384615 0.1346153846153846 0.1141826923076923
0 0.6935096153846154 0.2956730769230769 0.15745192307692307 0.1045673076923077
0 0.45913461538461536 0.29927884615384615 0.11778846153846154 0.08173076923076923
0 0.2932692307692308 0.3942307692307692 0.1875 0.0829326923076923
0 0.578125 0.31850961538461536 0.057692307692307696 0.07451923076923077
0 0.6778846153846154 0.5901442307692307 0.15504807692307693 0.07451923076923077
4 0.5324519230769231 0.3942307692307692 0.13581730769230768 0.0673076923076923
0 0.40024038461538464 0.35096153846153844 0.16346153846153846 0.06610576923076923
0 0.6009615384615384 0.4338942307692308 0.14182692307692307 0.0625
0 0.8846153846153846 0.3870192307692308 0.0889423076923077 0.052884615384615384
0 0.6778846153846154 0.390625 0.10576923076923077 0.05048076923076923
0 0.9375 0.3870192307692308 0.06971153846153846 0.042067307692307696
0 0.8076923076923077 0.42788461538461536 0.037259615384615384 0.037259615384615384
0 0.6838942307692307 0.3545673076923077 0.10336538461538461 0.055288461538461536