6 0.5324519230769231 0.14423076923076922 0.09735576923076923 0.2091346153846154
0 0.038461538461538464 0.31971153846153844 0.07211538461538461 0.11899038461538461
0 0.2776442307692308 0.3112980769230769 0.02403846153846154 0.08774038461538461
0 0.6995192307692307 0.32572115384615385 0.02403846153846154 0.08173076923076923
0 0.43149038461538464 0.1875 0.021634615384615384 0.0673076923076923
0 0.7427884615384616 0.7860576923076923 0.03125 0.052884615384615384
0 0.042067307692307696 0.42788461538461536 0.014423076923076924 0.051682692307692304
0 0.40024038461538464 0.8822115384615384 0.020432692307692308 0.040865384615384616
0 0.7872596153846154 0.8605769230769231 0.03125 0.040865384615384616
0 0.19591346153846154 0.8870192307692307 0.015625 0.036057692307692304
0 0.23557692307692307 0.5192307692307693 0.03245192307692308 0.036057692307692304
0 0.03125 0.8810096153846154 0.020432692307692308 0.036057692307692304
0 0.09975961538461539 0.9362980769230769 0.019230769230769232 0.03485576923076923
0 0.4411057692307692 0.38461538461538464 0.010817307692307692 0.03485576923076923
0 0.15985576923076922 0.8605769230769231 0.015625 0.03245192307692308
0 0.5997596153846154 0.2956730769230769 0.006009615384615385 0.026442307692307692
0 0.4963942307692308 0.31490384615384615 0.015625 0.025240384615384616
0 0.36778846153846156 0.8040865384615384 0.01201923076923077 0.020432692307692308
0 0.45072115384615385 0.33052884615384615 0.010817307692307692 0.019230769230769232
0 0.38100961538461536 0.8762019230769231 0.016826923076923076 0.019230769230769232
0 0.5793269230769231 0.3762019230769231 0.009615384615384616 0.010817307692307692
6 0.7019230769230769 0.47596153846153844 0.07211538461538461 0.21394230769230768