0 0.5925480769230769 0.06610576923076923 0.2920673076923077 0.13221153846153846
0 0.7632211538461539 0.09014423076923077 0.18870192307692307 0.15264423076923078
0 0.8317307692307693 0.16706730769230768 0.1814903846153846 0.140625
0 0.15745192307692307 0.3317307692307692 0.31490384615384615 0.12980769230769232
0 0.8834134615384616 0.010817307692307692 0.16706730769230768 0.021634615384615384
4 0.53125 0.5036057692307693 0.20673076923076922 0.10576923076923077
0 0.9182692307692307 0.1502403846153846 0.12980769230769232 0.09495192307692307
0 0.6730769230769231 0.23557692307692307 0.15625 0.09014423076923077
4 0.28725961538461536 0.49278846153846156 0.27163461538461536 0.09014423076923077
0 0.8341346153846154 0.15985576923076922 0.17067307692307693 0.07451923076923077
0 0.41466346153846156 0.3401442307692308 0.24879807692307693 0.07692307692307693
0 0.15625 0.21634615384615385 0.19831730769230768 0.06971153846153846
0 0.46274038461538464 0.23076923076923078 0.19110576923076922 0.0673076923076923
0 0.39663461538461536 0.25600961538461536 0.18269230769230768 0.0625
0 0.10096153846153846 0.28846153846153844 0.20192307692307693 0.05889423076923077
0 0.6466346153846154 0.2536057692307692 0.22355769230769232 0.056490384615384616
0 0.10336538461538461 0.23677884615384615 0.16346153846153846 0.04807692307692308
4 0.10817307692307693 0.5504807692307693 0.21394230769230768 0.08774038461538461