4 0.5132211538461539 0.5625 0.5456730769230769 0.1875
0 0.20793269230769232 0.6983173076923077 0.125 0.078125
0 0.328125 0.6538461538461539 0.22596153846153846 0.07932692307692307
0 0.4387019230769231 0.3088942307692308 0.17668269230769232 0.06850961538461539
0 0.5649038461538461 0.3942307692307692 0.15745192307692307 0.06610576923076923
0 0.23076923076923078 0.5925480769230769 0.14543269230769232 0.06370192307692307
0 0.7872596153846154 0.38100961538461536 0.19110576923076922 0.06370192307692307
0 0.21033653846153846 0.6574519230769231 0.109375 0.0625
0 0.203125 0.3137019230769231 0.17067307692307693 0.0625
4 0.1875 0.4050480769230769 0.2091346153846154 0.0625
0 0.4519230769230769 0.41225961538461536 0.13701923076923078 0.06129807692307692
0 0.43028846153846156 0.1814903846153846 0.16826923076923078 0.055288461538461536
0 0.375 0.42908653846153844 0.10576923076923077 0.052884615384615384
0 0.6033653846153846 0.3293269230769231 0.1466346153846154 0.051682692307692304
0 0.2091346153846154 0.15384615384615385 0.12379807692307693 0.051682692307692304
0 0.9435096153846154 0.8245192307692307 0.109375 0.08653846153846154