6 0.5252403846153846 0.7391826923076923 0.21514423076923078 0.1045673076923077
0 0.6622596153846154 0.0985576923076923 0.08173076923076923 0.08413461538461539
4 0.6153846153846154 0.23317307692307693 0.18269230769230768 0.06610576923076923
0 0.7163461538461539 0.22115384615384615 0.06610576923076923 0.05889423076923077
4 0.19110576923076922 0.3112980769230769 0.06370192307692307 0.05048076923076923
0 0.9591346153846154 0.12259615384615384 0.07932692307692307 0.051682692307692304
4 0.7584134615384616 0.15985576923076922 0.18629807692307693 0.051682692307692304
0 0.9951923076923077 0.14783653846153846 0.006009615384615385 0.04807692307692308
0 0.9182692307692307 0.15745192307692307 0.109375 0.046875
4 0.2644230769230769 0.3449519230769231 0.07932692307692307 0.04567307692307692
4 0.41947115384615385 0.3545673076923077 0.06129807692307692 0.04326923076923077
6 0.13581730769230768 0.5324519230769231 0.12379807692307693 0.04567307692307692
4 0.4675480769230769 0.4987980769230769 0.20673076923076922 0.04567307692307692
0 0.8629807692307693 0.21514423076923078 0.0985576923076923 0.040865384615384616
0 0.33413461538461536 0.18629807692307693 0.10576923076923077 0.037259615384615384
0 0.47716346153846156 0.21394230769230768 0.09254807692307693 0.03485576923076923
0 0.6622596153846154 0.22115384615384615 0.07211538461538461 0.03125
0 0.7572115384615384 0.19591346153846154 0.09375 0.03245192307692308
0 0.41346153846153844 0.265625 0.08653846153846154 0.03125
4 0.6502403846153846 0.4519230769230769 0.109375 0.03125
0 0.28365384615384615 0.24278846153846154 0.09254807692307693 0.03125
0 0.24278846153846154 0.18870192307692307 0.09375 0.030048076923076924
0 0.19110576923076922 0.2091346153846154 0.1045673076923077 0.030048076923076924
0 0.46153846153846156 0.24519230769230768 0.08653846153846154 0.027644230769230768
0 0.6213942307692307 0.19471153846153846 0.0733173076923077 0.026442307692307692
0 0.38100961538461536 0.23918269230769232 0.0625 0.025240384615384616
0 0.12620192307692307 0.19951923076923078 0.07451923076923077 0.026442307692307692
0 0.36899038461538464 0.2283653846153846 0.06370192307692307 0.025240384615384616
0 0.19591346153846154 0.23076923076923078 0.08774038461538461 0.025240384615384616
0 0.33653846153846156 0.21153846153846154 0.0733173076923077 0.025240384615384616
0 0.0829326923076923 0.34615384615384615 0.036057692307692304 0.019230769230769232
0 0.12259615384615384 0.3425480769230769 0.01201923076923077 0.01201923076923077
0 0.039663461538461536 0.3449519230769231 0.010817307692307692 0.01201923076923077