0 0.002403846153846154 0.19471153846153846 0.004807692307692308 0.03125
0 0.11778846153846154 0.2860576923076923 0.051682692307692304 0.10817307692307693
0 0.17548076923076922 0.41225961538461536 0.07211538461538461 0.09014423076923077
0 0.19230769230769232 0.4014423076923077 0.055288461538461536 0.10096153846153846
0 0.2620192307692308 0.38461538461538464 0.05048076923076923 0.0889423076923077
0 0.23197115384615385 0.5348557692307693 0.06850961538461539 0.0889423076923077
0 0.3605769230769231 0.47596153846153844 0.078125 0.11298076923076923
0 0.3401442307692308 0.5 0.07211538461538461 0.08653846153846154
0 0.41947115384615385 0.5336538461538461 0.09014423076923077 0.10576923076923077
0 0.42908653846153844 0.4338942307692308 0.0625 0.037259615384615384
0 0.5144230769230769 0.4987980769230769 0.042067307692307696 0.08653846153846154
0 0.6286057692307693 0.4963942307692308 0.13221153846153846 0.0889423076923077
0 0.7079326923076923 0.6754807692307693 0.08653846153846154 0.11899038461538461
0 0.9182692307692307 0.7487980769230769 0.0673076923076923 0.06129807692307692
0 0.9831730769230769 0.6346153846153846 0.030048076923076924 0.08653846153846154
0 0.7259615384615384 0.34975961538461536 0.05048076923076923 0.11298076923076923
0 0.8137019230769231 0.4254807692307692 0.06850961538461539 0.109375
0 0.4050480769230769 0.5685096153846154 0.06129807692307692 0.07692307692307693