2 0.47596153846153844 0.5348557692307693 0.11057692307692307 0.0985576923076923
2 0.35336538461538464 0.4567307692307692 0.057692307692307696 0.07932692307692307
2 0.1814903846153846 0.45552884615384615 0.0733173076923077 0.0733173076923077
2 0.4230769230769231 0.46153846153846156 0.038461538461538464 0.06850961538461539
2 0.6153846153846154 0.43149038461538464 0.036057692307692304 0.056490384615384616
2 0.7391826923076923 0.4411057692307692 0.04567307692307692 0.052884615384615384
2 0.9447115384615384 0.44350961538461536 0.03245192307692308 0.051682692307692304
2 0.5829326923076923 0.43028846153846156 0.037259615384615384 0.04567307692307692
2 0.7127403846153846 0.4074519230769231 0.037259615384615384 0.04567307692307692
2 0.9074519230769231 0.4326923076923077 0.036057692307692304 0.04326923076923077
2 0.15745192307692307 0.4254807692307692 0.037259615384615384 0.042067307692307696
2 0.13221153846153846 0.43149038461538464 0.019230769230769232 0.038461538461538464
2 0.7668269230769231 0.43149038461538464 0.027644230769230768 0.037259615384615384
2 0.6730769230769231 0.43149038461538464 0.03125 0.03245192307692308
2 0.8665865384615384 0.43149038461538464 0.020432692307692308 0.03245192307692308
2 0.3112980769230769 0.4254807692307692 0.025240384615384616 0.026442307692307692
2 0.43990384615384615 0.421875 0.037259615384615384 0.037259615384615384