0 0.6490384615384616 0.1310096153846154 0.052884615384615384 0.15625
0 0.6875 0.6610576923076923 0.04326923076923077 0.12980769230769232
0 0.6862980769230769 0.16105769230769232 0.0625 0.12980769230769232
0 0.7872596153846154 0.546875 0.036057692307692304 0.12620192307692307
0 0.7908653846153846 0.6346153846153846 0.078125 0.11778846153846154
0 0.8197115384615384 0.5685096153846154 0.042067307692307696 0.1045673076923077
0 0.7548076923076923 0.5144230769230769 0.05048076923076923 0.1045673076923077
0 0.9555288461538461 0.6177884615384616 0.036057692307692304 0.10336538461538461
0 0.46153846153846156 0.4230769230769231 0.038461538461538464 0.0985576923076923
0 0.875 0.6262019230769231 0.040865384615384616 0.0985576923076923
0 0.6658653846153846 0.47475961538461536 0.08173076923076923 0.09375
0 0.6754807692307693 0.3329326923076923 0.046875 0.09014423076923077
0 0.8545673076923077 0.7379807692307693 0.04567307692307692 0.0889423076923077
0 0.8966346153846154 0.8557692307692307 0.04326923076923077 0.0889423076923077
0 0.6322115384615384 0.38221153846153844 0.040865384615384616 0.0889423076923077
0 0.7247596153846154 0.9002403846153846 0.037259615384615384 0.08774038461538461
0 0.90625 0.7487980769230769 0.030048076923076924 0.08653846153846154
0 0.8762019230769231 0.6814903846153846 0.036057692307692304 0.08653846153846154
0 0.7067307692307693 0.5925480769230769 0.027644230769230768 0.08653846153846154
0 0.8509615384615384 0.6754807692307693 0.027644230769230768 0.078125
0 0.7355769230769231 0.35336538461538464 0.06850961538461539 0.0673076923076923
0 0.6262019230769231 0.27283653846153844 0.05048076923076923 0.06610576923076923
0 0.8305288461538461 0.9447115384615384 0.03245192307692308 0.0625
0 0.7451923076923077 0.19110576923076922 0.025240384615384616 0.06129807692307692
0 0.8028846153846154 0.9002403846153846 0.04326923076923077 0.056490384615384616
0 0.5913461538461539 0.10817307692307693 0.03485576923076923 0.056490384615384616
0 0.9435096153846154 0.9675480769230769 0.025240384615384616 0.04807692307692308
0 0.9122596153846154 0.06370192307692307 0.02403846153846154 0.04567307692307692