4 0.6057692307692307 0.6610576923076923 0.7079326923076923 0.25600961538461536
4 0.6322115384615384 0.38100961538461536 0.7307692307692307 0.22235576923076922
0 0.7908653846153846 0.8918269230769231 0.21754807692307693 0.10817307692307693
0 0.7608173076923077 0.6394230769230769 0.1141826923076923 0.07451923076923077
0 0.1971153846153846 0.20793269230769232 0.20673076923076922 0.06610576923076923
4 0.4423076923076923 0.5 0.12139423076923077 0.06610576923076923
0 0.04927884615384615 0.22235576923076922 0.0985576923076923 0.06370192307692307
0 0.5877403846153846 0.2800480769230769 0.1875 0.06129807692307692
0 0.30528846153846156 0.2127403846153846 0.11298076923076923 0.056490384615384616
0 0.9831730769230769 0.29927884615384615 0.030048076923076924 0.057692307692307696
0 0.5108173076923077 0.21875 0.171875 0.056490384615384616
0 0.6382211538461539 0.21754807692307693 0.12139423076923077 0.052884615384615384
0 0.39663461538461536 0.25841346153846156 0.19951923076923078 0.052884615384615384
0 0.6826923076923077 0.265625 0.12860576923076922 0.046875
0 0.038461538461538464 0.24879807692307693 0.07692307692307693 0.04567307692307692
0 0.46875 0.18629807692307693 0.15985576923076922 0.04326923076923077
0 0.12860576923076922 0.11057692307692307 0.140625 0.04326923076923077
0 0.7163461538461539 0.3605769230769231 0.1658653846153846 0.040865384615384616