2 0.32091346153846156 0.47596153846153844 0.08173076923076923 0.09735576923076923
2 0.9387019230769231 0.6466346153846154 0.1201923076923077 0.09975961538461539
2 0.7067307692307693 0.4266826923076923 0.06370192307692307 0.07932692307692307
2 0.17668269230769232 0.49038461538461536 0.06610576923076923 0.078125
2 0.6802884615384616 0.42908653846153844 0.036057692307692304 0.06129807692307692
2 0.6442307692307693 0.4326923076923077 0.04326923076923077 0.051682692307692304
2 0.9050480769230769 0.42788461538461536 0.06129807692307692 0.052884615384615384
2 0.8485576923076923 0.43149038461538464 0.04807692307692308 0.04807692307692308
2 0.7740384615384616 0.4074519230769231 0.038461538461538464 0.046875
2 0.6694711538461539 0.3762019230769231 0.038461538461538464 0.046875
2 0.8016826923076923 0.3954326923076923 0.05048076923076923 0.04326923076923077
2 0.9747596153846154 0.4254807692307692 0.042067307692307696 0.042067307692307696
2 0.4519230769230769 0.7223557692307693 0.1658653846153846 0.11298076923076923