2 0.5588942307692307 0.5552884615384616 0.12980769230769232 0.109375
2 0.8449519230769231 0.4567307692307692 0.07211538461538461 0.0985576923076923
2 0.41346153846153844 0.515625 0.078125 0.09254807692307693
2 0.6502403846153846 0.5012019230769231 0.037259615384615384 0.07451923076923077
2 0.7644230769230769 0.4543269230769231 0.0673076923076923 0.06850961538461539
2 0.6995192307692307 0.4723557692307692 0.046875 0.057692307692307696
2 0.030048076923076924 0.546875 0.05889423076923077 0.04807692307692308
2 0.23918269230769232 0.5432692307692307 0.04326923076923077 0.040865384615384616
2 0.9615384615384616 0.4735576923076923 0.030048076923076924 0.038461538461538464
2 0.05889423076923077 0.4807692307692308 0.038461538461538464 0.037259615384615384
2 0.15504807692307693 0.4963942307692308 0.021634615384615384 0.025240384615384616