4 0.8786057692307693 0.7560096153846154 0.04326923076923077 0.24639423076923078
0 0.44350961538461536 0.5877403846153846 0.09975961538461539 0.171875
0 0.25600961538461536 0.6225961538461539 0.056490384615384616 0.09975961538461539
0 0.7752403846153846 0.037259615384615384 0.027644230769230768 0.0733173076923077
0 0.796875 0.04567307692307692 0.026442307692307692 0.09134615384615384
0 0.6009615384615384 0.04567307692307692 0.03125 0.08774038461538461
0 0.8209134615384616 0.014423076923076924 0.03125 0.027644230769230768
0 0.5528846153846154 0.026442307692307692 0.019230769230769232 0.052884615384615384
0 0.6129807692307693 0.9819711538461539 0.025240384615384616 0.03245192307692308
0 0.07211538461538461 0.4326923076923077 0.037259615384615384 0.056490384615384616
0 0.13581730769230768 0.6526442307692307 0.02403846153846154 0.056490384615384616
0 0.25600961538461536 0.7175480769230769 0.03245192307692308 0.042067307692307696
0 0.9759615384615384 0.18028846153846154 0.015625 0.040865384615384616
0 0.3557692307692308 0.765625 0.052884615384615384 0.037259615384615384
0 0.4651442307692308 0.20673076923076922 0.014423076923076924 0.03125
0 0.6947115384615384 0.7379807692307693 0.03125 0.030048076923076924
0 0.9975961538461539 0.17908653846153846 0.001201923076923077 0.030048076923076924
0 0.8725961538461539 0.23798076923076922 0.019230769230769232 0.021634615384615384
0 0.6346153846153846 0.4519230769230769 0.03125 0.020432692307692308
0 0.9314903846153846 0.21995192307692307 0.021634615384615384 0.020432692307692308
0 0.25961538461538464 0.7584134615384616 0.046875 0.016826923076923076
0 0.3269230769230769 0.4026442307692308 0.03245192307692308 0.040865384615384616