2 0.46153846153846156 0.5192307692307693 0.11298076923076923 0.09975961538461539
2 0.33413461538461536 0.4411057692307692 0.05889423076923077 0.08173076923076923
2 0.15384615384615385 0.4423076923076923 0.07451923076923077 0.07451923076923077
2 0.4050480769230769 0.44350961538461536 0.038461538461538464 0.06971153846153846
2 0.6033653846153846 0.4098557692307692 0.037259615384615384 0.05889423076923077
2 0.7331730769230769 0.4182692307692308 0.046875 0.052884615384615384
2 0.9471153846153846 0.41586538461538464 0.03245192307692308 0.052884615384615384
2 0.5697115384615384 0.4074519230769231 0.037259615384615384 0.046875
2 0.7043269230769231 0.38221153846153844 0.037259615384615384 0.046875
2 0.9074519230769231 0.4050480769230769 0.037259615384615384 0.04326923076923077
2 0.12860576923076922 0.41225961538461536 0.038461538461538464 0.04326923076923077
2 0.10336538461538461 0.4182692307692308 0.019230769230769232 0.040865384615384616
2 0.7596153846153846 0.40625 0.027644230769230768 0.037259615384615384
2 0.6634615384615384 0.40865384615384615 0.03245192307692308 0.03485576923076923
2 0.8641826923076923 0.4050480769230769 0.020432692307692308 0.03485576923076923
2 0.28846153846153844 0.4074519230769231 0.025240384615384616 0.027644230769230768
2 0.421875 0.4026442307692308 0.038461538461538464 0.037259615384615384