2 0.4879807692307692 0.7836538461538461 0.10817307692307693 0.0985576923076923
2 0.6646634615384616 0.53125 0.07692307692307693 0.09375
2 0.7199519230769231 0.5336538461538461 0.0829326923076923 0.09375
2 0.3245192307692308 0.4855769230769231 0.0625 0.07211538461538461
2 0.8689903846153846 0.5528846153846154 0.0625 0.06971153846153846
2 0.021634615384615384 0.47716346153846156 0.042067307692307696 0.0673076923076923
2 0.4098557692307692 0.49038461538461536 0.04326923076923077 0.05048076923076923
2 0.12379807692307693 0.4723557692307692 0.04567307692307692 0.04807692307692308
2 0.3473557692307692 0.4807692307692308 0.02403846153846154 0.046875
2 0.9495192307692307 0.5216346153846154 0.04326923076923077 0.046875
2 0.38221153846153844 0.484375 0.026442307692307692 0.04326923076923077
2 0.17307692307692307 0.4831730769230769 0.04567307692307692 0.038461538461538464
2 0.359375 0.4230769230769231 0.030048076923076924 0.036057692307692304
2 0.2283653846153846 0.4567307692307692 0.0625 0.026442307692307692
2 0.1466346153846154 0.7920673076923077 0.2932692307692308 0.12139423076923077