0 0.3762019230769231 0.8497596153846154 0.078125 0.09254807692307693
0 0.3401442307692308 0.7848557692307693 0.06370192307692307 0.09495192307692307
0 0.32211538461538464 0.7487980769230769 0.057692307692307696 0.0985576923076923
0 0.2800480769230769 0.7115384615384616 0.03245192307692308 0.08173076923076923
0 0.4519230769230769 0.7415865384615384 0.07211538461538461 0.10336538461538461
0 0.4831730769230769 0.6682692307692307 0.0625 0.0889423076923077
0 0.40865384615384615 0.6778846153846154 0.07211538461538461 0.09375
0 0.3786057692307692 0.7175480769230769 0.04807692307692308 0.051682692307692304
0 0.48677884615384615 0.5408653846153846 0.07692307692307693 0.1045673076923077
0 0.5600961538461539 0.39302884615384615 0.09375 0.13701923076923078
0 0.5096153846153846 0.4266826923076923 0.06129807692307692 0.06370192307692307
0 0.39302884615384615 0.46274038461538464 0.06971153846153846 0.06129807692307692
0 0.4362980769230769 0.3737980769230769 0.056490384615384616 0.07932692307692307
0 0.4074519230769231 0.3317307692307692 0.06850961538461539 0.08413461538461539
0 0.5480769230769231 0.19110576923076922 0.06370192307692307 0.10096153846153846
0 0.4963942307692308 0.0889423076923077 0.08653846153846154 0.17668269230769232
0 0.42908653846153844 0.7800480769230769 0.05889423076923077 0.026442307692307692
0 0.49158653846153844 0.3485576923076923 0.06971153846153846 0.052884615384615384
0 0.5168269230769231 0.13942307692307693 0.046875 0.07451923076923077