0 0.4795673076923077 0.30528846153846156 0.5793269230769231 0.4170673076923077
0 0.5697115384615384 0.13581730769230768 0.4206730769230769 0.27163461538461536
4 0.3954326923076923 0.6141826923076923 0.36538461538461536 0.1971153846153846
4 0.7848557692307693 0.921875 0.4206730769230769 0.15264423076923078
0 0.7848557692307693 0.5096153846153846 0.28725961538461536 0.171875
0 0.08533653846153846 0.35336538461538464 0.16706730769230768 0.13581730769230768
0 0.9411057692307693 0.38221153846153844 0.11538461538461539 0.13221153846153846
0 0.8185096153846154 0.4182692307692308 0.10576923076923077 0.11778846153846154
0 0.921875 0.4483173076923077 0.15264423076923078 0.109375
0 0.5817307692307693 0.4338942307692308 0.234375 0.09495192307692307
0 0.9302884615384616 0.5480769230769231 0.13701923076923078 0.09254807692307693
0 0.5877403846153846 0.4855769230769231 0.12620192307692307 0.0673076923076923
0 0.4987980769230769 0.7668269230769231 0.18028846153846154 0.0673076923076923
4 0.3317307692307692 0.7439903846153846 0.08653846153846154 0.05889423076923077
0 0.6838942307692307 0.6177884615384616 0.171875 0.056490384615384616
0 0.11778846153846154 0.5877403846153846 0.12620192307692307 0.051682692307692304
0 0.3401442307692308 0.5745192307692307 0.0829326923076923 0.040865384615384616
0 0.03125 0.5709134615384616 0.0625 0.04567307692307692
0 0.2800480769230769 0.5817307692307693 0.06850961538461539 0.03245192307692308
0 0.2127403846153846 0.5817307692307693 0.0625 0.03125
4 0.8653846153846154 0.16346153846153846 0.2668269230769231 0.32211538461538464