0 0.4362980769230769 0.22115384615384615 0.09014423076923077 0.16826923076923078
0 0.3737980769230769 0.22956730769230768 0.07211538461538461 0.1658653846153846
0 0.2692307692307692 0.42788461538461536 0.1045673076923077 0.15625
0 0.4855769230769231 0.06850961538461539 0.10336538461538461 0.13701923076923078
0 0.9771634615384616 0.6947115384615384 0.042067307692307696 0.14543269230769232
0 0.36899038461538464 0.8389423076923077 0.11538461538461539 0.140625
0 0.43028846153846156 0.5300480769230769 0.09014423076923077 0.1346153846153846
0 0.12860576923076922 0.41346153846153844 0.0625 0.1346153846153846
0 0.38822115384615385 0.4387019230769231 0.07692307692307693 0.13221153846153846
0 0.6201923076923077 0.8269230769230769 0.046875 0.1310096153846154
0 0.4963942307692308 0.23798076923076922 0.0625 0.1310096153846154
0 0.3016826923076923 0.30288461538461536 0.07451923076923077 0.1310096153846154
0 0.3401442307692308 0.3870192307692308 0.09735576923076923 0.12860576923076922
0 0.7067307692307693 0.6935096153846154 0.040865384615384616 0.125
0 0.4879807692307692 0.45913461538461536 0.08173076923076923 0.11298076923076923
0 0.7199519230769231 0.37259615384615385 0.040865384615384616 0.09735576923076923
0 0.7620192307692307 0.5745192307692307 0.03245192307692308 0.09735576923076923
0 0.6622596153846154 0.43149038461538464 0.03125 0.09735576923076923
0 0.6502403846153846 0.6442307692307693 0.03125 0.09735576923076923
0 0.8509615384615384 0.5745192307692307 0.027644230769230768 0.09254807692307693
0 0.38100961538461536 0.5661057692307693 0.07932692307692307 0.09014423076923077
0 0.3557692307692308 0.6514423076923077 0.055288461538461536 0.08774038461538461
0 0.6598557692307693 0.3112980769230769 0.038461538461538464 0.08413461538461539
0 0.640625 0.7331730769230769 0.03125 0.08413461538461539
0 0.8293269230769231 0.4543269230769231 0.03125 0.08173076923076923
0 0.7692307692307693 0.4579326923076923 0.030048076923076924 0.07451923076923077
0 0.5252403846153846 0.16346153846153846 0.046875 0.06971153846153846
0 0.625 0.24158653846153846 0.026442307692307692 0.06850961538461539
0 0.9495192307692307 0.5324519230769231 0.02403846153846154 0.06850961538461539
0 0.6802884615384616 0.5504807692307693 0.027644230769230768 0.06370192307692307
0 0.6490384615384616 0.5564903846153846 0.036057692307692304 0.06370192307692307
0 0.5853365384615384 0.3245192307692308 0.046875 0.052884615384615384
0 0.5048076923076923 0.7439903846153846 0.021634615384615384 0.05048076923076923
0 0.48677884615384615 0.9230769230769231 0.021634615384615384 0.05048076923076923
0 0.5588942307692307 0.9278846153846154 0.03125 0.05048076923076923
0 0.5685096153846154 0.25240384615384615 0.03485576923076923 0.046875
0 0.7872596153846154 0.15625 0.020432692307692308 0.046875
0 0.45913461538461536 0.7824519230769231 0.019230769230769232 0.046875
0 0.7944711538461539 0.01201923076923077 0.026442307692307692 0.02403846153846154
0 0.13221153846153846 0.6550480769230769 0.056490384615384616 0.040865384615384616
0 0.5252403846153846 0.7836538461538461 0.009615384615384616 0.040865384615384616
0 0.5528846153846154 0.8822115384615384 0.019230769230769232 0.037259615384615384
0 0.5096153846153846 0.8137019230769231 0.014423076923076924 0.036057692307692304
0 0.7175480769230769 0.19471153846153846 0.015625 0.03485576923076923
0 0.7620192307692307 0.17067307692307693 0.027644230769230768 0.03125
0 0.7800480769230769 0.10817307692307693 0.030048076923076924 0.03125
0 0.7716346153846154 0.22115384615384615 0.01201923076923077 0.027644230769230768
0 0.5372596153846154 0.7884615384615384 0.01201923076923077 0.027644230769230768
0 0.8137019230769231 0.21995192307692307 0.021634615384615384 0.027644230769230768
0 0.7223557692307693 0.0673076923076923 0.019230769230769232 0.025240384615384616
0 0.6887019230769231 0.14423076923076922 0.021634615384615384 0.025240384615384616
0 0.6682692307692307 0.1310096153846154 0.014423076923076924 0.020432692307692308
6 0.6237980769230769 0.5552884615384616 0.07211538461538461 0.3401442307692308