2 0.9831730769230769 0.4639423076923077 0.03125 0.09014423076923077
2 0.28846153846153844 0.5300480769230769 0.0625 0.078125
2 0.4098557692307692 0.5348557692307693 0.06971153846153846 0.07211538461538461
2 0.2127403846153846 0.5384615384615384 0.06129807692307692 0.07211538461538461
2 0.53125 0.5240384615384616 0.06129807692307692 0.06370192307692307
2 0.8125 0.6802884615384616 0.17067307692307693 0.06610576923076923
2 0.7091346153846154 0.49399038461538464 0.051682692307692304 0.057692307692307696
2 0.8485576923076923 0.49278846153846156 0.04807692307692308 0.057692307692307696
2 0.7524038461538461 0.5012019230769231 0.057692307692307696 0.056490384615384616
2 0.11778846153846154 0.5120192307692307 0.051682692307692304 0.056490384615384616
2 0.5841346153846154 0.5240384615384616 0.06370192307692307 0.056490384615384616
2 0.5360576923076923 0.6754807692307693 0.22355769230769232 0.05048076923076923
2 0.051682692307692304 0.4951923076923077 0.05048076923076923 0.042067307692307696
2 0.8930288461538461 0.49038461538461536 0.040865384615384616 0.038461538461538464
2 0.7860576923076923 0.5036057692307693 0.04567307692307692 0.037259615384615384
2 0.8173076923076923 0.4987980769230769 0.02403846153846154 0.027644230769230768
2 0.9459134615384616 0.49399038461538464 0.03245192307692308 0.027644230769230768
2 0.671875 0.515625 0.06129807692307692 0.021634615384615384
2 0.04326923076923077 0.4411057692307692 0.03485576923076923 0.037259615384615384