0 0.14543269230769232 0.10817307692307693 0.29086538461538464 0.19471153846153846
0 0.23557692307692307 0.22596153846153846 0.19831730769230768 0.13942307692307693
4 0.3425480769230769 0.4651442307692308 0.3557692307692308 0.12620192307692307
0 0.3786057692307692 0.21754807692307693 0.13581730769230768 0.10817307692307693
0 0.36778846153846156 0.8737980769230769 0.3173076923076923 0.11778846153846154
0 0.4579326923076923 0.31009615384615385 0.055288461538461536 0.09975961538461539
0 0.34975961538461536 0.30649038461538464 0.042067307692307696 0.09014423076923077
4 0.7019230769230769 0.7512019230769231 0.15144230769230768 0.09254807692307693
4 0.6418269230769231 0.6141826923076923 0.2512019230769231 0.09495192307692307
4 0.5348557692307693 0.5240384615384616 0.2512019230769231 0.09375
0 0.02283653846153846 0.2980769230769231 0.04567307692307692 0.08173076923076923
0 0.4963942307692308 0.8269230769230769 0.22235576923076922 0.08774038461538461
0 0.45913461538461536 0.4110576923076923 0.09975961538461539 0.07211538461538461
0 0.3942307692307692 0.3870192307692308 0.07211538461538461 0.06370192307692307
0 0.1814903846153846 0.47836538461538464 0.0985576923076923 0.06370192307692307
0 0.5685096153846154 0.37740384615384615 0.0985576923076923 0.056490384615384616
0 0.30288461538461536 0.390625 0.18028846153846154 0.05889423076923077
0 0.44471153846153844 0.3798076923076923 0.052884615384615384 0.051682692307692304
0 0.052884615384615384 0.49759615384615385 0.10576923076923077 0.04567307692307692
0 0.33052884615384615 0.4362980769230769 0.06370192307692307 0.03485576923076923
0 0.2848557692307692 0.4254807692307692 0.07211538461538461 0.03485576923076923
0 0.2848557692307692 0.453125 0.0673076923076923 0.03125
0 0.25 0.47475961538461536 0.0625 0.030048076923076924
0 0.22115384615384615 0.5 0.055288461538461536 0.030048076923076924
0 0.14182692307692307 0.47716346153846156 0.0829326923076923 0.04326923076923077