0 0.9435096153846154 0.6862980769230769 0.0985576923076923 0.16105769230769232
0 0.9699519230769231 0.5204326923076923 0.057692307692307696 0.1778846153846154
0 0.8413461538461539 0.3401442307692308 0.06129807692307692 0.13581730769230768
0 0.7019230769230769 0.49158653846153844 0.12620192307692307 0.11899038461538461
0 0.7632211538461539 0.5649038461538461 0.1875 0.13701923076923078
0 0.4963942307692308 0.4567307692307692 0.1346153846153846 0.14182692307692307
0 0.578125 0.21754807692307693 0.12980769230769232 0.14543269230769232
0 0.6141826923076923 0.18870192307692307 0.06610576923076923 0.06129807692307692
0 0.34615384615384615 0.1310096153846154 0.1201923076923077 0.0673076923076923
0 0.3245192307692308 0.5024038461538461 0.125 0.15504807692307693
0 0.09735576923076923 0.359375 0.08173076923076923 0.09735576923076923
0 0.12860576923076922 0.24639423076923078 0.07211538461538461 0.10336538461538461
0 0.10096153846153846 0.17307692307692307 0.0625 0.078125
0 0.7692307692307693 0.15264423076923078 0.0985576923076923 0.056490384615384616
0 0.09254807692307693 0.008413461538461538 0.06971153846153846 0.016826923076923076