0 0.2247596153846154 0.16346153846153846 0.18028846153846154 0.22956730769230768
0 0.1814903846153846 0.3245192307692308 0.17668269230769232 0.140625
0 0.10576923076923077 0.22115384615384615 0.19831730769230768 0.14182692307692307
0 0.08413461538461539 0.11899038461538461 0.16826923076923078 0.1310096153846154
4 0.08413461538461539 0.47475961538461536 0.16706730769230768 0.12379807692307693
4 0.47596153846153844 0.6622596153846154 0.27403846153846156 0.11899038461538461
0 0.16466346153846154 0.9122596153846154 0.234375 0.1141826923076923
0 0.4014423076923077 0.3245192307692308 0.0673076923076923 0.09495192307692307
0 0.01201923076923077 0.20192307692307693 0.02403846153846154 0.09375
4 0.3870192307692308 0.5612980769230769 0.19230769230769232 0.09735576923076923
0 0.4411057692307692 0.3629807692307692 0.0889423076923077 0.09014423076923077
0 0.24879807692307693 0.3401442307692308 0.18629807692307693 0.09495192307692307
4 0.5865384615384616 0.7259615384615384 0.13581730769230768 0.08653846153846154
0 0.5913461538461539 0.7908653846153846 0.078125 0.0829326923076923
4 0.5396634615384616 0.5096153846153846 0.17307692307692307 0.07692307692307693
0 0.22596153846153846 0.4543269230769231 0.07211538461538461 0.06610576923076923
0 0.1622596153846154 0.4423076923076923 0.10336538461538461 0.06129807692307692
0 0.17307692307692307 0.4567307692307692 0.08653846153846154 0.051682692307692304
0 0.33413461538461536 0.3954326923076923 0.07211538461538461 0.04807692307692308
0 0.40384615384615385 0.4182692307692308 0.10336538461538461 0.04807692307692308
0 0.2932692307692308 0.44471153846153844 0.09735576923076923 0.04807692307692308
0 0.26322115384615385 0.421875 0.056490384615384616 0.036057692307692304