4 0.12740384615384615 0.7620192307692307 0.04807692307692308 0.23076923076923078
0 0.5384615384615384 0.6189903846153846 0.0985576923076923 0.16346153846153846
0 0.7127403846153846 0.6574519230769231 0.055288461538461536 0.09735576923076923
0 0.24639423076923078 0.08413461538461539 0.027644230769230768 0.0889423076923077
0 0.2247596153846154 0.09975961538461539 0.026442307692307692 0.08774038461538461
0 0.4074519230769231 0.10817307692307693 0.03125 0.0829326923076923
0 0.20432692307692307 0.04326923076923077 0.03125 0.078125
0 0.45552884615384615 0.08052884615384616 0.019230769230769232 0.06971153846153846
0 0.36778846153846156 0.9807692307692307 0.02403846153846154 0.030048076923076924
0 0.8894230769230769 0.4855769230769231 0.037259615384615384 0.052884615384615384
0 0.8221153846153846 0.6887019230769231 0.02403846153846154 0.051682692307692304
0 0.7091346153846154 0.7463942307692307 0.03125 0.040865384615384616
0 0.054086538461538464 0.21995192307692307 0.015625 0.037259615384615384
0 0.6141826923076923 0.7872596153846154 0.051682692307692304 0.036057692307692304
0 0.5300480769230769 0.2620192307692308 0.014423076923076924 0.030048076923076924
0 0.2980769230769231 0.7512019230769231 0.030048076923076924 0.027644230769230768
0 0.027644230769230768 0.21875 0.01201923076923077 0.026442307692307692
0 0.14903846153846154 0.2776442307692308 0.016826923076923076 0.020432692307692308
0 0.36538461538461536 0.4855769230769231 0.030048076923076924 0.020432692307692308
0 0.09375 0.25961538461538464 0.020432692307692308 0.019230769230769232
0 0.703125 0.7836538461538461 0.04326923076923077 0.016826923076923076
0 0.6526442307692307 0.4495192307692308 0.03245192307692308 0.040865384615384616