0 0.40024038461538464 0.16826923076923078 0.125 0.21754807692307693
0 0.8245192307692307 0.14543269230769232 0.04326923076923077 0.09975961538461539
0 0.6634615384615384 0.039663461538461536 0.046875 0.07932692307692307
0 0.6105769230769231 0.22956730769230768 0.0673076923076923 0.0829326923076923
0 0.47475961538461536 0.6682692307692307 0.055288461538461536 0.0733173076923077
0 0.4050480769230769 0.038461538461538464 0.078125 0.06850961538461539
0 0.6923076923076923 0.6105769230769231 0.0673076923076923 0.06850961538461539
0 0.5552884615384616 0.2800480769230769 0.03245192307692308 0.06129807692307692
0 0.6959134615384616 0.03245192307692308 0.03485576923076923 0.05889423076923077
0 0.7487980769230769 0.2644230769230769 0.027644230769230768 0.05048076923076923
0 0.7307692307692307 0.025240384615384616 0.03245192307692308 0.04807692307692308
0 0.7548076923076923 0.007211538461538462 0.04326923076923077 0.014423076923076924
0 0.5060096153846154 0.3173076923076923 0.030048076923076924 0.046875
0 0.5649038461538461 0.4182692307692308 0.06370192307692307 0.05048076923076923
0 0.6947115384615384 0.22596153846153846 0.03245192307692308 0.04567307692307692
0 0.8185096153846154 0.25721153846153844 0.030048076923076924 0.04326923076923077
0 0.6694711538461539 0.546875 0.037259615384615384 0.040865384615384616
0 0.7247596153846154 0.7019230769230769 0.046875 0.04567307692307692