6 0.3088942307692308 0.6141826923076923 0.3125 0.3269230769230769
0 0.9735576923076923 0.10336538461538461 0.04807692307692308 0.09254807692307693
0 0.7091346153846154 0.8677884615384616 0.036057692307692304 0.0673076923076923
0 0.2247596153846154 0.038461538461538464 0.03485576923076923 0.057692307692307696
0 0.2668269230769231 0.06610576923076923 0.03245192307692308 0.057692307692307696
0 0.9963942307692307 0.44711538461538464 0.004807692307692308 0.046875
0 0.38461538461538464 0.016826923076923076 0.07692307692307693 0.03365384615384615
0 0.3293269230769231 0.35336538461538464 0.02403846153846154 0.042067307692307696
0 0.1658653846153846 0.04807692307692308 0.040865384615384616 0.037259615384615384
0 0.36899038461538464 0.006009615384615385 0.06610576923076923 0.010817307692307692
0 0.2247596153846154 0.09975961538461539 0.020432692307692308 0.03485576923076923
0 0.9807692307692307 0.5697115384615384 0.027644230769230768 0.030048076923076924
0 0.4411057692307692 0.1971153846153846 0.0625 0.03125
0 0.8786057692307693 0.296875 0.05889423076923077 0.027644230769230768
0 0.3942307692307692 0.1622596153846154 0.027644230769230768 0.025240384615384616
0 0.38341346153846156 0.12259615384615384 0.026442307692307692 0.025240384615384616
0 0.42908653846153844 0.09975961538461539 0.05889423076923077 0.02403846153846154
0 0.5588942307692307 0.43149038461538464 0.038461538461538464 0.020432692307692308
0 0.1310096153846154 0.13221153846153846 0.036057692307692304 0.016826923076923076
0 0.5408653846153846 0.27524038461538464 0.016826923076923076 0.015625