2 0.5036057692307693 0.4963942307692308 0.11057692307692307 0.12620192307692307
2 0.3798076923076923 0.4026442307692308 0.037259615384615384 0.06129807692307692
2 0.5865384615384616 0.4026442307692308 0.037259615384615384 0.057692307692307696
2 0.7463942307692307 0.39903846153846156 0.03485576923076923 0.052884615384615384
2 0.6418269230769231 0.3713942307692308 0.042067307692307696 0.04326923076923077
2 0.9615384615384616 0.3870192307692308 0.030048076923076924 0.04326923076923077
2 0.6947115384615384 0.4098557692307692 0.056490384615384616 0.040865384615384616
2 0.7932692307692307 0.3942307692307692 0.03485576923076923 0.040865384615384616
2 0.8137019230769231 0.3894230769230769 0.02403846153846154 0.036057692307692304
2 0.5444711538461539 0.39302884615384615 0.02403846153846154 0.027644230769230768
2 0.9050480769230769 0.39903846153846156 0.025240384615384616 0.021634615384615384
2 0.49278846153846156 0.3954326923076923 0.03485576923076923 0.037259615384615384