0 0.4411057692307692 0.4206730769230769 0.8810096153846154 0.7019230769230769
0 0.5408653846153846 0.5096153846153846 0.7536057692307693 0.484375
0 0.390625 0.8052884615384616 0.19110576923076922 0.20432692307692307
0 0.11899038461538461 0.43509615384615385 0.23798076923076922 0.1778846153846154
0 0.9723557692307693 0.6658653846153846 0.052884615384615384 0.1310096153846154
4 0.5060096153846154 0.8798076923076923 0.14903846153846154 0.11778846153846154
0 0.9411057692307693 0.7956730769230769 0.06850961538461539 0.109375
0 0.5841346153846154 0.7043269230769231 0.06370192307692307 0.10576923076923077
0 0.5901442307692307 0.7487980769230769 0.11057692307692307 0.09495192307692307
0 0.8557692307692307 0.8028846153846154 0.1045673076923077 0.07451923076923077
0 0.8425480769230769 0.7536057692307693 0.0985576923076923 0.0733173076923077
0 0.3389423076923077 0.7043269230769231 0.14182692307692307 0.06370192307692307
0 0.18629807692307693 0.23076923076923078 0.37259615384615385 0.27403846153846156