2 0.45072115384615385 0.49038461538461536 0.12620192307692307 0.14182692307692307
2 0.5757211538461539 0.38100961538461536 0.04326923076923077 0.0673076923076923
2 0.3545673076923077 0.39903846153846156 0.04326923076923077 0.06370192307692307
2 0.18509615384615385 0.4050480769230769 0.042067307692307696 0.06129807692307692
2 0.29447115384615385 0.36778846153846156 0.04807692307692308 0.05048076923076923
2 0.2403846153846154 0.41225961538461536 0.06370192307692307 0.04807692307692308
2 0.1346153846153846 0.4026442307692308 0.038461538461538464 0.04567307692307692
2 0.11298076923076923 0.39903846153846156 0.026442307692307692 0.040865384615384616
2 0.39903846153846156 0.38341346153846156 0.026442307692307692 0.03245192307692308
2 0.016826923076923076 0.41586538461538464 0.027644230769230768 0.026442307692307692
2 0.4543269230769231 0.38221153846153844 0.038461538461538464 0.042067307692307696