2 0.6838942307692307 0.4699519230769231 0.0829326923076923 0.09975961538461539
2 0.055288461538461536 0.6598557692307693 0.11057692307692307 0.09975961538461539
2 0.2824519230769231 0.4254807692307692 0.06370192307692307 0.0829326923076923
2 0.8353365384615384 0.4831730769230769 0.06850961538461539 0.07932692307692307
2 0.3112980769230769 0.42788461538461536 0.036057692307692304 0.0625
2 0.3485576923076923 0.43149038461538464 0.04326923076923077 0.052884615384615384
2 0.078125 0.43028846153846156 0.06129807692307692 0.052884615384615384
2 0.13581730769230768 0.4338942307692308 0.04807692307692308 0.05048076923076923
2 0.2127403846153846 0.4074519230769231 0.040865384615384616 0.046875
2 0.32091346153846156 0.37259615384615385 0.040865384615384616 0.046875
2 0.18389423076923078 0.3942307692307692 0.05048076923076923 0.04326923076923077
2 0.014423076923076924 0.43028846153846156 0.026442307692307692 0.04567307692307692
2 0.5528846153846154 0.7283653846153846 0.17067307692307693 0.1141826923076923