0 0.31971153846153844 0.078125 0.1141826923076923 0.15625
4 0.6899038461538461 0.5240384615384616 0.27524038461538464 0.1622596153846154
0 0.49278846153846156 0.16466346153846154 0.1814903846153846 0.15625
0 0.16947115384615385 0.24639423076923078 0.08653846153846154 0.08653846153846154
4 0.28846153846153844 0.5889423076923077 0.1310096153846154 0.0829326923076923
0 0.2536057692307692 0.35336538461538464 0.1502403846153846 0.07932692307692307
4 0.06129807692307692 0.6694711538461539 0.12139423076923077 0.07932692307692307
0 0.037259615384615384 0.3473557692307692 0.06370192307692307 0.0733173076923077
0 0.34975961538461536 0.32091346153846156 0.1778846153846154 0.06850961538461539
0 0.056490384615384616 0.27163461538461536 0.09375 0.06370192307692307
0 0.08774038461538461 0.3954326923076923 0.0625 0.056490384615384616
0 0.09495192307692307 0.32091346153846156 0.08413461538461539 0.05048076923076923
0 0.24639423076923078 0.23317307692307693 0.0733173076923077 0.040865384615384616
0 0.21033653846153846 0.2620192307692308 0.078125 0.040865384615384616
0 0.17307692307692307 0.052884615384615384 0.13942307692307693 0.1045673076923077