2 0.6262019230769231 0.47596153846153844 0.3641826923076923 0.15504807692307693
2 0.028846153846153848 0.22355769230769232 0.04326923076923077 0.13701923076923078
2 0.10096153846153846 0.11538461538461539 0.10817307692307693 0.10096153846153846
2 0.8461538461538461 0.1814903846153846 0.0829326923076923 0.09375
2 0.5216346153846154 0.1310096153846154 0.05889423076923077 0.07451923076923077
2 0.02283653846153846 0.11778846153846154 0.021634615384615384 0.07451923076923077
2 0.203125 0.12259615384615384 0.055288461538461536 0.0625
2 0.45913461538461536 0.13942307692307693 0.05048076923076923 0.0625
2 0.9002403846153846 0.16706730769230768 0.06610576923076923 0.06129807692307692
2 0.3401442307692308 0.08774038461538461 0.027644230769230768 0.05048076923076923
2 0.3713942307692308 0.10096153846153846 0.037259615384615384 0.04807692307692308
2 0.4723557692307692 0.06129807692307692 0.042067307692307696 0.042067307692307696
2 0.2980769230769231 0.14182692307692307 0.06971153846153846 0.038461538461538464
2 0.6466346153846154 0.14423076923076922 0.03245192307692308 0.02403846153846154