4 0.10817307692307693 0.6670673076923077 0.09495192307692307 0.2776442307692308
0 0.6358173076923077 0.7680288461538461 0.0625 0.2536057692307692
0 0.7247596153846154 0.1778846153846154 0.15264423076923078 0.12139423076923077
0 0.8197115384615384 0.6165865384615384 0.02403846153846154 0.11057692307692307
0 0.9230769230769231 0.06971153846153846 0.140625 0.07932692307692307
0 0.8786057692307693 0.6394230769230769 0.05048076923076923 0.06610576923076923
0 0.6009615384615384 0.9447115384615384 0.030048076923076924 0.06370192307692307
0 0.9074519230769231 0.7307692307692307 0.056490384615384616 0.0673076923076923
0 0.6346153846153846 0.17548076923076922 0.046875 0.04807692307692308
0 0.5060096153846154 0.7860576923076923 0.046875 0.04567307692307692
0 0.47596153846153844 0.5300480769230769 0.042067307692307696 0.038461538461538464
0 0.5120192307692307 0.5084134615384616 0.03245192307692308 0.03245192307692308