6 0.38341346153846156 0.42908653846153844 0.0673076923076923 0.1502403846153846
4 0.3581730769230769 0.6213942307692307 0.05048076923076923 0.1346153846153846
0 0.6526442307692307 0.8125 0.02403846153846154 0.10576923076923077
0 0.5877403846153846 0.8786057692307693 0.025240384615384616 0.1045673076923077
0 0.47836538461538464 0.6911057692307693 0.03245192307692308 0.09375
0 0.5084134615384616 0.43990384615384615 0.026442307692307692 0.06610576923076923
0 0.41466346153846156 0.7019230769230769 0.014423076923076924 0.04567307692307692
0 0.44711538461538464 0.6045673076923077 0.014423076923076924 0.038461538461538464
0 0.5096153846153846 0.7776442307692307 0.03245192307692308 0.03125
0 0.5384615384615384 0.7572115384615384 0.019230769230769232 0.026442307692307692
0 0.31850961538461536 0.8617788461538461 0.009615384615384616 0.02403846153846154
0 0.296875 0.8858173076923077 0.010817307692307692 0.021634615384615384
0 0.5528846153846154 0.9591346153846154 0.016826923076923076 0.021634615384615384
0 0.23677884615384615 0.7283653846153846 0.007211538461538462 0.020432692307692308
0 0.4795673076923077 0.5841346153846154 0.015625 0.019230769230769232
0 0.28846153846153844 0.8581730769230769 0.009615384615384616 0.016826923076923076
0 0.4807692307692308 0.43149038461538464 0.021634615384615384 0.016826923076923076
0 0.2512019230769231 0.6911057692307693 0.006009615384615385 0.014423076923076924
0 0.33052884615384615 0.8197115384615384 0.010817307692307692 0.010817307692307692
0 0.3485576923076923 0.8497596153846154 0.009615384615384616 0.010817307692307692