0 0.34615384615384615 0.41586538461538464 0.4206730769230769 0.234375
0 0.6911057692307693 0.4254807692307692 0.24639423076923078 0.21875
4 0.5721153846153846 0.6490384615384616 0.2860576923076923 0.13942307692307693
0 0.2764423076923077 0.3269230769230769 0.203125 0.1346153846153846
0 0.05048076923076923 0.7980769230769231 0.09975961538461539 0.125
0 0.19230769230769232 0.5540865384615384 0.08774038461538461 0.0985576923076923
0 0.15384615384615385 0.42788461538461536 0.06971153846153846 0.09735576923076923
0 0.036057692307692304 0.6177884615384616 0.07211538461538461 0.08413461538461539
0 0.08653846153846154 0.6033653846153846 0.11298076923076923 0.07451923076923077
0 0.08774038461538461 0.7307692307692307 0.17548076923076922 0.078125
0 0.14903846153846154 0.6622596153846154 0.09014423076923077 0.0673076923076923
4 0.6286057692307693 0.15264423076923078 0.4543269230769231 0.30528846153846156