1 0.6887019230769231 0.2620192307692308 0.11298076923076923 0.078125
1 0.5973557692307693 0.33413461538461536 0.11538461538461539 0.0673076923076923
1 0.2439903846153846 0.3088942307692308 0.12860576923076922 0.06129807692307692
1 0.28846153846153844 0.7283653846153846 0.09735576923076923 0.056490384615384616
1 0.3161057692307692 0.3737980769230769 0.13942307692307693 0.057692307692307696
1 0.8653846153846154 0.4495192307692308 0.09375 0.055288461538461536
1 0.4423076923076923 0.06610576923076923 0.11899038461538461 0.056490384615384616
1 0.028846153846153848 0.18389423076923078 0.057692307692307696 0.055288461538461536
1 0.9050480769230769 0.29086538461538464 0.09975961538461539 0.052884615384615384
1 0.35216346153846156 0.296875 0.07692307692307693 0.051682692307692304
1 0.11899038461538461 0.7067307692307693 0.078125 0.051682692307692304
1 0.16826923076923078 0.8689903846153846 0.10336538461538461 0.051682692307692304
1 0.9302884615384616 0.6057692307692307 0.109375 0.05048076923076923
1 0.9278846153846154 0.5504807692307693 0.10576923076923077 0.046875
1 0.5588942307692307 0.9194711538461539 0.07211538461538461 0.042067307692307696
1 0.6177884615384616 0.1971153846153846 0.09254807692307693 0.04326923076923077
1 0.02403846153846154 0.7836538461538461 0.019230769230769232 0.040865384615384616
1 0.06370192307692307 0.8269230769230769 0.05048076923076923 0.040865384615384616
1 0.02283653846153846 0.3269230769230769 0.04567307692307692 0.042067307692307696
1 0.609375 0.5204326923076923 0.08413461538461539 0.037259615384615384
1 0.41225961538461536 0.4387019230769231 0.09014423076923077 0.037259615384615384
1 0.9495192307692307 0.3858173076923077 0.0889423076923077 0.03245192307692308