0 0.9771634615384616 0.18990384615384615 0.01201923076923077 0.027644230769230768
0 0.9230769230769231 0.20192307692307693 0.02403846153846154 0.026442307692307692
0 0.8088942307692307 0.2980769230769231 0.051682692307692304 0.10096153846153846
0 0.7668269230769231 0.4206730769230769 0.06971153846153846 0.08653846153846154
0 0.75 0.41225961538461536 0.052884615384615384 0.09735576923076923
0 0.6838942307692307 0.40024038461538464 0.04807692307692308 0.0829326923076923
0 0.7235576923076923 0.5408653846153846 0.06610576923076923 0.08413461538461539
0 0.5997596153846154 0.4951923076923077 0.07451923076923077 0.10576923076923077
0 0.6201923076923077 0.5168269230769231 0.06850961538461539 0.08173076923076923
0 0.5480769230769231 0.5540865384615384 0.08774038461538461 0.09975961538461539
0 0.53125 0.46274038461538464 0.05889423076923077 0.036057692307692304
0 0.4567307692307692 0.5300480769230769 0.040865384615384616 0.08173076923076923
0 0.34975961538461536 0.5372596153846154 0.125 0.08653846153846154
0 0.29086538461538464 0.7103365384615384 0.0829326923076923 0.11298076923076923
0 0.09975961538461539 0.7956730769230769 0.06370192307692307 0.05889423076923077
0 0.025240384615384616 0.6959134615384616 0.03485576923076923 0.07932692307692307
0 0.24639423076923078 0.4074519230769231 0.05048076923076923 0.1045673076923077
0 0.17067307692307693 0.4855769230769231 0.06610576923076923 0.1045673076923077
0 0.5637019230769231 0.5865384615384616 0.05889423076923077 0.0733173076923077