1 0.6911057692307693 0.24639423076923078 0.10817307692307693 0.0733173076923077
1 0.5997596153846154 0.3137019230769231 0.11057692307692307 0.06129807692307692
1 0.25240384615384615 0.27524038461538464 0.125 0.055288461538461536
1 0.2824519230769231 0.6911057692307693 0.09375 0.052884615384615384
1 0.32091346153846156 0.3425480769230769 0.13581730769230768 0.051682692307692304
1 0.859375 0.4362980769230769 0.09014423076923077 0.051682692307692304
1 0.45552884615384615 0.04567307692307692 0.11538461538461539 0.051682692307692304
1 0.037259615384615384 0.1466346153846154 0.0733173076923077 0.051682692307692304
1 0.9026442307692307 0.2824519230769231 0.09735576923076923 0.04807692307692308
1 0.359375 0.26802884615384615 0.0733173076923077 0.04807692307692308
1 0.11658653846153846 0.6634615384615384 0.07692307692307693 0.04807692307692308
1 0.15985576923076922 0.8245192307692307 0.09975961538461539 0.046875
1 0.9158653846153846 0.5925480769230769 0.10576923076923077 0.04567307692307692
1 0.9158653846153846 0.5384615384615384 0.10336538461538461 0.04326923076923077
1 0.7403846153846154 0.9783653846153846 0.0625 0.036057692307692304
1 0.5408653846153846 0.8870192307692307 0.06850961538461539 0.040865384615384616
1 0.6237980769230769 0.17908653846153846 0.0889423076923077 0.038461538461538464
1 0.016826923076923076 0.7367788461538461 0.02403846153846154 0.038461538461538464
1 0.057692307692307696 0.7788461538461539 0.04807692307692308 0.038461538461538464
1 0.027644230769230768 0.2860576923076923 0.055288461538461536 0.038461538461538464
1 0.6033653846153846 0.4963942307692308 0.08173076923076923 0.03485576923076923
1 0.41225961538461536 0.4098557692307692 0.08774038461538461 0.03485576923076923
1 0.9483173076923077 0.37740384615384615 0.09495192307692307 0.03125