0 0.0985576923076923 0.1310096153846154 0.15264423076923078 0.1971153846153846
4 0.5384615384615384 0.5913461538461539 0.44711538461538464 0.16346153846153846
4 0.7043269230769231 0.9411057692307693 0.3894230769230769 0.1141826923076923
0 0.8317307692307693 0.35096153846153844 0.18269230769230768 0.10817307692307693
0 0.6538461538461539 0.4182692307692308 0.16826923076923078 0.08173076923076923
0 0.052884615384615384 0.36538461538461536 0.1045673076923077 0.0829326923076923
0 0.9182692307692307 0.3713942307692308 0.15625 0.0733173076923077
0 0.23798076923076922 0.4675480769230769 0.203125 0.06850961538461539
0 0.05889423076923077 0.4699519230769231 0.11778846153846154 0.06610576923076923
0 0.9495192307692307 0.46875 0.09735576923076923 0.06370192307692307
0 0.8269230769230769 0.4182692307692308 0.18389423076923078 0.06129807692307692
0 0.4026442307692308 0.4567307692307692 0.14423076923076922 0.051682692307692304
0 0.4110576923076923 0.41466346153846156 0.14903846153846154 0.05048076923076923
0 0.296875 0.39302884615384615 0.13701923076923078 0.042067307692307696