0 0.4362980769230769 0.6454326923076923 0.20673076923076922 0.31850961538461536
0 0.9050480769230769 0.5492788461538461 0.1875 0.2932692307692308
0 0.23317307692307693 0.5168269230769231 0.1141826923076923 0.2692307692307692
0 0.5552884615384616 0.2439903846153846 0.1466346153846154 0.2247596153846154
0 0.5300480769230769 0.35697115384615385 0.08173076923076923 0.1622596153846154
0 0.43149038461538464 0.46634615384615385 0.11538461538461539 0.09735576923076923
0 0.7379807692307693 0.6887019230769231 0.17548076923076922 0.09254807692307693
0 0.6105769230769231 0.7800480769230769 0.2512019230769231 0.08774038461538461
0 0.17307692307692307 0.8076923076923077 0.05889423076923077 0.08413461538461539
0 0.24519230769230768 0.8125 0.07451923076923077 0.08173076923076923
0 0.4110576923076923 0.8810096153846154 0.15985576923076922 0.078125
0 0.25 0.7379807692307693 0.078125 0.07451923076923077
0 0.24639423076923078 0.9651442307692307 0.09975961538461539 0.06850961538461539
0 0.057692307692307696 0.8894230769230769 0.11538461538461539 0.0733173076923077
0 0.0889423076923077 0.9507211538461539 0.05889423076923077 0.06610576923076923
0 0.15144230769230768 0.8846153846153846 0.09975961538461539 0.05889423076923077