0 0.375 0.9254807692307693 0.0889423076923077 0.1045673076923077
0 0.3269230769230769 0.859375 0.07451923076923077 0.10576923076923077
0 0.30288461538461536 0.8245192307692307 0.0673076923076923 0.109375
0 0.25240384615384615 0.7884615384615384 0.040865384615384616 0.0889423076923077
0 0.4411057692307692 0.7992788461538461 0.0829326923076923 0.11538461538461539
0 0.46634615384615385 0.7163461538461539 0.0733173076923077 0.09975961538461539
0 0.3870192307692308 0.7355769230769231 0.0829326923076923 0.1045673076923077
0 0.3581730769230769 0.7824519230769231 0.055288461538461536 0.057692307692307696
0 0.4519230769230769 0.578125 0.08774038461538461 0.11778846153846154
0 0.5120192307692307 0.40865384615384615 0.109375 0.15504807692307693
0 0.46274038461538464 0.4519230769230769 0.06850961538461539 0.0733173076923077
0 0.3401442307692308 0.5072115384615384 0.07932692307692307 0.06971153846153846
0 0.375 0.4050480769230769 0.06610576923076923 0.09014423076923077
0 0.3389423076923077 0.36177884615384615 0.07932692307692307 0.09495192307692307
0 0.4723557692307692 0.19230769230769232 0.07451923076923077 0.1141826923076923
0 0.40384615384615385 0.09615384615384616 0.10336538461538461 0.18389423076923078
0 0.421875 0.8425480769230769 0.06610576923076923 0.03125
0 0.43149038461538464 0.3701923076923077 0.078125 0.06129807692307692
0 0.43149038461538464 0.14182692307692307 0.055288461538461536 0.08413461538461539