1 0.2800480769230769 0.6069711538461539 0.27403846153846156 0.16706730769230768
1 0.6682692307692307 0.6634615384615384 0.265625 0.13942307692307693
1 0.7596153846153846 0.48197115384615385 0.2283653846153846 0.1466346153846154
1 0.6189903846153846 0.5901442307692307 0.20673076923076922 0.0985576923076923
1 0.23798076923076922 0.8028846153846154 0.16346153846153846 0.125
1 0.10817307692307693 0.9338942307692307 0.21514423076923078 0.109375
1 0.5889423076923077 0.8689903846153846 0.22235576923076922 0.1346153846153846
1 0.7091346153846154 0.84375 0.2800480769230769 0.1466346153846154
1 0.8269230769230769 0.7788461538461539 0.2247596153846154 0.1141826923076923
1 0.8497596153846154 0.9375 0.27403846153846156 0.08653846153846154
1 0.703125 0.9699519230769231 0.22235576923076922 0.056490384615384616
1 0.9182692307692307 0.3485576923076923 0.15985576923076922 0.140625
1 0.6778846153846154 0.17067307692307693 0.35096153846153844 0.13581730769230768
1 0.21514423076923078 0.0673076923076923 0.3245192307692308 0.1346153846153846
1 0.36899038461538464 0.16706730769230768 0.21514423076923078 0.1466346153846154
1 0.11177884615384616 0.29086538461538464 0.21394230769230768 0.15504807692307693
1 0.09014423076923077 0.1310096153846154 0.15745192307692307 0.10336538461538461
1 0.6129807692307693 0.04326923076923077 0.2692307692307692 0.08653846153846154
1 0.5540865384615384 0.3762019230769231 0.15504807692307693 0.23557692307692307
1 0.38461538461538464 0.4206730769230769 0.14903846153846154 0.11778846153846154
1 0.9338942307692307 0.1141826923076923 0.12860576923076922 0.203125
1 0.06610576923076923 0.6778846153846154 0.13221153846153846 0.1045673076923077
1 0.1658653846153846 0.6586538461538461 0.24879807692307693 0.13701923076923078
1 0.4483173076923077 0.6814903846153846 0.25 0.12139423076923077
1 0.9134615384615384 0.6370192307692307 0.16346153846153846 0.11899038461538461
1 0.6442307692307693 0.23918269230769232 0.25 0.0733173076923077
1 0.6322115384615384 0.3473557692307692 0.08653846153846154 0.04567307692307692
1 0.6911057692307693 0.30288461538461536 0.203125 0.0985576923076923
1 0.8774038461538461 0.9927884615384616 0.16706730769230768 0.010817307692307692
1 0.3389423076923077 0.7872596153846154 0.1346153846153846 0.055288461538461536
1 0.05048076923076923 0.6274038461538461 0.10096153846153846 0.06971153846153846