4 0.8401442307692307 0.42788461538461536 0.3161057692307692 0.1045673076923077
0 0.31850961538461536 0.8653846153846154 0.12139423076923077 0.09014423076923077
0 0.0733173076923077 0.29086538461538464 0.125 0.08653846153846154
4 0.47716346153846156 0.6009615384615384 0.24519230769230768 0.08413461538461539
0 0.33774038461538464 0.33774038461538464 0.18389423076923078 0.07932692307692307
4 0.8137019230769231 0.5925480769230769 0.21995192307692307 0.078125
4 0.9350961538461539 0.7451923076923077 0.0985576923076923 0.05889423076923077
0 0.4230769230769231 0.39663461538461536 0.15625 0.06129807692307692
0 0.06971153846153846 0.43149038461538464 0.13581730769230768 0.057692307692307696
0 0.25961538461538464 0.3701923076923077 0.18269230769230768 0.06129807692307692
0 0.051682692307692304 0.390625 0.09254807692307693 0.051682692307692304
0 0.38341346153846156 0.5372596153846154 0.18629807692307693 0.057692307692307696
0 0.390625 0.46274038461538464 0.1502403846153846 0.055288461538461536
0 0.4699519230769231 0.43149038461538464 0.13942307692307693 0.052884615384615384
0 0.3545673076923077 0.41225961538461536 0.12980769230769232 0.04807692307692308
0 0.19471153846153846 0.4014423076923077 0.140625 0.046875
0 0.5072115384615384 0.46033653846153844 0.12860576923076922 0.046875
0 0.15144230769230768 0.4230769230769231 0.0889423076923077 0.037259615384615384