6 0.4639423076923077 0.6838942307692307 0.21754807692307693 0.09975961538461539
0 0.3473557692307692 0.03365384615384615 0.0829326923076923 0.0673076923076923
4 0.3894230769230769 0.1622596153846154 0.18389423076923078 0.05889423076923077
0 0.28725961538461536 0.14783653846153846 0.06610576923076923 0.05889423076923077
4 0.8209134615384616 0.25721153846153844 0.06370192307692307 0.05048076923076923
0 0.040865384615384616 0.037259615384615384 0.08173076923076923 0.05048076923076923
4 0.24639423076923078 0.08413461538461539 0.18870192307692307 0.04567307692307692
0 0.003605769230769231 0.06129807692307692 0.006009615384615385 0.04567307692307692
0 0.08413461538461539 0.07572115384615384 0.109375 0.04326923076923077
4 0.7463942307692307 0.29086538461538464 0.08173076923076923 0.04326923076923077
4 0.5865384615384616 0.29447115384615385 0.06129807692307692 0.04326923076923077
6 0.8689903846153846 0.4855769230769231 0.125 0.040865384615384616
4 0.5324519230769231 0.4411057692307692 0.2091346153846154 0.037259615384615384
0 0.13701923076923078 0.13701923076923078 0.09975961538461539 0.037259615384615384
0 0.6802884615384616 0.12620192307692307 0.10817307692307693 0.03485576923076923
0 0.5324519230769231 0.14903846153846154 0.09375 0.03125
0 0.3425480769230769 0.14903846153846154 0.07211538461538461 0.030048076923076924
0 0.24519230769230768 0.1201923076923077 0.09495192307692307 0.030048076923076924
0 0.5949519230769231 0.20432692307692307 0.08653846153846154 0.030048076923076924
4 0.34615384615384615 0.38461538461538464 0.11057692307692307 0.027644230769230768
0 0.7283653846153846 0.18509615384615385 0.09375 0.027644230769230768
0 0.7728365384615384 0.1310096153846154 0.09375 0.027644230769230768
0 0.8245192307692307 0.15384615384615385 0.10576923076923077 0.027644230769230768
0 0.5456730769230769 0.1814903846153846 0.08774038461538461 0.026442307692307692
0 0.38461538461538464 0.12379807692307693 0.07451923076923077 0.025240384615384616
0 0.6298076923076923 0.1778846153846154 0.06370192307692307 0.025240384615384616
0 0.8918269230769231 0.1466346153846154 0.07692307692307693 0.025240384615384616
0 0.6430288461538461 0.16826923076923078 0.06610576923076923 0.02403846153846154
0 0.8197115384615384 0.17548076923076922 0.0889423076923077 0.021634615384615384
0 0.6754807692307693 0.15144230769230768 0.07451923076923077 0.021634615384615384
0 0.9314903846153846 0.2980769230769231 0.036057692307692304 0.019230769230769232
0 0.890625 0.2920673076923077 0.01201923076923077 0.01201923076923077
0 0.9759615384615384 0.2980769230769231 0.01201923076923077 0.01201923076923077