2 0.2920673076923077 0.6141826923076923 0.0889423076923077 0.09495192307692307
2 0.7740384615384616 0.5709134615384616 0.051682692307692304 0.06610576923076923
2 0.9326923076923077 0.5841346153846154 0.051682692307692304 0.06370192307692307
2 0.8870192307692307 0.5829326923076923 0.036057692307692304 0.056490384615384616
2 0.9867788461538461 0.5913461538461539 0.019230769230769232 0.056490384615384616
2 0.8497596153846154 0.5805288461538461 0.03125 0.052884615384615384
2 0.6538461538461539 0.5276442307692307 0.06850961538461539 0.055288461538461536
2 0.41346153846153844 0.4699519230769231 0.05048076923076923 0.051682692307692304
2 0.9807692307692307 0.5721153846153846 0.03485576923076923 0.04807692307692308
2 0.7223557692307693 0.5348557692307693 0.036057692307692304 0.04326923076923077
2 0.28725961538461536 0.46033653846153844 0.04807692307692308 0.037259615384615384
2 0.8197115384615384 0.5889423076923077 0.057692307692307696 0.03485576923076923
2 0.5084134615384616 0.5480769230769231 0.04567307692307692 0.030048076923076924
2 0.20673076923076922 0.7536057692307693 0.3173076923076923 0.0985576923076923