0 0.8353365384615384 0.7560096153846154 0.05048076923076923 0.13581730769230768
0 0.8942307692307693 0.43028846153846156 0.051682692307692304 0.0733173076923077
0 0.7427884615384616 0.42788461538461536 0.10336538461538461 0.09014423076923077
0 0.6346153846153846 0.4519230769230769 0.08173076923076923 0.030048076923076924
0 0.6574519230769231 0.5324519230769231 0.0625 0.078125
0 0.5504807692307693 0.5324519230769231 0.055288461538461536 0.078125
0 0.5540865384615384 0.5360576923076923 0.09495192307692307 0.10817307692307693
0 0.4651442307692308 0.5420673076923077 0.078125 0.0985576923076923
0 0.3894230769230769 0.53125 0.0733173076923077 0.1045673076923077
0 0.35336538461538464 0.45913461538461536 0.078125 0.09735576923076923
0 0.22596153846153846 0.30288461538461536 0.03485576923076923 0.08774038461538461
0 0.21514423076923078 0.22956730769230768 0.036057692307692304 0.036057692307692304
0 0.12259615384615384 0.22235576923076922 0.038461538461538464 0.03485576923076923
0 0.06370192307692307 0.21995192307692307 0.027644230769230768 0.026442307692307692
0 0.11298076923076923 0.35216346153846156 0.038461538461538464 0.08173076923076923
0 0.16706730769230768 0.4074519230769231 0.037259615384615384 0.06370192307692307
0 0.2512019230769231 0.36658653846153844 0.052884615384615384 0.0673076923076923
0 0.2283653846153846 0.4254807692307692 0.046875 0.0733173076923077