4 0.1814903846153846 0.6778846153846154 0.32211538461538464 0.17067307692307693
4 0.4879807692307692 0.3942307692307692 0.23918269230769232 0.15264423076923078
4 0.5060096153846154 0.5432692307692307 0.17548076923076922 0.1310096153846154
0 0.24759615384615385 0.15625 0.18389423076923078 0.0889423076923077
0 0.7235576923076923 0.07572115384615384 0.1658653846153846 0.07932692307692307
4 0.5697115384615384 0.6286057692307693 0.24639423076923078 0.0733173076923077
0 0.7572115384615384 0.12860576923076922 0.16706730769230768 0.05889423076923077
0 0.9134615384615384 0.06490384615384616 0.09975961538461539 0.052884615384615384
0 0.9362980769230769 0.14182692307692307 0.0673076923076923 0.05048076923076923
0 0.8966346153846154 0.056490384615384616 0.13221153846153846 0.04326923076923077
0 0.9050480769230769 0.019230769230769232 0.11057692307692307 0.038461538461538464