4 0.6646634615384616 0.5012019230769231 0.4543269230769231 0.203125
0 0.31850961538461536 0.7728365384615384 0.4951923076923077 0.1814903846153846
0 0.052884615384615384 0.43149038461538464 0.10336538461538461 0.09014423076923077
4 0.018028846153846152 0.8269230769230769 0.036057692307692304 0.0829326923076923
0 0.2932692307692308 0.5949519230769231 0.24519230769230768 0.09375
0 0.11538461538461539 0.8269230769230769 0.17548076923076922 0.08774038461538461
0 0.07451923076923077 0.6021634615384616 0.14903846153846154 0.08413461538461539
0 0.0829326923076923 0.5264423076923077 0.12620192307692307 0.078125
0 0.23677884615384615 0.6189903846153846 0.19831730769230768 0.08173076923076923
0 0.47716346153846156 0.65625 0.0829326923076923 0.055288461538461536
0 0.7151442307692307 0.6153846153846154 0.16346153846153846 0.05889423076923077
0 0.8990384615384616 0.9675480769230769 0.13942307692307693 0.055288461538461536
0 0.38461538461538464 0.6802884615384616 0.052884615384615384 0.046875
0 0.9399038461538461 0.7175480769230769 0.09254807692307693 0.046875
0 0.6346153846153846 0.6430288461538461 0.09975961538461539 0.04326923076923077
0 0.8858173076923077 0.7307692307692307 0.109375 0.04326923076923077