1 0.2620192307692308 0.24278846153846154 0.2439903846153846 0.1466346153846154
1 0.35096153846153844 0.36899038461538464 0.21995192307692307 0.11298076923076923
1 0.21033653846153846 0.6466346153846154 0.140625 0.09014423076923077
1 0.04927884615384615 0.8125 0.06850961538461539 0.08173076923076923
1 0.5949519230769231 0.7307692307692307 0.14182692307692307 0.07932692307692307
1 0.9507211538461539 0.7932692307692307 0.06971153846153846 0.06610576923076923
1 0.6899038461538461 0.46875 0.13581730769230768 0.0673076923076923
1 0.5252403846153846 0.3737980769230769 0.10576923076923077 0.057692307692307696
1 0.49038461538461536 0.7524038461538461 0.0889423076923077 0.052884615384615384
1 0.9459134615384616 0.4879807692307692 0.08173076923076923 0.04807692307692308
1 0.12860576923076922 0.9026442307692307 0.08413461538461539 0.046875
1 0.019230769230769232 0.6995192307692307 0.019230769230769232 0.036057692307692304
1 0.30528846153846156 0.4855769230769231 0.09975961538461539 0.038461538461538464
1 0.1971153846153846 0.38461538461538464 0.057692307692307696 0.036057692307692304
1 0.20432692307692307 0.8269230769230769 0.0625 0.03485576923076923
1 0.7824519230769231 0.6286057692307693 0.07932692307692307 0.030048076923076924
1 0.7512019230769231 0.9699519230769231 0.1141826923076923 0.040865384615384616