0 0.36538461538461536 0.20192307692307693 0.5108173076923077 0.3918269230769231
0 0.6021634615384616 0.5841346153846154 0.2512019230769231 0.25961538461538464
0 0.8713942307692307 0.7536057692307693 0.2548076923076923 0.21754807692307693
0 0.7127403846153846 0.3870192307692308 0.1502403846153846 0.20793269230769232
0 0.08653846153846154 0.7019230769230769 0.052884615384615384 0.07932692307692307
0 0.4014423076923077 0.6550480769230769 0.0625 0.07211538461538461
0 0.27524038461538464 0.6466346153846154 0.078125 0.06971153846153846
0 0.037259615384615384 0.7824519230769231 0.05048076923076923 0.05889423076923077
0 0.484375 0.6838942307692307 0.07692307692307693 0.057692307692307696
0 0.3112980769230769 0.7115384615384616 0.09735576923076923 0.05889423076923077
0 0.1622596153846154 0.7091346153846154 0.09014423076923077 0.04326923076923077
0 0.32572115384615385 0.6370192307692307 0.06129807692307692 0.040865384615384616
0 0.08653846153846154 0.7223557692307693 0.10817307692307693 0.04326923076923077
0 0.04807692307692308 0.7848557692307693 0.06971153846153846 0.040865384615384616