0 0.5877403846153846 0.08173076923076923 0.2980769230769231 0.1622596153846154
0 0.7620192307692307 0.1141826923076923 0.1935096153846154 0.15745192307692307
0 0.8329326923076923 0.19110576923076922 0.18629807692307693 0.1466346153846154
0 0.15745192307692307 0.3713942307692308 0.3137019230769231 0.13942307692307693
0 0.8822115384615384 0.021634615384615384 0.171875 0.04326923076923077
4 0.5348557692307693 0.5360576923076923 0.2091346153846154 0.11057692307692307
0 0.9170673076923077 0.17307692307692307 0.125 0.09735576923076923
0 0.6730769230769231 0.26322115384615385 0.15985576923076922 0.09375
4 0.28846153846153844 0.5300480769230769 0.2764423076923077 0.09735576923076923
0 0.8365384615384616 0.18269230769230768 0.17307692307692307 0.07932692307692307
0 0.41346153846153844 0.3737980769230769 0.2536057692307692 0.08173076923076923
0 0.1502403846153846 0.2512019230769231 0.20192307692307693 0.07451923076923077
0 0.46153846153846156 0.2620192307692308 0.1935096153846154 0.06971153846153846
0 0.3954326923076923 0.28846153846153844 0.18629807692307693 0.0673076923076923
0 0.09975961538461539 0.3269230769230769 0.19831730769230768 0.06370192307692307
0 0.6478365384615384 0.28125 0.22596153846153846 0.06129807692307692
0 0.09735576923076923 0.27403846153846156 0.16706730769230768 0.052884615384615384
4 0.11057692307692307 0.5913461538461539 0.2127403846153846 0.09254807692307693