0 0.5757211538461539 0.6742788461538461 0.20192307692307693 0.3016826923076923
0 0.14302884615384615 0.5685096153846154 0.18629807692307693 0.2764423076923077
0 0.7680288461538461 0.5612980769230769 0.1141826923076923 0.2536057692307692
0 0.47716346153846156 0.2980769230769231 0.14423076923076922 0.21394230769230768
0 0.4963942307692308 0.4026442307692308 0.07932692307692307 0.15264423076923078
0 0.5865384615384616 0.5072115384615384 0.109375 0.09254807692307693
0 0.2956730769230769 0.7043269230769231 0.16346153846153846 0.09014423076923077
0 0.4098557692307692 0.7932692307692307 0.23557692307692307 0.0889423076923077
0 0.8125 0.8317307692307693 0.057692307692307696 0.08173076923076923
0 0.7463942307692307 0.8341346153846154 0.0733173076923077 0.078125
0 0.5913461538461539 0.8930288461538461 0.1502403846153846 0.078125
0 0.7439903846153846 0.765625 0.07451923076923077 0.07211538461538461
0 0.7415865384615384 0.9699519230769231 0.09495192307692307 0.057692307692307696
0 0.9242788461538461 0.9122596153846154 0.12379807692307693 0.07451923076923077
0 0.8870192307692307 0.9675480769230769 0.057692307692307696 0.0625
0 0.8317307692307693 0.9050480769230769 0.09375 0.057692307692307696