2 0.5817307692307693 0.5673076923076923 0.6045673076923077 0.4110576923076923
2 0.8737980769230769 0.29927884615384615 0.037259615384615384 0.09254807692307693
2 0.15745192307692307 0.31850961538461536 0.051682692307692304 0.08413461538461539
2 0.054086538461538464 0.3581730769230769 0.051682692307692304 0.07692307692307693
2 0.016826923076923076 0.3605769230769231 0.030048076923076924 0.06370192307692307
2 0.9302884615384616 0.29927884615384615 0.038461538461538464 0.0625
2 0.2620192307692308 0.3401442307692308 0.03485576923076923 0.056490384615384616
2 0.09975961538461539 0.3485576923076923 0.046875 0.056490384615384616
2 0.21033653846153846 0.35216346153846156 0.03485576923076923 0.05048076923076923
2 0.3004807692307692 0.3161057692307692 0.02403846153846154 0.04567307692307692
2 0.8293269230769231 0.33413461538461536 0.025240384615384616 0.038461538461538464
2 0.9831730769230769 0.31850961538461536 0.021634615384615384 0.03125