1 0.2704326923076923 0.1935096153846154 0.24879807692307693 0.15504807692307693
1 0.3401442307692308 0.33052884615384615 0.22355769230769232 0.11899038461538461
1 0.1622596153846154 0.5853365384615384 0.14182692307692307 0.09495192307692307
1 0.007211538461538462 0.7283653846153846 0.014423076923076924 0.08173076923076923
1 0.5300480769230769 0.7223557692307693 0.14423076923076922 0.08413461538461539
1 0.1201923076923077 0.9567307692307693 0.20192307692307693 0.038461538461538464
1 0.8762019230769231 0.8341346153846154 0.07211538461538461 0.0673076923076923
1 0.6622596153846154 0.47596153846153844 0.13701923076923078 0.07211538461538461
1 0.5120192307692307 0.3605769230769231 0.10817307692307693 0.0625
1 0.4254807692307692 0.7295673076923077 0.09014423076923077 0.056490384615384616
1 0.9122596153846154 0.5300480769230769 0.0829326923076923 0.051682692307692304
1 0.04567307692307692 0.8269230769230769 0.08653846153846154 0.05048076923076923
1 0.9927884615384616 0.43509615384615385 0.01201923076923077 0.04567307692307692
1 0.2776442307692308 0.4387019230769231 0.10096153846153846 0.042067307692307696
1 0.18389423076923078 0.3245192307692308 0.057692307692307696 0.037259615384615384
1 0.1310096153846154 0.7632211538461539 0.06370192307692307 0.036057692307692304
1 0.7307692307692307 0.6466346153846154 0.08173076923076923 0.03245192307692308
1 0.6502403846153846 0.9783653846153846 0.1201923076923077 0.040865384615384616