0 0.3798076923076923 0.24278846153846154 0.4675480769230769 0.2536057692307692
4 0.6730769230769231 0.06971153846153846 0.6141826923076923 0.13942307692307693
0 0.5444711538461539 0.34615384615384615 0.09735576923076923 0.09375
0 0.7740384615384616 0.8233173076923077 0.19110576923076922 0.0829326923076923
4 0.44471153846153844 0.6959134615384616 0.1814903846153846 0.0733173076923077
4 0.5348557692307693 0.6418269230769231 0.13701923076923078 0.06971153846153846
0 0.6790865384615384 0.4026442307692308 0.140625 0.0625
0 0.6850961538461539 0.44350961538461536 0.0673076923076923 0.057692307692307696
0 0.6526442307692307 0.359375 0.11538461538461539 0.056490384615384616
0 0.5913461538461539 0.45913461538461536 0.0985576923076923 0.055288461538461536
0 0.9627403846153846 0.40625 0.0673076923076923 0.05048076923076923
0 0.9699519230769231 0.5072115384615384 0.057692307692307696 0.052884615384615384
0 0.9567307692307693 0.5877403846153846 0.0829326923076923 0.055288461538461536
0 0.7752403846153846 0.3870192307692308 0.10576923076923077 0.05048076923076923
0 0.8930288461538461 0.41346153846153844 0.12139423076923077 0.05048076923076923
0 0.8401442307692307 0.484375 0.09975961538461539 0.04807692307692308
0 0.7932692307692307 0.42427884615384615 0.09495192307692307 0.046875
0 0.5276442307692307 0.41346153846153844 0.11778846153846154 0.042067307692307696
0 0.6826923076923077 0.4723557692307692 0.07932692307692307 0.038461538461538464