0 0.4543269230769231 0.36658653846153844 0.09254807692307693 0.06129807692307692
0 0.44471153846153844 0.5036057692307693 0.078125 0.0625
0 0.5012019230769231 0.5745192307692307 0.0985576923076923 0.07211538461538461
0 0.8221153846153846 0.6189903846153846 0.1466346153846154 0.0829326923076923
0 0.7980769230769231 0.5084134615384616 0.12379807692307693 0.09014423076923077
0 0.7800480769230769 0.5324519230769231 0.11778846153846154 0.09254807692307693
0 0.5564903846153846 0.7043269230769231 0.09735576923076923 0.055288461538461536
0 0.8064903846153846 0.8786057692307693 0.14543269230769232 0.12139423076923077
0 0.11899038461538461 0.4338942307692308 0.23798076923076922 0.19831730769230768
0 0.14302884615384615 0.31971153846153844 0.2247596153846154 0.14423076923076922
0 0.3557692307692308 0.4891826923076923 0.06850961538461539 0.06370192307692307
0 0.3870192307692308 0.6009615384615384 0.10096153846153846 0.06971153846153846
0 0.6033653846153846 0.46153846153846156 0.10096153846153846 0.06850961538461539
0 0.6262019230769231 0.3894230769230769 0.08653846153846154 0.07451923076923077
0 0.9867788461538461 0.5757211538461539 0.02403846153846154 0.0829326923076923
0 0.6334134615384616 0.5625 0.06971153846153846 0.04326923076923077
0 0.4807692307692308 0.43028846153846156 0.08653846153846154 0.06971153846153846
0 0.734375 0.4723557692307692 0.09375 0.051682692307692304
0 0.35096153846153844 0.5817307692307693 0.06370192307692307 0.051682692307692304
0 0.2512019230769231 0.5552884615384616 0.1141826923076923 0.06370192307692307
0 0.3389423076923077 0.5084134615384616 0.07692307692307693 0.057692307692307696
0 0.39663461538461536 0.375 0.06850961538461539 0.051682692307692304
0 0.11778846153846154 0.2283653846153846 0.05048076923076923 0.0829326923076923
0 0.3557692307692308 0.27283653846153844 0.19831730769230768 0.10817307692307693
0 0.71875 0.28725961538461536 0.037259615384615384 0.042067307692307696
0 0.24639423076923078 0.44591346153846156 0.0829326923076923 0.040865384615384616
0 0.9507211538461539 0.7716346153846154 0.04326923076923077 0.09375
0 0.9098557692307693 0.7956730769230769 0.04326923076923077 0.08774038461538461
0 0.8689903846153846 0.9182692307692307 0.09375 0.06610576923076923
0 0.26322115384615385 0.33653846153846156 0.05889423076923077 0.057692307692307696
0 0.21995192307692307 0.35697115384615385 0.07451923076923077 0.04567307692307692
0 0.9879807692307693 0.6009615384615384 0.020432692307692308 0.05889423076923077
0 0.5612980769230769 0.41586538461538464 0.030048076923076924 0.03125
0 0.6045673076923077 0.4483173076923077 0.057692307692307696 0.042067307692307696
0 0.7307692307692307 0.4543269230769231 0.10096153846153846 0.11899038461538461
0 0.2956730769230769 0.6262019230769231 0.06850961538461539 0.052884615384615384
0 0.49399038461538464 0.203125 0.037259615384615384 0.042067307692307696
0 0.4651442307692308 0.2091346153846154 0.03485576923076923 0.026442307692307692
0 0.46153846153846156 0.24278846153846154 0.042067307692307696 0.04326923076923077