0 0.44471153846153844 0.1502403846153846 0.109375 0.203125
0 0.8509615384615384 0.1778846153846154 0.037259615384615384 0.09495192307692307
0 0.7103365384615384 0.051682692307692304 0.038461538461538464 0.08413461538461539
0 0.6382211538461539 0.23317307692307693 0.06129807692307692 0.07692307692307693
0 0.4567307692307692 0.6334134615384616 0.04807692307692308 0.0673076923076923
0 0.46153846153846156 0.030048076923076924 0.07211538461538461 0.06009615384615385
0 0.6706730769230769 0.6057692307692307 0.0625 0.06370192307692307
0 0.5769230769230769 0.27524038461538464 0.027644230769230768 0.057692307692307696
0 0.7415865384615384 0.055288461538461536 0.030048076923076924 0.055288461538461536
0 0.7644230769230769 0.2824519230769231 0.025240384615384616 0.046875
0 0.7752403846153846 0.054086538461538464 0.030048076923076924 0.046875
0 0.8028846153846154 0.027644230769230768 0.038461538461538464 0.036057692307692304
0 0.5276442307692307 0.30408653846153844 0.026442307692307692 0.04326923076923077
0 0.5709134615384616 0.4074519230769231 0.05889423076923077 0.04567307692307692
0 0.71875 0.2403846153846154 0.027644230769230768 0.042067307692307696
0 0.8317307692307693 0.28365384615384615 0.026442307692307692 0.040865384615384616
0 0.65625 0.5408653846153846 0.03245192307692308 0.037259615384615384
0 0.6899038461538461 0.6947115384615384 0.04326923076923077 0.040865384615384616