6 0.4230769230769231 0.75 0.22355769230769232 0.11778846153846154
0 0.2512019230769231 0.10576923076923077 0.08653846153846154 0.09014423076923077
4 0.30408653846153844 0.2403846153846154 0.1875 0.07451923076923077
0 0.20192307692307693 0.23317307692307693 0.06971153846153846 0.06370192307692307
4 0.7391826923076923 0.2956730769230769 0.0673076923076923 0.052884615384615384
4 0.15504807692307693 0.17427884615384615 0.19110576923076922 0.06129807692307692
0 0.026442307692307692 0.18028846153846154 0.052884615384615384 0.052884615384615384
4 0.6670673076923077 0.33653846153846156 0.0829326923076923 0.05048076923076923
4 0.5096153846153846 0.35336538461538464 0.06370192307692307 0.04807692307692308
6 0.8064903846153846 0.5180288461538461 0.12860576923076922 0.051682692307692304
4 0.4699519230769231 0.5012019230769231 0.21153846153846154 0.056490384615384616
0 0.052884615384615384 0.23557692307692307 0.10096153846153846 0.046875
0 0.5877403846153846 0.1778846153846154 0.109375 0.04326923076923077
0 0.44350961538461536 0.2127403846153846 0.09495192307692307 0.040865384615384616
0 0.25721153846153844 0.23076923076923078 0.0733173076923077 0.036057692307692304
0 0.15745192307692307 0.21033653846153846 0.09735576923076923 0.037259615384615384
0 0.5096153846153846 0.26322115384615385 0.08774038461538461 0.036057692307692304
4 0.2800480769230769 0.46274038461538464 0.11298076923076923 0.037259615384615384
0 0.6418269230769231 0.23317307692307693 0.09375 0.036057692307692304
0 0.6802884615384616 0.17548076923076922 0.09495192307692307 0.036057692307692304
0 0.7331730769230769 0.1935096153846154 0.10817307692307693 0.036057692307692304
0 0.46033653846153844 0.2439903846153846 0.08774038461538461 0.03485576923076923
0 0.296875 0.20072115384615385 0.07692307692307693 0.03125
0 0.5420673076923077 0.23317307692307693 0.06610576923076923 0.030048076923076924
0 0.7992788461538461 0.18028846153846154 0.078125 0.03125
0 0.5552884615384616 0.22355769230769232 0.0673076923076923 0.030048076923076924
0 0.7307692307692307 0.21514423076923078 0.09014423076923077 0.030048076923076924
0 0.5865384615384616 0.20432692307692307 0.07692307692307693 0.027644230769230768
0 0.8509615384615384 0.3269230769230769 0.037259615384615384 0.020432692307692308
0 0.8112980769230769 0.3245192307692308 0.014423076923076924 0.014423076923076924
0 0.8954326923076923 0.32211538461538464 0.01201923076923077 0.01201923076923077