1 0.640625 0.2956730769230769 0.18028846153846154 0.17548076923076922
1 0.6826923076923077 0.7487980769230769 0.2403846153846154 0.1778846153846154
1 0.5841346153846154 0.5456730769230769 0.20432692307692307 0.14423076923076922
1 0.20552884615384615 0.5564903846153846 0.28125 0.1346153846153846
1 0.7644230769230769 0.4050480769230769 0.20793269230769232 0.1201923076923077
1 0.49038461538461536 0.7992788461538461 0.20793269230769232 0.10817307692307693
1 0.09975961538461539 0.6346153846153846 0.16706730769230768 0.08173076923076923
1 0.8209134615384616 0.7067307692307693 0.10336538461538461 0.0673076923076923
1 0.23317307692307693 0.8846153846153846 0.18389423076923078 0.0733173076923077
1 0.4387019230769231 0.90625 0.1310096153846154 0.0673076923076923
1 0.11298076923076923 0.8401442307692307 0.13221153846153846 0.06610576923076923
1 0.2548076923076923 0.9555288461538461 0.17067307692307693 0.06129807692307692
1 0.3581730769230769 0.7620192307692307 0.21394230769230768 0.06129807692307692
1 0.04807692307692308 0.6189903846153846 0.0889423076923077 0.1310096153846154