4 0.5036057692307693 0.4543269230769231 0.16105769230769232 0.15985576923076922
0 0.28846153846153844 0.05048076923076923 0.44350961538461536 0.09975961538461539
0 0.10096153846153846 0.16826923076923078 0.12139423076923077 0.09254807692307693
4 0.17548076923076922 0.4495192307692308 0.09735576923076923 0.057692307692307696
0 0.28725961538461536 0.6947115384615384 0.08774038461538461 0.055288461538461536
0 0.12139423076923077 0.3858173076923077 0.027644230769230768 0.04567307692307692
0 0.055288461538461536 0.5144230769230769 0.04807692307692308 0.04326923076923077
4 0.36538461538461536 0.5877403846153846 0.09014423076923077 0.04326923076923077
0 0.5733173076923077 0.25240384615384615 0.051682692307692304 0.040865384615384616
4 0.5120192307692307 0.6778846153846154 0.056490384615384616 0.038461538461538464
0 0.054086538461538464 0.41466346153846156 0.07932692307692307 0.038461538461538464
6 0.052884615384615384 0.7548076923076923 0.1045673076923077 0.040865384615384616
0 0.6021634615384616 0.5685096153846154 0.09014423076923077 0.03485576923076923
0 0.2283653846153846 0.40384615384615385 0.09495192307692307 0.03485576923076923
0 0.3449519230769231 0.3918269230769231 0.09254807692307693 0.03485576923076923
0 0.6274038461538461 0.42788461538461536 0.09014423076923077 0.03245192307692308
0 0.5324519230769231 0.5144230769230769 0.06610576923076923 0.03125
0 0.6754807692307693 0.46033653846153844 0.09014423076923077 0.03125
0 0.4074519230769231 0.43028846153846156 0.09014423076923077 0.030048076923076924
0 0.2848557692307692 0.45552884615384615 0.0889423076923077 0.030048076923076924
0 0.1935096153846154 0.3894230769230769 0.0889423076923077 0.030048076923076924
0 0.2824519230769231 0.4375 0.05048076923076923 0.027644230769230768
0 0.6838942307692307 0.42788461538461536 0.08653846153846154 0.027644230769230768
0 0.4699519230769231 0.41346153846153844 0.06971153846153846 0.027644230769230768
0 0.7067307692307693 0.53125 0.03245192307692308 0.026442307692307692
0 0.7067307692307693 0.546875 0.015625 0.014423076923076924
0 0.6658653846153846 0.5504807692307693 0.030048076923076924 0.01201923076923077
0 0.6850961538461539 0.5745192307692307 0.014423076923076924 0.010817307692307692
0 0.7560096153846154 0.5552884615384616 0.02403846153846154 0.010817307692307692
0 0.6754807692307693 0.5612980769230769 0.015625 0.009615384615384616