0 0.22115384615384615 0.24639423076923078 0.040865384615384616 0.07932692307692307
0 0.18509615384615385 0.1971153846153846 0.03245192307692308 0.057692307692307696
0 0.6310096153846154 0.5264423076923077 0.030048076923076924 0.055288461538461536
0 0.8137019230769231 0.49278846153846156 0.046875 0.08173076923076923
0 0.8713942307692307 0.6346153846153846 0.04326923076923077 0.07932692307692307
0 0.9146634615384616 0.3317307692307692 0.03485576923076923 0.038461538461538464
0 0.3004807692307692 0.9230769230769231 0.0625 0.1502403846153846
0 0.2403846153846154 0.9867788461538461 0.037259615384615384 0.02403846153846154
0 0.2800480769230769 0.14423076923076922 0.027644230769230768 0.07211538461538461
0 0.31850961538461536 0.1346153846153846 0.026442307692307692 0.0673076923076923
0 0.5396634615384616 0.5588942307692307 0.03245192307692308 0.06370192307692307
0 0.2956730769230769 0.4651442307692308 0.030048076923076924 0.07692307692307693
0 0.265625 0.052884615384615384 0.030048076923076924 0.052884615384615384
0 0.1971153846153846 0.4338942307692308 0.025240384615384616 0.06971153846153846
0 0.1935096153846154 0.38100961538461536 0.03485576923076923 0.030048076923076924
0 0.23076923076923078 0.515625 0.02403846153846154 0.05048076923076923
0 0.27524038461538464 0.5564903846153846 0.027644230769230768 0.06370192307692307
0 0.19471153846153846 0.5420673076923077 0.030048076923076924 0.05889423076923077