2 0.35216346153846156 0.33052884615384615 0.1045673076923077 0.1141826923076923
2 0.5384615384615384 0.5072115384615384 0.18629807692307693 0.08774038461538461
2 0.9314903846153846 0.2668269230769231 0.06370192307692307 0.06129807692307692
2 0.6983173076923077 0.265625 0.05889423076923077 0.056490384615384616
2 0.5384615384615384 0.26322115384615385 0.06850961538461539 0.056490384615384616
2 0.9519230769230769 0.24278846153846154 0.03245192307692308 0.04807692307692308
2 0.7427884615384616 0.265625 0.042067307692307696 0.04807692307692308
2 0.96875 0.28125 0.04807692307692308 0.04326923076923077
2 0.8786057692307693 0.27403846153846156 0.038461538461538464 0.038461538461538464
2 0.6550480769230769 0.25721153846153844 0.02403846153846154 0.030048076923076924
2 0.7956730769230769 0.2800480769230769 0.12379807692307693 0.03125
2 0.6346153846153846 0.2692307692307692 0.051682692307692304 0.020432692307692308
2 0.9807692307692307 0.2860576923076923 0.036057692307692304 0.021634615384615384
2 0.921875 0.24639423076923078 0.03245192307692308 0.016826923076923076