2 0.17548076923076922 0.25 0.1201923076923077 0.12980769230769232
2 0.13341346153846154 0.24879807692307693 0.056490384615384616 0.1045673076923077
2 0.7980769230769231 0.375 0.07692307692307693 0.09375
2 0.9338942307692307 0.3894230769230769 0.07451923076923077 0.0829326923076923
2 0.9867788461538461 0.40024038461538464 0.02403846153846154 0.0673076923076923
2 0.6117788461538461 0.3641826923076923 0.042067307692307696 0.0625
2 0.359375 0.5036057692307693 0.23557692307692307 0.07451923076923077
2 0.6418269230769231 0.3557692307692308 0.0625 0.06129807692307692
2 0.5829326923076923 0.3605769230769231 0.040865384615384616 0.057692307692307696
2 0.40625 0.3088942307692308 0.07451923076923077 0.057692307692307696
2 0.3137019230769231 0.2932692307692308 0.055288461538461536 0.052884615384615384
2 0.4387019230769231 0.31850961538461536 0.05048076923076923 0.046875
2 0.36658653846153844 0.31490384615384615 0.051682692307692304 0.04567307692307692