1 0.6862980769230769 0.18028846153846154 0.12860576923076922 0.11298076923076923
1 0.5841346153846154 0.7271634615384616 0.08774038461538461 0.10817307692307693
1 0.7596153846153846 0.6935096153846154 0.1502403846153846 0.10817307692307693
1 0.4699519230769231 0.8485576923076923 0.1502403846153846 0.10096153846153846
1 0.265625 0.6153846153846154 0.13942307692307693 0.07692307692307693
1 0.7560096153846154 0.5048076923076923 0.12139423076923077 0.07451923076923077
1 0.3317307692307692 0.8233173076923077 0.12379807692307693 0.07211538461538461
1 0.5649038461538461 0.45913461538461536 0.13942307692307693 0.07211538461538461
1 0.6105769230769231 0.4230769230769231 0.14182692307692307 0.07211538461538461
1 0.6550480769230769 0.5060096153846154 0.11899038461538461 0.06971153846153846
1 0.8413461538461539 0.47836538461538464 0.125 0.06850961538461539
1 0.7439903846153846 0.8329326923076923 0.13581730769230768 0.06850961538461539
1 0.9555288461538461 0.8617788461538461 0.08653846153846154 0.0673076923076923
1 0.4026442307692308 0.41225961538461536 0.1622596153846154 0.06370192307692307
1 0.9615384615384616 0.5072115384615384 0.0733173076923077 0.06129807692307692