4 0.12980769230769232 0.36778846153846156 0.25961538461538464 0.11298076923076923
0 0.6646634615384616 0.8581730769230769 0.13701923076923078 0.10096153846153846
0 0.9254807692307693 0.21875 0.11538461538461539 0.09975961538461539
4 0.4879807692307692 0.5637019230769231 0.27524038461538464 0.09375
0 0.6418269230769231 0.2704326923076923 0.20673076923076922 0.0889423076923077
4 0.11778846153846154 0.5540865384615384 0.23317307692307693 0.08653846153846154
0 0.5480769230769231 0.33413461538461536 0.17548076923076922 0.0673076923076923
0 0.9290865384615384 0.3762019230769231 0.12620192307692307 0.06610576923076923
0 0.7307692307692307 0.30528846153846156 0.20432692307692307 0.0673076923076923
0 0.9495192307692307 0.3293269230769231 0.07932692307692307 0.05889423076923077
0 0.5913461538461539 0.49278846153846156 0.20793269230769232 0.06370192307692307
0 0.5841346153846154 0.4098557692307692 0.16706730769230768 0.06129807692307692
0 0.4963942307692308 0.3737980769230769 0.15504807692307693 0.05889423076923077
0 0.6237980769230769 0.35096153846153844 0.14423076923076922 0.055288461538461536
0 0.8028846153846154 0.3401442307692308 0.15985576923076922 0.052884615384615384
0 0.4543269230769231 0.40625 0.14423076923076922 0.051682692307692304
0 0.8521634615384616 0.3641826923076923 0.09975961538461539 0.042067307692307696