3 0.24639423076923078 0.7115384615384616 0.0889423076923077 0.1141826923076923
3 0.29086538461538464 0.5817307692307693 0.057692307692307696 0.052884615384615384
3 0.6826923076923077 0.5949519230769231 0.055288461538461536 0.04807692307692308
3 0.9026442307692307 0.6370192307692307 0.055288461538461536 0.046875
3 0.5120192307692307 0.5949519230769231 0.07932692307692307 0.04326923076923077
3 0.6634615384615384 0.39663461538461536 0.04326923076923077 0.04326923076923077
3 0.7512019230769231 0.5769230769230769 0.051682692307692304 0.042067307692307696
3 0.6045673076923077 0.5733173076923077 0.0673076923076923 0.037259615384615384
3 0.22355769230769232 0.5588942307692307 0.0829326923076923 0.03125
3 0.43149038461538464 0.3942307692307692 0.06850961538461539 0.03125
3 0.5997596153846154 0.3870192307692308 0.037259615384615384 0.025240384615384616