4 0.8473557692307693 0.3473557692307692 0.28725961538461536 0.11298076923076923
0 0.3918269230769231 0.8942307692307693 0.13221153846153846 0.0985576923076923
0 0.052884615384615384 0.3269230769230769 0.10576923076923077 0.09495192307692307
4 0.5168269230769231 0.5877403846153846 0.2644230769230769 0.09375
0 0.32572115384615385 0.33413461538461536 0.19831730769230768 0.0889423076923077
4 0.8713942307692307 0.5228365384615384 0.23798076923076922 0.08774038461538461
4 0.9855769230769231 0.6670673076923077 0.025240384615384616 0.0625
0 0.42427884615384615 0.3798076923076923 0.16826923076923078 0.0673076923076923
0 0.06610576923076923 0.47836538461538464 0.13221153846153846 0.06610576923076923
0 0.24639423076923078 0.38100961538461536 0.1971153846153846 0.06850961538461539
0 0.040865384615384616 0.43509615384615385 0.08173076923076923 0.057692307692307696
0 0.4074519230769231 0.5360576923076923 0.19951923076923078 0.06610576923076923
0 0.4026442307692308 0.4567307692307692 0.16105769230769232 0.06129807692307692
0 0.4795673076923077 0.4098557692307692 0.1502403846153846 0.05889423076923077
0 0.3557692307692308 0.4074519230769231 0.13942307692307693 0.055288461538461536
0 0.18389423076923078 0.42427884615384615 0.15144230769230768 0.052884615384615384
0 0.5240384615384616 0.4338942307692308 0.13701923076923078 0.051682692307692304
0 0.14182692307692307 0.4543269230769231 0.09735576923076923 0.042067307692307696