0 0.7644230769230769 0.47115384615384615 0.057692307692307696 0.109375
0 0.90625 0.4411057692307692 0.05048076923076923 0.05889423076923077
0 0.9603365384615384 0.7367788461538461 0.0673076923076923 0.07211538461538461
0 0.8112980769230769 0.8966346153846154 0.051682692307692304 0.08173076923076923
0 0.48197115384615385 0.9867788461538461 0.03245192307692308 0.026442307692307692
0 0.16947115384615385 0.9362980769230769 0.026442307692307692 0.06129807692307692
0 0.49399038461538464 0.30528846153846156 0.046875 0.0625
0 0.6947115384615384 0.0625 0.06129807692307692 0.06370192307692307
0 0.6057692307692307 0.09014423076923077 0.020432692307692308 0.037259615384615384
0 0.7752403846153846 0.10697115384615384 0.036057692307692304 0.06610576923076923
0 0.5384615384615384 0.8858173076923077 0.027644230769230768 0.03125
0 0.5084134615384616 0.9050480769230769 0.03485576923076923 0.037259615384615384
0 0.421875 0.47475961538461536 0.027644230769230768 0.03485576923076923
0 0.21033653846153846 0.4483173076923077 0.016826923076923076 0.040865384615384616