4 0.5769230769230769 0.6442307692307693 0.703125 0.30649038461538464
4 0.6262019230769231 0.3786057692307692 0.7247596153846154 0.27524038461538464
0 0.7367788461538461 0.8822115384615384 0.21754807692307693 0.12139423076923077
0 0.7295673076923077 0.6370192307692307 0.11538461538461539 0.08173076923076923
0 0.22235576923076922 0.17307692307692307 0.20432692307692307 0.08173076923076923
4 0.4338942307692308 0.47596153846153844 0.12139423076923077 0.0733173076923077
0 0.07692307692307693 0.17548076923076922 0.1045673076923077 0.06850961538461539
0 0.5925480769230769 0.27524038461538464 0.18629807692307693 0.0733173076923077
0 0.3269230769230769 0.18870192307692307 0.11298076923076923 0.06370192307692307
0 0.9771634615384616 0.3293269230769231 0.042067307692307696 0.06129807692307692
0 0.5240384615384616 0.21153846153846154 0.17067307692307693 0.06850961538461539
0 0.6466346153846154 0.22115384615384615 0.12139423076923077 0.06129807692307692
0 0.4110576923076923 0.2403846153846154 0.1971153846153846 0.0673076923076923
0 0.6850961538461539 0.27163461538461536 0.12620192307692307 0.055288461538461536
0 0.06490384615384616 0.20072115384615385 0.08413461538461539 0.05048076923076923
0 0.4855769230769231 0.17548076923076922 0.15745192307692307 0.056490384615384616
0 0.1658653846153846 0.07451923076923077 0.13942307692307693 0.052884615384615384
0 0.7103365384615384 0.36538461538461536 0.1622596153846154 0.052884615384615384