4 0.3942307692307692 0.6310096153846154 0.4338942307692308 0.2668269230769231
4 0.4170673076923077 0.3581730769230769 0.6394230769230769 0.2692307692307692
4 0.8605769230769231 0.9314903846153846 0.21394230769230768 0.13221153846153846
0 0.9278846153846154 0.6141826923076923 0.13221153846153846 0.0889423076923077
0 0.2091346153846154 0.07692307692307693 0.19471153846153846 0.08413461538461539
0 0.453125 0.17908653846153846 0.18028846153846154 0.07692307692307693
0 0.9783653846153846 0.21514423076923078 0.038461538461538464 0.06850961538461539
0 0.8942307692307693 0.2776442307692308 0.18870192307692307 0.0733173076923077
0 0.5853365384615384 0.13701923076923078 0.15144230769230768 0.0673076923076923
0 0.1971153846153846 0.13942307692307693 0.18629807692307693 0.06850961538461539
0 0.47115384615384615 0.040865384615384616 0.140625 0.0625
6 0.7740384615384616 0.7235576923076923 0.13581730769230768 0.06129807692307692
0 0.38461538461538464 0.09975961538461539 0.14903846153846154 0.05889423076923077
0 0.4362980769230769 0.0889423076923077 0.11057692307692307 0.051682692307692304
4 0.06610576923076923 0.6730769230769231 0.13221153846153846 0.11057692307692307