6 0.6213942307692307 0.44471153846153844 0.06610576923076923 0.14903846153846154
4 0.6201923076923077 0.6370192307692307 0.05048076923076923 0.1346153846153846
0 0.30408653846153844 0.7848557692307693 0.02403846153846154 0.10576923076923077
0 0.3581730769230769 0.8581730769230769 0.025240384615384616 0.10336538461538461
0 0.49158653846153844 0.6899038461538461 0.03245192307692308 0.09375
0 0.4963942307692308 0.4375 0.026442307692307692 0.06610576923076923
0 0.5528846153846154 0.7091346153846154 0.014423076923076924 0.04567307692307692
0 0.5336538461538461 0.6081730769230769 0.014423076923076924 0.038461538461538464
0 0.4483173076923077 0.7692307692307693 0.03245192307692308 0.03125
0 0.4230769230769231 0.7463942307692307 0.019230769230769232 0.026442307692307692
0 0.6262019230769231 0.8798076923076923 0.009615384615384616 0.02403846153846154
0 0.6430288461538461 0.9074519230769231 0.010817307692307692 0.021634615384615384
0 0.38100961538461536 0.9447115384615384 0.016826923076923076 0.021634615384615384
0 0.7247596153846154 0.7608173076923077 0.007211538461538462 0.020432692307692308
0 0.5048076923076923 0.5853365384615384 0.015625 0.019230769230769232
0 0.6550480769230769 0.8810096153846154 0.009615384615384616 0.016826923076923076
0 0.5252403846153846 0.4338942307692308 0.021634615384615384 0.016826923076923076
0 0.7151442307692307 0.7223557692307693 0.006009615384615385 0.014423076923076924
0 0.6189903846153846 0.8377403846153846 0.010817307692307692 0.010817307692307692
0 0.5973557692307693 0.8629807692307693 0.009615384615384616 0.010817307692307692