0 0.23076923076923078 0.20192307692307693 0.44471153846153844 0.2692307692307692
4 0.7259615384615384 0.6730769230769231 0.42788461538461536 0.2608173076923077
0 0.46033653846153844 0.4182692307692308 0.41586538461538464 0.1971153846153846
0 0.23798076923076922 0.06129807692307692 0.1346153846153846 0.12259615384615384
0 0.9591346153846154 0.4098557692307692 0.07932692307692307 0.12620192307692307
0 0.019230769230769232 0.5264423076923077 0.038461538461538464 0.12139423076923077
0 0.1875 0.36538461538461536 0.11298076923076923 0.11057692307692307
4 0.29447115384615385 0.7463942307692307 0.23076923076923078 0.10336538461538461
0 0.046875 0.3762019230769231 0.08413461538461539 0.0829326923076923
0 0.07211538461538461 0.23798076923076922 0.12139423076923077 0.0733173076923077
0 0.057692307692307696 0.49278846153846156 0.11538461538461539 0.06971153846153846