6 0.2644230769230769 0.5877403846153846 0.18870192307692307 0.0829326923076923
0 0.07932692307692307 0.056490384615384616 0.09735576923076923 0.0673076923076923
0 0.15264423076923078 0.1045673076923077 0.0889423076923077 0.0625
0 0.2548076923076923 0.13341346153846154 0.07932692307692307 0.05889423076923077
0 0.11057692307692307 0.018028846153846152 0.13581730769230768 0.036057692307692304
0 0.04326923076923077 0.12620192307692307 0.06370192307692307 0.05889423076923077
0 0.02403846153846154 0.036057692307692304 0.019230769230769232 0.056490384615384616
6 0.7896634615384616 0.5180288461538461 0.17307692307692307 0.057692307692307696
0 0.4206730769230769 0.1971153846153846 0.10096153846153846 0.052884615384615384
0 0.21634615384615385 0.04807692307692308 0.09375 0.052884615384615384
4 0.06610576923076923 0.1935096153846154 0.1141826923076923 0.055288461538461536
0 0.8317307692307693 0.15745192307692307 0.10817307692307693 0.05048076923076923
0 0.3112980769230769 0.0985576923076923 0.057692307692307696 0.046875
0 0.24519230769230768 0.08173076923076923 0.0733173076923077 0.04326923076923077
0 0.6286057692307693 0.3137019230769231 0.09495192307692307 0.04326923076923077
0 0.5024038461538461 0.14302884615384615 0.08413461538461539 0.04326923076923077
0 0.33774038461538464 0.15504807692307693 0.05889423076923077 0.040865384615384616
0 0.7536057692307693 0.25600961538461536 0.0889423076923077 0.038461538461538464
0 0.7283653846153846 0.17307692307692307 0.0625 0.037259615384615384
0 0.5300480769230769 0.22596153846153846 0.08173076923076923 0.037259615384615384
0 0.6586538461538461 0.1778846153846154 0.06971153846153846 0.036057692307692304
0 0.41947115384615385 0.140625 0.057692307692307696 0.03485576923076923
0 0.8112980769230769 0.23317307692307693 0.0625 0.03245192307692308
0 0.8665865384615384 0.2091346153846154 0.07211538461538461 0.03245192307692308
0 0.5072115384615384 0.19110576923076922 0.06850961538461539 0.030048076923076924
0 0.39903846153846156 0.11057692307692307 0.06610576923076923 0.027644230769230768
0 0.6382211538461539 0.14302884615384615 0.0829326923076923 0.026442307692307692
0 0.8557692307692307 0.2800480769230769 0.05889423076923077 0.025240384615384616