1 0.7536057692307693 0.2439903846153846 0.2439903846153846 0.1466346153846154
1 0.6658653846153846 0.3701923076923077 0.21875 0.11057692307692307
1 0.8052884615384616 0.6454326923076923 0.13942307692307693 0.09014423076923077
1 0.9591346153846154 0.8088942307692307 0.052884615384615384 0.07932692307692307
1 0.42427884615384615 0.7283653846153846 0.140625 0.078125
1 0.06971153846153846 0.7908653846153846 0.06971153846153846 0.06610576923076923
1 0.3293269230769231 0.4699519230769231 0.1346153846153846 0.0673076923076923
1 0.49278846153846156 0.375 0.1045673076923077 0.057692307692307696
1 0.5276442307692307 0.75 0.0889423076923077 0.052884615384615384
1 0.22235576923076922 0.003605769230769231 0.21875 0.006009615384615385
1 0.07451923076923077 0.4879807692307692 0.08173076923076923 0.04807692307692308
1 0.8870192307692307 0.8990384615384616 0.0829326923076923 0.046875
1 0.7115384615384616 0.4855769230769231 0.09975961538461539 0.038461538461538464
1 0.8197115384615384 0.3858173076923077 0.057692307692307696 0.03485576923076923
1 0.8125 0.8245192307692307 0.06129807692307692 0.03245192307692308
1 0.23798076923076922 0.6286057692307693 0.07932692307692307 0.030048076923076924
1 0.26802884615384615 0.9675480769230769 0.1141826923076923 0.04567307692307692