6 0.45552884615384615 0.7067307692307693 0.20673076923076922 0.09735576923076923
0 0.33413461538461536 0.08413461538461539 0.07692307692307693 0.08173076923076923
4 0.3762019230769231 0.21394230769230768 0.17668269230769232 0.05889423076923077
0 0.27884615384615385 0.20192307692307693 0.0625 0.057692307692307696
4 0.7860576923076923 0.296875 0.06129807692307692 0.046875
0 0.042067307692307696 0.10096153846153846 0.08413461538461539 0.04807692307692308
4 0.23918269230769232 0.14182692307692307 0.18028846153846154 0.04567307692307692
0 0.007211538461538462 0.12379807692307693 0.014423076923076924 0.04567307692307692
0 0.08533653846153846 0.13581730769230768 0.1045673076923077 0.04326923076923077
4 0.7139423076923077 0.3293269230769231 0.07692307692307693 0.04326923076923077
4 0.5637019230769231 0.33653846153846156 0.057692307692307696 0.042067307692307696
6 0.8341346153846154 0.5120192307692307 0.11899038461538461 0.040865384615384616
4 0.5144230769230769 0.47475961538461536 0.19831730769230768 0.038461538461538464
0 0.13701923076923078 0.1935096153846154 0.09495192307692307 0.037259615384615384
0 0.6502403846153846 0.17427884615384615 0.10336538461538461 0.03485576923076923
0 0.5096153846153846 0.19831730769230768 0.0889423076923077 0.03125
0 0.3317307692307692 0.20192307692307693 0.06850961538461539 0.030048076923076924
0 0.23918269230769232 0.17668269230769232 0.09014423076923077 0.030048076923076924
0 0.5697115384615384 0.24879807692307693 0.08173076923076923 0.027644230769230768
4 0.33774038461538464 0.4254807692307692 0.1045673076923077 0.027644230769230768
0 0.6971153846153846 0.22956730769230768 0.0889423076923077 0.027644230769230768
0 0.7379807692307693 0.1778846153846154 0.0889423076923077 0.026442307692307692
0 0.7872596153846154 0.19831730769230768 0.09975961538461539 0.027644230769230768
0 0.5240384615384616 0.2283653846153846 0.0829326923076923 0.026442307692307692
0 0.3713942307692308 0.1778846153846154 0.06971153846153846 0.025240384615384616
0 0.6033653846153846 0.2247596153846154 0.06129807692307692 0.02403846153846154
0 0.8497596153846154 0.18990384615384615 0.0733173076923077 0.02403846153846154
0 0.6153846153846154 0.21394230769230768 0.0625 0.02403846153846154
0 0.7824519230769231 0.21995192307692307 0.08413461538461539 0.02403846153846154
0 0.6466346153846154 0.19831730769230768 0.06971153846153846 0.021634615384615384
0 0.8894230769230769 0.3329326923076923 0.03485576923076923 0.016826923076923076
0 0.8509615384615384 0.328125 0.01201923076923077 0.01201923076923077
0 0.9314903846153846 0.3317307692307692 0.010817307692307692 0.010817307692307692