0 0.23317307692307693 0.4230769230769231 0.1814903846153846 0.328125
0 0.27283653846153844 0.8521634615384616 0.1778846153846154 0.2932692307692308
0 0.15504807692307693 0.3269230769230769 0.203125 0.2548076923076923
0 0.41346153846153844 0.5216346153846154 0.125 0.23317307692307693
0 0.10096153846153846 0.5480769230769231 0.14423076923076922 0.23076923076923078
0 0.8942307692307693 0.4266826923076923 0.20793269230769232 0.21514423076923078
0 0.1310096153846154 0.8978365384615384 0.16346153846153846 0.203125
0 0.671875 0.7103365384615384 0.203125 0.1875
0 0.9050480769230769 0.5096153846153846 0.18629807692307693 0.12379807692307693
0 0.6334134615384616 0.9122596153846154 0.23076923076923078 0.11538461538461539
4 0.7536057692307693 0.30649038461538464 0.2668269230769231 0.6129807692307693