0 0.5384615384615384 0.2247596153846154 0.11899038461538461 0.20432692307692307
0 0.2127403846153846 0.2920673076923077 0.1875 0.19110576923076922
0 0.5120192307692307 0.9122596153846154 0.11899038461538461 0.17307692307692307
0 0.9627403846153846 0.11057692307692307 0.07211538461538461 0.17668269230769232
0 0.5637019230769231 0.4387019230769231 0.078125 0.1502403846153846
0 0.28725961538461536 0.9302884615384616 0.109375 0.1141826923076923
0 0.6213942307692307 0.8942307692307693 0.17668269230769232 0.11298076923076923
0 0.8617788461538461 0.9591346153846154 0.09254807692307693 0.078125
0 0.8052884615384616 0.9495192307692307 0.06971153846153846 0.0985576923076923
0 0.9507211538461539 0.7235576923076923 0.046875 0.10096153846153846
0 0.6550480769230769 0.40384615384615385 0.05048076923076923 0.09014423076923077
0 0.9375 0.3762019230769231 0.051682692307692304 0.06971153846153846