4 0.4026442307692308 0.5120192307692307 0.27524038461538464 0.15985576923076922
0 0.9278846153846154 0.34134615384615385 0.14182692307692307 0.14182692307692307
4 0.22235576923076922 0.9194711538461539 0.2668269230769231 0.140625
6 0.6935096153846154 0.43149038461538464 0.0673076923076923 0.09254807692307693
0 0.7295673076923077 0.5144230769230769 0.07211538461538461 0.0889423076923077
0 0.5060096153846154 0.8774038461538461 0.20192307692307693 0.09375
0 0.9495192307692307 0.44711538461538464 0.09735576923076923 0.08653846153846154
0 0.9759615384615384 0.4050480769230769 0.04326923076923077 0.07932692307692307
0 0.9038461538461539 0.5612980769230769 0.09495192307692307 0.0733173076923077
0 0.6862980769230769 0.5072115384615384 0.046875 0.06850961538461539
0 0.6165865384615384 0.5564903846153846 0.042067307692307696 0.0673076923076923
4 0.5192307692307693 0.7992788461538461 0.12860576923076922 0.06971153846153846
0 0.8112980769230769 0.5685096153846154 0.09735576923076923 0.0673076923076923
0 0.5985576923076923 0.49278846153846156 0.06610576923076923 0.06610576923076923
4 0.7692307692307693 0.7331730769230769 0.21394230769230768 0.0673076923076923
0 0.9182692307692307 0.6213942307692307 0.10576923076923077 0.05048076923076923
0 0.9591346153846154 0.6790865384615384 0.06129807692307692 0.04326923076923077
0 0.8689903846153846 0.5805288461538461 0.1045673076923077 0.04567307692307692