4 0.3269230769230769 0.5925480769230769 0.6526442307692307 0.5192307692307693
0 0.2704326923076923 0.3088942307692308 0.17067307692307693 0.10336538461538461
0 0.7127403846153846 0.9038461538461539 0.25961538461538464 0.08653846153846154
0 0.11298076923076923 0.9387019230769231 0.22596153846153846 0.07932692307692307
4 0.44471153846153844 0.6730769230769231 0.14903846153846154 0.06971153846153846
0 0.7896634615384616 0.46875 0.2247596153846154 0.0673076923076923
0 0.055288461538461536 0.359375 0.10336538461538461 0.06370192307692307
0 0.6105769230769231 0.5865384615384616 0.06129807692307692 0.04807692307692308
4 0.4807692307692308 0.7463942307692307 0.1502403846153846 0.05048076923076923
0 0.9435096153846154 0.7079326923076923 0.10096153846153846 0.04567307692307692
0 0.9098557692307693 0.5036057692307693 0.04807692307692308 0.038461538461538464
0 0.6442307692307693 0.5757211538461539 0.10817307692307693 0.038461538461538464
0 0.8245192307692307 0.5985576923076923 0.12620192307692307 0.037259615384615384
0 0.8701923076923077 0.5721153846153846 0.12379807692307693 0.037259615384615384
0 0.7451923076923077 0.5420673076923077 0.10817307692307693 0.036057692307692304
0 0.5384615384615384 0.5685096153846154 0.0829326923076923 0.03245192307692308
0 0.7800480769230769 0.5408653846153846 0.07451923076923077 0.03125
0 0.6442307692307693 0.5252403846153846 0.0733173076923077 0.03125
0 0.9723557692307693 0.5588942307692307 0.05048076923076923 0.03245192307692308
0 0.49278846153846156 0.5456730769230769 0.11538461538461539 0.030048076923076924
0 0.9266826923076923 0.5552884615384616 0.0625 0.027644230769230768
0 0.7896634615384616 0.5096153846153846 0.046875 0.026442307692307692
0 0.6177884615384616 0.5072115384615384 0.06610576923076923 0.025240384615384616