0 0.5865384615384616 0.19591346153846154 0.5408653846153846 0.3918269230769231
0 0.38822115384615385 0.6081730769230769 0.2668269230769231 0.27524038461538464
0 0.140625 0.8185096153846154 0.2512019230769231 0.2283653846153846
0 0.24879807692307693 0.4182692307692308 0.15985576923076922 0.21875
0 0.9362980769230769 0.6646634615384616 0.056490384615384616 0.08413461538461539
0 0.6045673076923077 0.65625 0.0673076923076923 0.07451923076923077
0 0.7331730769230769 0.6322115384615384 0.08173076923076923 0.07451923076923077
0 0.984375 0.7427884615384616 0.027644230769230768 0.06610576923076923
0 0.5228365384615384 0.6971153846153846 0.07932692307692307 0.0625
0 0.7055288461538461 0.7019230769230769 0.10096153846153846 0.0625
0 0.8581730769230769 0.6814903846153846 0.09495192307692307 0.04807692307692308
0 0.6802884615384616 0.6286057692307693 0.06610576923076923 0.04567307692307692
0 0.9387019230769231 0.6862980769230769 0.1141826923076923 0.04807692307692308
0 0.9723557692307693 0.7463942307692307 0.051682692307692304 0.04807692307692308