0 0.31850961538461536 0.09495192307692307 0.11298076923076923 0.18990384615384615
4 0.6418269230769231 0.5372596153846154 0.25600961538461536 0.15625
0 0.4723557692307692 0.203125 0.17067307692307693 0.14903846153846154
0 0.17548076923076922 0.26802884615384615 0.08173076923076923 0.08173076923076923
4 0.27163461538461536 0.5841346153846154 0.12379807692307693 0.07932692307692307
0 0.24879807692307693 0.36778846153846156 0.13942307692307693 0.07692307692307693
4 0.05889423076923077 0.6490384615384616 0.11778846153846154 0.07692307692307693
0 0.05048076923076923 0.35336538461538464 0.06129807692307692 0.06850961538461539
0 0.33653846153846156 0.3401442307692308 0.1658653846153846 0.06850961538461539
0 0.06370192307692307 0.2848557692307692 0.0985576923076923 0.06129807692307692
0 0.09495192307692307 0.40024038461538464 0.05889423076923077 0.052884615384615384
0 0.1045673076923077 0.3317307692307692 0.07932692307692307 0.04807692307692308
0 0.24639423076923078 0.25600961538461536 0.06850961538461539 0.038461538461538464
0 0.21153846153846154 0.2824519230769231 0.07211538461538461 0.038461538461538464
0 0.18629807692307693 0.06971153846153846 0.1346153846153846 0.13942307692307693