0 0.9182692307692307 0.1141826923076923 0.15985576923076922 0.1814903846153846
0 0.3473557692307692 0.040865384615384616 0.31490384615384615 0.08173076923076923
0 0.5600961538461539 0.03245192307692308 0.11778846153846154 0.06370192307692307
4 0.6935096153846154 0.5096153846153846 0.1778846153846154 0.140625
0 0.5036057692307693 0.22115384615384615 0.10817307692307693 0.11899038461538461
4 0.15745192307692307 0.4723557692307692 0.1310096153846154 0.10096153846153846
4 0.5552884615384616 0.6466346153846154 0.14903846153846154 0.10096153846153846
0 0.12620192307692307 0.39663461538461536 0.09975961538461539 0.09014423076923077
0 0.32211538461538464 0.33533653846153844 0.06971153846153846 0.08774038461538461
0 0.25240384615384615 0.38822115384615385 0.0985576923076923 0.08173076923076923
0 0.7632211538461539 0.33653846153846156 0.18269230769230768 0.08653846153846154
0 0.02403846153846154 0.5252403846153846 0.04807692307692308 0.07932692307692307
0 0.38461538461538464 0.25961538461538464 0.14903846153846154 0.0829326923076923
0 0.3581730769230769 0.4014423076923077 0.06971153846153846 0.07692307692307693
0 0.24879807692307693 0.32091346153846156 0.14423076923076922 0.0673076923076923
0 0.019230769230769232 0.5685096153846154 0.038461538461538464 0.0625
0 0.08173076923076923 0.3473557692307692 0.14903846153846154 0.06610576923076923
0 0.6189903846153846 0.22956730769230768 0.109375 0.06129807692307692
0 0.06610576923076923 0.3870192307692308 0.12139423076923077 0.06370192307692307
0 0.5721153846153846 0.2644230769230769 0.09254807692307693 0.05889423076923077
0 0.359375 0.33052884615384615 0.07451923076923077 0.052884615384615384
0 0.6286057692307693 0.3329326923076923 0.13942307692307693 0.09735576923076923