0 0.8221153846153846 0.765625 0.020432692307692308 0.057692307692307696
0 0.5384615384615384 0.4230769230769231 0.019230769230769232 0.04807692307692308
0 0.5612980769230769 0.7980769230769231 0.03245192307692308 0.04326923076923077
0 0.8185096153846154 0.8990384615384616 0.014423076923076924 0.04326923076923077
0 0.6838942307692307 0.3004807692307692 0.025240384615384616 0.04326923076923077
0 0.6165865384615384 0.8137019230769231 0.020432692307692308 0.04326923076923077
0 0.6189903846153846 0.30288461538461536 0.026442307692307692 0.04326923076923077
0 0.5925480769230769 0.8629807692307693 0.019230769230769232 0.040865384615384616
0 0.6117788461538461 0.41346153846153844 0.021634615384615384 0.038461538461538464
0 0.5853365384615384 0.2980769230769231 0.036057692307692304 0.038461538461538464
0 0.27403846153846156 0.32091346153846156 0.055288461538461536 0.038461538461538464
0 0.7367788461538461 0.8918269230769231 0.03485576923076923 0.036057692307692304
0 0.5288461538461539 0.3786057692307692 0.02403846153846154 0.03485576923076923
0 0.7524038461538461 0.8341346153846154 0.051682692307692304 0.036057692307692304
0 0.3641826923076923 0.31490384615384615 0.016826923076923076 0.03125
0 0.5745192307692307 0.3629807692307692 0.019230769230769232 0.03245192307692308
0 0.8762019230769231 0.6189903846153846 0.036057692307692304 0.03245192307692308
0 0.47716346153846156 0.22596153846153846 0.027644230769230768 0.03245192307692308
0 0.8581730769230769 0.7644230769230769 0.04326923076923077 0.030048076923076924
0 0.8257211538461539 0.9314903846153846 0.019230769230769232 0.026442307692307692
4 0.5600961538461539 0.13701923076923078 0.06850961538461539 0.030048076923076924
0 0.7536057692307693 0.8173076923076923 0.02403846153846154 0.025240384615384616
0 0.8185096153846154 0.5264423076923077 0.025240384615384616 0.02403846153846154
0 0.03485576923076923 0.34134615384615385 0.020432692307692308 0.021634615384615384
0 0.06971153846153846 0.3641826923076923 0.016826923076923076 0.021634615384615384
0 0.4963942307692308 0.4254807692307692 0.03125 0.021634615384615384
0 0.5637019230769231 0.4483173076923077 0.009615384615384616 0.020432692307692308
0 0.03245192307692308 0.4338942307692308 0.037259615384615384 0.021634615384615384
0 0.7668269230769231 0.5288461538461539 0.019230769230769232 0.020432692307692308
0 0.7956730769230769 0.9230769230769231 0.026442307692307692 0.020432692307692308
0 0.46153846153846156 0.46634615384615385 0.030048076923076924 0.020432692307692308
0 0.5252403846153846 0.4110576923076923 0.021634615384615384 0.020432692307692308
0 0.6706730769230769 0.5096153846153846 0.020432692307692308 0.020432692307692308
0 0.8509615384615384 0.5396634615384616 0.025240384615384616 0.020432692307692308
0 0.5456730769230769 0.5120192307692307 0.021634615384615384 0.020432692307692308
0 0.028846153846153848 0.4543269230769231 0.036057692307692304 0.020432692307692308
0 0.6790865384615384 0.41346153846153844 0.014423076923076924 0.019230769230769232
0 0.3762019230769231 0.21754807692307693 0.042067307692307696 0.019230769230769232
0 0.4675480769230769 0.4411057692307692 0.016826923076923076 0.016826923076923076
0 0.3269230769230769 0.18389423076923078 0.015625 0.015625
0 0.41586538461538464 0.19110576923076922 0.014423076923076924 0.015625
0 0.6995192307692307 0.5300480769230769 0.015625 0.014423076923076924
0 0.3161057692307692 0.328125 0.019230769230769232 0.015625
0 0.4362980769230769 0.27163461538461536 0.016826923076923076 0.01201923076923077
0 0.35336538461538464 0.23317307692307693 0.010817307692307692 0.010817307692307692