1 0.8076923076923077 0.6634615384615384 0.21995192307692307 0.1310096153846154
1 0.5588942307692307 0.5793269230769231 0.2932692307692308 0.12860576923076922
1 0.12379807692307693 0.7115384615384616 0.12139423076923077 0.09375
1 0.3641826923076923 0.6129807692307693 0.20432692307692307 0.09735576923076923
1 0.2932692307692308 0.8052884615384616 0.13942307692307693 0.08653846153846154
1 0.30649038461538464 0.5721153846153846 0.2512019230769231 0.08774038461538461
1 0.2439903846153846 0.7019230769230769 0.1201923076923077 0.07211538461538461
1 0.7163461538461539 0.4639423076923077 0.1658653846153846 0.06610576923076923
1 0.9615384615384616 0.5396634615384616 0.07692307692307693 0.04807692307692308
1 0.8798076923076923 0.3293269230769231 0.09735576923076923 0.04326923076923077
1 0.030048076923076924 0.6057692307692307 0.05889423076923077 0.040865384615384616
1 0.9435096153846154 0.7091346153846154 0.08774038461538461 0.037259615384615384
1 0.12259615384615384 0.6322115384615384 0.17548076923076922 0.0625