0 0.43509615384615385 0.38100961538461536 0.8701923076923077 0.6105769230769231
0 0.5612980769230769 0.4723557692307692 0.6875 0.41225961538461536
0 0.40024038461538464 0.7391826923076923 0.16706730769230768 0.18269230769230768
0 0.13822115384615385 0.3737980769230769 0.2764423076923077 0.15504807692307693
0 0.9675480769230769 0.6466346153846154 0.06129807692307692 0.12139423076923077
4 0.5048076923076923 0.8185096153846154 0.1346153846153846 0.10096153846153846
0 0.9206730769230769 0.7680288461538461 0.05889423076923077 0.09975961538461539
0 0.5901442307692307 0.6574519230769231 0.055288461538461536 0.09735576923076923
0 0.025240384615384616 0.31490384615384615 0.05048076923076923 0.09495192307692307
0 0.5925480769230769 0.7007211538461539 0.0985576923076923 0.08413461538461539
0 0.8377403846153846 0.7692307692307693 0.09495192307692307 0.06370192307692307
0 0.8305288461538461 0.7223557692307693 0.0889423076923077 0.0625
0 0.3581730769230769 0.640625 0.1310096153846154 0.051682692307692304
0 0.9975961538461539 0.7524038461538461 0.001201923076923077 0.051682692307692304
0 0.20793269230769232 0.18269230769230768 0.41586538461538464 0.234375