0 0.4362980769230769 0.21033653846153846 0.4951923076923077 0.28125
4 0.7211538461538461 0.07692307692307693 0.5552884615384616 0.15264423076923078
0 0.5913461538461539 0.3401442307692308 0.1045673076923077 0.10096153846153846
0 0.7596153846153846 0.8689903846153846 0.19951923076923078 0.09254807692307693
4 0.4387019230769231 0.6887019230769231 0.19110576923076922 0.08413461538461539
4 0.5384615384615384 0.6454326923076923 0.14543269230769232 0.078125
0 0.7223557692307693 0.4182692307692308 0.14903846153846154 0.06971153846153846
0 0.7223557692307693 0.46274038461538464 0.07211538461538461 0.0625
0 0.7019230769230769 0.3713942307692308 0.12379807692307693 0.0625
0 0.6237980769230769 0.4651442307692308 0.10336538461538461 0.06129807692307692
0 0.9891826923076923 0.46274038461538464 0.019230769230769232 0.055288461538461536
0 0.9639423076923077 0.6514423076923077 0.05048076923076923 0.055288461538461536
0 0.8245192307692307 0.4182692307692308 0.11298076923076923 0.056490384615384616
0 0.9375 0.46274038461538464 0.12139423076923077 0.0625
0 0.8786057692307693 0.5276442307692307 0.10576923076923077 0.055288461538461536
0 0.8377403846153846 0.45913461538461536 0.10096153846153846 0.051682692307692304
0 0.5637019230769231 0.4098557692307692 0.12379807692307693 0.04807692307692308
0 0.7163461538461539 0.49278846153846156 0.08413461538461539 0.04326923076923077