0 0.3737980769230769 0.18870192307692307 0.5120192307692307 0.3762019230769231
0 0.6057692307692307 0.5721153846153846 0.25 0.25721153846153844
0 0.8725961538461539 0.7487980769230769 0.2512019230769231 0.21514423076923078
0 0.7223557692307693 0.375 0.1466346153846154 0.2091346153846154
0 0.08173076923076923 0.6814903846153846 0.051682692307692304 0.07932692307692307
0 0.4014423076923077 0.640625 0.0625 0.07211538461538461
0 0.27403846153846156 0.6298076923076923 0.07692307692307693 0.06971153846153846
0 0.03245192307692308 0.7632211538461539 0.04807692307692308 0.06129807692307692
0 0.4855769230769231 0.6706730769230769 0.07692307692307693 0.057692307692307696
0 0.3088942307692308 0.6947115384615384 0.09735576923076923 0.057692307692307696
0 0.15985576923076922 0.6899038461538461 0.09254807692307693 0.04326923076923077
0 0.3245192307692308 0.6213942307692307 0.06129807692307692 0.040865384615384616
0 0.08173076923076923 0.7043269230769231 0.109375 0.042067307692307696
0 0.04326923076923077 0.7644230769230769 0.06850961538461539 0.040865384615384616