0 0.43990384615384615 0.25600961538461536 0.6237980769230769 0.4639423076923077
0 0.5192307692307693 0.11298076923076923 0.44471153846153844 0.2247596153846154
4 0.3798076923076923 0.5829326923076923 0.3894230769230769 0.2247596153846154
4 0.7932692307692307 0.8846153846153846 0.4098557692307692 0.21754807692307693
0 0.7740384615384616 0.4411057692307692 0.3076923076923077 0.1935096153846154
0 0.06370192307692307 0.3401442307692308 0.12620192307692307 0.14903846153846154
0 0.9254807692307693 0.2932692307692308 0.12980769230769232 0.14423076923076922
0 0.8004807692307693 0.3425480769230769 0.11538461538461539 0.12860576923076922
0 0.9122596153846154 0.36538461538461536 0.1658653846153846 0.1201923076923077
0 0.5552884615384616 0.38100961538461536 0.24639423076923078 0.11057692307692307
0 0.9254807692307693 0.4675480769230769 0.14543269230769232 0.1045673076923077
0 0.5685096153846154 0.4338942307692308 0.1346153846153846 0.078125
0 0.5012019230769231 0.7331730769230769 0.18870192307692307 0.07932692307692307
4 0.32572115384615385 0.7247596153846154 0.09254807692307693 0.0673076923076923
0 0.6802884615384616 0.5612980769230769 0.1814903846153846 0.06850961538461539
0 0.09014423076923077 0.5817307692307693 0.1346153846153846 0.05889423076923077
0 0.31971153846153844 0.5480769230769231 0.0889423076923077 0.046875
0 0.016826923076923076 0.5709134615384616 0.027644230769230768 0.04567307692307692
0 0.25841346153846156 0.5612980769230769 0.0733173076923077 0.038461538461538464
0 0.18870192307692307 0.5661057692307693 0.0673076923076923 0.036057692307692304
4 0.8329326923076923 0.12379807692307693 0.3004807692307692 0.24759615384615385