4 0.5324519230769231 0.5432692307692307 0.5564903846153846 0.19230769230769232
0 0.21514423076923078 0.6706730769230769 0.12860576923076922 0.07932692307692307
0 0.3389423076923077 0.6298076923076923 0.23076923076923078 0.08173076923076923
0 0.46274038461538464 0.2824519230769231 0.18028846153846154 0.06971153846153846
0 0.5901442307692307 0.3713942307692308 0.1622596153846154 0.0673076923076923
0 0.24278846153846154 0.5637019230769231 0.14903846153846154 0.06610576923076923
0 0.8185096153846154 0.36658653846153844 0.19471153846153846 0.06610576923076923
0 0.21875 0.6298076923076923 0.11057692307692307 0.06370192307692307
0 0.22235576923076922 0.2776442307692308 0.17307692307692307 0.06370192307692307
4 0.20432692307692307 0.3713942307692308 0.21394230769230768 0.06370192307692307
0 0.47475961538461536 0.3870192307692308 0.140625 0.0625
0 0.46033653846153844 0.15144230769230768 0.171875 0.056490384615384616
0 0.3942307692307692 0.4014423076923077 0.109375 0.052884615384615384
0 0.6310096153846154 0.30649038461538464 0.1502403846153846 0.052884615384615384
0 0.23557692307692307 0.11538461538461539 0.12620192307692307 0.052884615384615384
0 0.9495192307692307 0.8269230769230769 0.08774038461538461 0.0889423076923077