4 0.0985576923076923 0.4230769230769231 0.1971153846153846 0.10096153846153846
0 0.9134615384615384 0.3004807692307692 0.15264423076923078 0.09495192307692307
4 0.15985576923076922 0.6057692307692307 0.27163461538461536 0.09254807692307693
0 0.8617788461538461 0.8641826923076923 0.08413461538461539 0.07932692307692307
4 0.8677884615384616 0.5817307692307693 0.1971153846153846 0.08413461538461539
0 0.7271634615384616 0.36177884615384615 0.1778846153846154 0.0625
0 0.6574519230769231 0.3449519230769231 0.18870192307692307 0.0625
0 0.5216346153846154 0.47596153846153844 0.1141826923076923 0.052884615384615384
0 0.6802884615384616 0.5300480769230769 0.18629807692307693 0.056490384615384616
0 0.9447115384615384 0.4254807692307692 0.1045673076923077 0.056490384615384616
0 0.5865384615384616 0.4050480769230769 0.15745192307692307 0.052884615384615384
0 0.6177884615384616 0.46274038461538464 0.140625 0.051682692307692304
0 0.7692307692307693 0.40384615384615385 0.1346153846153846 0.04326923076923077
0 0.8425480769230769 0.4206730769230769 0.11538461538461539 0.04326923076923077
0 0.5240384615384616 0.4266826923076923 0.08413461538461539 0.040865384615384616
4 0.3293269230769231 0.6935096153846154 0.3016826923076923 0.12860576923076922