0 0.23918269230769232 0.14302884615384615 0.15264423076923078 0.18629807692307693
0 0.28725961538461536 0.30649038461538464 0.27403846153846156 0.13221153846153846
4 0.4362980769230769 0.5685096153846154 0.3449519230769231 0.13221153846153846
0 0.09495192307692307 0.45552884615384615 0.078125 0.09014423076923077
0 0.8762019230769231 0.3870192307692308 0.23076923076923078 0.09375
0 0.05889423076923077 0.38461538461538464 0.109375 0.08653846153846154
4 0.36778846153846156 0.6622596153846154 0.24278846153846154 0.08173076923076923
0 0.9362980769230769 0.5036057692307693 0.12379807692307693 0.06370192307692307
0 0.021634615384615384 0.4495192307692308 0.038461538461538464 0.057692307692307696
0 0.6141826923076923 0.4074519230769231 0.1658653846153846 0.056490384615384616
0 0.3737980769230769 0.3954326923076923 0.15504807692307693 0.055288461538461536
0 0.2283653846153846 0.44591346153846156 0.16105769230769232 0.052884615384615384
0 0.10216346153846154 0.46274038461538464 0.14182692307692307 0.052884615384615384
0 0.39903846153846156 0.45913461538461536 0.15264423076923078 0.052884615384615384
0 0.7896634615384616 0.44471153846153844 0.17307692307692307 0.052884615384615384
0 0.8100961538461539 0.4230769230769231 0.1310096153846154 0.04807692307692308
0 0.6826923076923077 0.4375 0.12860576923076922 0.04807692307692308
0 0.9903846153846154 0.4206730769230769 0.016826923076923076 0.046875
0 0.6081730769230769 0.234375 0.34975961538461536 0.14543269230769232