2 0.5300480769230769 0.49278846153846156 0.23076923076923078 0.13581730769230768
2 0.039663461538461536 0.33774038461538464 0.07932692307692307 0.12620192307692307
2 0.8353365384615384 0.21995192307692307 0.1141826923076923 0.09975961538461539
2 0.1778846153846154 0.24278846153846154 0.08413461538461539 0.06850961538461539
2 0.5805288461538461 0.18028846153846154 0.040865384615384616 0.057692307692307696
2 0.3449519230769231 0.2283653846153846 0.06370192307692307 0.056490384615384616
2 0.5612980769230769 0.19471153846153846 0.04807692307692308 0.051682692307692304
2 0.5168269230769231 0.21033653846153846 0.04807692307692308 0.046875
2 0.42908653846153844 0.22235576923076922 0.0733173076923077 0.04807692307692308
2 0.6598557692307693 0.1935096153846154 0.02403846153846154 0.038461538461538464
2 0.2764423076923077 0.23798076923076922 0.05889423076923077 0.042067307692307696
2 0.7223557692307693 0.1778846153846154 0.030048076923076924 0.03245192307692308
2 0.6887019230769231 0.18028846153846154 0.03245192307692308 0.03485576923076923
2 0.8990384615384616 0.16346153846153846 0.026442307692307692 0.030048076923076924
2 0.7572115384615384 0.18629807692307693 0.037259615384615384 0.030048076923076924
2 0.9627403846153846 0.17307692307692307 0.021634615384615384 0.025240384615384616