2 0.6466346153846154 0.453125 0.3545673076923077 0.1466346153846154
2 0.03365384615384615 0.234375 0.0673076923076923 0.1346153846153846
2 0.1141826923076923 0.12620192307692307 0.10336538461538461 0.0985576923076923
2 0.8485576923076923 0.15264423076923078 0.078125 0.09014423076923077
2 0.5264423076923077 0.11899038461538461 0.056490384615384616 0.0733173076923077
2 0.02283653846153846 0.13221153846153846 0.04567307692307692 0.07451923076923077
2 0.21394230769230768 0.12740384615384615 0.052884615384615384 0.06129807692307692
2 0.46634615384615385 0.1310096153846154 0.04807692307692308 0.06129807692307692
2 0.9002403846153846 0.1346153846153846 0.06370192307692307 0.05889423076923077
2 0.3473557692307692 0.08653846153846154 0.027644230769230768 0.04807692307692308
2 0.37740384615384615 0.0985576923076923 0.036057692307692304 0.046875
2 0.47475961538461536 0.055288461538461536 0.040865384615384616 0.040865384615384616
2 0.3088942307692308 0.140625 0.06850961538461539 0.037259615384615384
2 0.6502403846153846 0.12620192307692307 0.03125 0.02403846153846154