2 0.5024038461538461 0.7427884615384616 0.09975961538461539 0.09254807692307693
2 0.33774038461538464 0.5 0.07211538461538461 0.0889423076923077
2 0.2860576923076923 0.5024038461538461 0.07692307692307693 0.08774038461538461
2 0.6622596153846154 0.46274038461538464 0.057692307692307696 0.06850961538461539
2 0.14423076923076922 0.5168269230769231 0.057692307692307696 0.0673076923076923
2 0.9639423076923077 0.45913461538461536 0.06610576923076923 0.06129807692307692
2 0.5805288461538461 0.4651442307692308 0.042067307692307696 0.046875
2 0.8509615384615384 0.453125 0.042067307692307696 0.04567307692307692
2 0.6394230769230769 0.4579326923076923 0.020432692307692308 0.04326923076923077
2 0.06971153846153846 0.4855769230769231 0.040865384615384616 0.04326923076923077
2 0.6069711538461539 0.46153846153846156 0.02403846153846154 0.040865384615384616
2 0.8052884615384616 0.46274038461538464 0.042067307692307696 0.036057692307692304
2 0.6310096153846154 0.40384615384615385 0.026442307692307692 0.03485576923076923
2 0.7524038461538461 0.4362980769230769 0.057692307692307696 0.02403846153846154
2 0.8425480769230769 0.7572115384615384 0.3112980769230769 0.11298076923076923