4 0.5612980769230769 0.46634615384615385 0.055288461538461536 0.21995192307692307
4 0.2980769230769231 0.19831730769230768 0.07692307692307693 0.13221153846153846
4 0.6370192307692307 0.09495192307692307 0.12379807692307693 0.0985576923076923
4 0.4014423076923077 0.4735576923076923 0.08653846153846154 0.0889423076923077
4 0.2860576923076923 0.5252403846153846 0.0673076923076923 0.07211538461538461
0 0.38461538461538464 0.9278846153846154 0.020432692307692308 0.06610576923076923
0 0.453125 0.8822115384615384 0.027644230769230768 0.06129807692307692
0 0.3473557692307692 0.8774038461538461 0.027644230769230768 0.05889423076923077
0 0.3233173076923077 0.7067307692307693 0.014423076923076924 0.056490384615384616
0 0.4879807692307692 0.5637019230769231 0.020432692307692308 0.055288461538461536
0 0.2692307692307692 0.765625 0.021634615384615384 0.055288461538461536
0 0.6334134615384616 0.8737980769230769 0.025240384615384616 0.04567307692307692
0 0.34615384615384615 0.96875 0.019230769230769232 0.030048076923076924
0 0.5769230769230769 0.6322115384615384 0.01201923076923077 0.030048076923076924
0 0.5973557692307693 0.6358173076923077 0.015625 0.025240384615384616
0 0.5925480769230769 0.59375 0.014423076923076924 0.025240384615384616
0 0.3088942307692308 0.7403846153846154 0.01201923076923077 0.02403846153846154
0 0.3894230769230769 0.2644230769230769 0.009615384615384616 0.021634615384615384
0 0.3557692307692308 0.36538461538461536 0.01201923076923077 0.021634615384615384
0 0.36778846153846156 0.4254807692307692 0.010817307692307692 0.014423076923076924
0 0.3786057692307692 0.4375 0.010817307692307692 0.01201923076923077
0 0.3004807692307692 0.35216346153846156 0.010817307692307692 0.010817307692307692
0 0.3473557692307692 0.7644230769230769 0.021634615384615384 0.05889423076923077