2 0.4675480769230769 0.5228365384615384 0.23798076923076922 0.13701923076923078
2 0.9651442307692307 0.35336538461538464 0.06610576923076923 0.12860576923076922
2 0.14783653846153846 0.24639423076923078 0.11778846153846154 0.10096153846153846
2 0.828125 0.25721153846153844 0.08653846153846154 0.06971153846153846
2 0.4098557692307692 0.19951923076923078 0.040865384615384616 0.05889423076923077
2 0.6526442307692307 0.24639423076923078 0.06370192307692307 0.057692307692307696
2 0.42908653846153844 0.21634615384615385 0.05048076923076923 0.051682692307692304
2 0.47596153846153844 0.23076923076923078 0.04807692307692308 0.046875
2 0.5673076923076923 0.2403846153846154 0.07451923076923077 0.05048076923076923
2 0.3293269230769231 0.21514423076923078 0.02403846153846154 0.040865384615384616
2 0.7247596153846154 0.2548076923076923 0.0625 0.042067307692307696
2 0.26322115384615385 0.20072115384615385 0.030048076923076924 0.03485576923076923
2 0.2980769230769231 0.20192307692307693 0.03245192307692308 0.03485576923076923
2 0.07932692307692307 0.18870192307692307 0.026442307692307692 0.03125
2 0.22596153846153846 0.21153846153846154 0.038461538461538464 0.03125