0 0.4699519230769231 0.5192307692307693 0.4963942307692308 0.34375
0 0.3942307692307692 0.1045673076923077 0.21875 0.2091346153846154
0 0.8665865384615384 0.7283653846153846 0.17307692307692307 0.19230769230769232
0 0.8185096153846154 0.5745192307692307 0.13942307692307693 0.14903846153846154
0 0.9242788461538461 0.5504807692307693 0.09735576923076923 0.12860576923076922
0 0.9182692307692307 0.44471153846153844 0.15985576923076922 0.11899038461538461
0 0.9435096153846154 0.8100961538461539 0.10336538461538461 0.08173076923076923
0 0.7776442307692307 0.9290865384615384 0.07211538461538461 0.06610576923076923
0 0.8677884615384616 0.8858173076923077 0.10096153846153846 0.06610576923076923
0 0.2668269230769231 0.8509615384615384 0.07932692307692307 0.052884615384615384
0 0.734375 0.796875 0.07692307692307693 0.052884615384615384
0 0.6694711538461539 0.7884615384615384 0.051682692307692304 0.052884615384615384
0 0.4699519230769231 0.9230769230769231 0.14903846153846154 0.052884615384615384
0 0.3870192307692308 0.8509615384615384 0.09495192307692307 0.04807692307692308
0 0.6274038461538461 0.8713942307692307 0.07932692307692307 0.046875
0 0.13822115384615385 0.9074519230769231 0.11778846153846154 0.046875
0 0.025240384615384616 0.9254807692307693 0.05048076923076923 0.04807692307692308
0 0.5384615384615384 0.8269230769230769 0.09735576923076923 0.04567307692307692
0 0.7608173076923077 0.7536057692307693 0.05048076923076923 0.042067307692307696
0 0.5 0.8762019230769231 0.0733173076923077 0.040865384615384616
0 0.18629807692307693 0.8653846153846154 0.08653846153846154 0.038461538461538464
0 0.5913461538461539 0.8088942307692307 0.07692307692307693 0.03245192307692308
0 0.6862980769230769 0.8617788461538461 0.046875 0.08774038461538461