1 0.6887019230769231 0.59375 0.2704326923076923 0.1658653846153846
1 0.30288461538461536 0.6225961538461539 0.2620192307692308 0.13701923076923078
1 0.2247596153846154 0.4375 0.2247596153846154 0.14543269230769232
1 0.3557692307692308 0.5552884615384616 0.20432692307692307 0.09735576923076923
1 0.7175480769230769 0.7884615384615384 0.1622596153846154 0.12379807692307693
1 0.8521634615384616 0.9375 0.24519230769230768 0.12139423076923077
1 0.36658653846153844 0.8317307692307693 0.21995192307692307 0.13221153846153846
1 0.24879807692307693 0.7980769230769231 0.2764423076923077 0.14543269230769232
1 0.13822115384615385 0.7259615384615384 0.22355769230769232 0.11298076923076923
1 0.1201923076923077 0.8822115384615384 0.2403846153846154 0.08653846153846154
1 0.24639423076923078 0.9447115384615384 0.21875 0.0985576923076923
1 0.08052884615384616 0.2932692307692308 0.1502403846153846 0.13701923076923078
1 0.3269230769230769 0.13581730769230768 0.3473557692307692 0.1346153846153846
1 0.7896634615384616 0.06850961538461539 0.31850961538461536 0.12620192307692307
1 0.6310096153846154 0.15504807692307693 0.2127403846153846 0.14543269230769232
1 0.8846153846153846 0.2956730769230769 0.2283653846153846 0.15625
1 0.9146634615384616 0.13942307692307693 0.16706730769230768 0.10576923076923077
1 0.4014423076923077 0.030048076923076924 0.265625 0.05889423076923077
1 0.43509615384615385 0.3473557692307692 0.15264423076923078 0.234375
1 0.5973557692307693 0.4014423076923077 0.1466346153846154 0.11538461538461539
1 0.07692307692307693 0.08173076923076923 0.12980769230769232 0.16346153846153846
1 0.9122596153846154 0.6778846153846154 0.1658653846153846 0.10336538461538461
1 0.796875 0.6526442307692307 0.24519230769230768 0.13581730769230768
1 0.5180288461538461 0.6550480769230769 0.24639423076923078 0.1201923076923077
1 0.07091346153846154 0.5793269230769231 0.14182692307692307 0.11899038461538461
1 0.3557692307692308 0.20552884615384615 0.24639423076923078 0.07211538461538461
1 0.359375 0.3137019230769231 0.08653846153846154 0.04567307692307692
1 0.30408653846153844 0.2644230769230769 0.19951923076923078 0.09735576923076923
1 0.078125 0.9543269230769231 0.15625 0.051682692307692304
1 0.6177884615384616 0.7668269230769231 0.13221153846153846 0.055288461538461536
1 0.9290865384615384 0.6310096153846154 0.1310096153846154 0.07211538461538461