0 0.2091346153846154 0.171875 0.038461538461538464 0.0829326923076923
0 0.171875 0.11778846153846154 0.03125 0.057692307692307696
0 0.6225961538461539 0.47596153846153844 0.030048076923076924 0.056490384615384616
0 0.8125 0.44711538461538464 0.046875 0.08173076923076923
0 0.8665865384615384 0.5961538461538461 0.042067307692307696 0.08173076923076923
0 0.9230769230769231 0.2848557692307692 0.03485576923076923 0.040865384615384616
0 0.2644230769230769 0.8870192307692307 0.056490384615384616 0.1814903846153846
0 0.20192307692307693 0.9627403846153846 0.037259615384615384 0.07211538461538461
0 0.27403846153846156 0.06610576923076923 0.026442307692307692 0.07451923076923077
0 0.3137019230769231 0.05889423076923077 0.025240384615384616 0.06850961538461539
0 0.5252403846153846 0.5060096153846154 0.03125 0.06370192307692307
0 0.2776442307692308 0.40024038461538464 0.027644230769230768 0.078125
0 0.17548076923076922 0.36538461538461536 0.02403846153846154 0.07211538461538461
0 0.17548076923076922 0.3088942307692308 0.036057692307692304 0.030048076923076924
0 0.2091346153846154 0.4495192307692308 0.021634615384615384 0.051682692307692304
0 0.25240384615384615 0.49399038461538464 0.026442307692307692 0.06610576923076923
0 0.16947115384615385 0.47596153846153844 0.027644230769230768 0.06129807692307692