2 0.3485576923076923 0.47836538461538464 0.0829326923076923 0.09735576923076923
2 0.9471153846153846 0.6274038461538461 0.10336538461538461 0.10096153846153846
2 0.7247596153846154 0.4182692307692308 0.06370192307692307 0.08173076923076923
2 0.20673076923076922 0.4987980769230769 0.0673076923076923 0.078125
2 0.6983173076923077 0.41947115384615385 0.037259615384615384 0.06129807692307692
2 0.6622596153846154 0.4254807692307692 0.04326923076923077 0.052884615384615384
2 0.9170673076923077 0.4110576923076923 0.06129807692307692 0.052884615384615384
2 0.8629807692307693 0.4170673076923077 0.04807692307692308 0.04807692307692308
2 0.7896634615384616 0.39783653846153844 0.038461538461538464 0.046875
2 0.6850961538461539 0.36899038461538464 0.040865384615384616 0.046875
2 0.8161057692307693 0.38221153846153844 0.05048076923076923 0.04326923076923077
2 0.9783653846153846 0.4074519230769231 0.030048076923076924 0.042067307692307696
2 0.4855769230769231 0.7151442307692307 0.1658653846153846 0.11538461538461539