0 0.5685096153846154 0.39663461538461536 0.08653846153846154 0.052884615384615384
0 0.5841346153846154 0.5252403846153846 0.07211538461538461 0.056490384615384616
0 0.5348557692307693 0.5973557692307693 0.09014423076923077 0.06370192307692307
0 0.23197115384615385 0.6538461538461539 0.13581730769230768 0.06971153846153846
0 0.24879807692307693 0.5480769230769231 0.1141826923076923 0.07932692307692307
0 0.2668269230769231 0.5697115384615384 0.10576923076923077 0.08173076923076923
0 0.4879807692307692 0.7223557692307693 0.09014423076923077 0.046875
0 0.25841346153846156 0.9002403846153846 0.13221153846153846 0.109375
0 0.8894230769230769 0.44350961538461536 0.21754807692307693 0.17668269230769232
0 0.8617788461538461 0.33653846153846156 0.20793269230769232 0.12620192307692307
0 0.6670673076923077 0.5072115384615384 0.0625 0.057692307692307696
0 0.6430288461538461 0.6165865384615384 0.09375 0.0625
0 0.43149038461538464 0.49399038461538464 0.09375 0.06129807692307692
0 0.4074519230769231 0.42788461538461536 0.078125 0.0673076923076923
0 0.040865384615384616 0.6213942307692307 0.08173076923076923 0.07932692307692307
0 0.4074519230769231 0.5913461538461539 0.06370192307692307 0.038461538461538464
0 0.5456730769230769 0.45913461538461536 0.078125 0.0625
0 0.3076923076923077 0.5120192307692307 0.08774038461538461 0.04326923076923077
0 0.6766826923076923 0.5949519230769231 0.057692307692307696 0.046875
0 0.7716346153846154 0.5661057692307693 0.10576923076923077 0.056490384615384616
0 0.6838942307692307 0.5252403846153846 0.06971153846153846 0.051682692307692304
0 0.6237980769230769 0.4014423076923077 0.06370192307692307 0.046875
0 0.8822115384615384 0.24879807692307693 0.04326923076923077 0.07692307692307693
0 0.65625 0.3016826923076923 0.18389423076923078 0.09375
0 0.3137019230769231 0.33413461538461536 0.03245192307692308 0.038461538461538464
0 0.7692307692307693 0.46153846153846156 0.078125 0.03485576923076923
0 0.11778846153846154 0.8052884615384616 0.037259615384615384 0.08774038461538461
0 0.15745192307692307 0.8269230769230769 0.037259615384615384 0.08173076923076923
0 0.20072115384615385 0.9411057692307693 0.08653846153846154 0.057692307692307696
0 0.7475961538461539 0.3581730769230769 0.055288461538461536 0.052884615384615384
0 0.7896634615384616 0.375 0.06971153846153846 0.038461538461538464
0 0.056490384615384616 0.6454326923076923 0.04807692307692308 0.055288461538461536
0 0.019230769230769232 0.7379807692307693 0.038461538461538464 0.05889423076923077
0 0.4699519230769231 0.4483173076923077 0.026442307692307692 0.027644230769230768
0 0.42908653846153844 0.4807692307692308 0.051682692307692304 0.037259615384615384
0 0.3112980769230769 0.49278846153846156 0.09254807692307693 0.10817307692307693
0 0.7319711538461539 0.6346153846153846 0.0625 0.046875
0 0.5216346153846154 0.24278846153846154 0.03485576923076923 0.037259615384615384
0 0.5492788461538461 0.24759615384615385 0.03125 0.025240384615384616
0 0.5552884615384616 0.27884615384615385 0.038461538461538464 0.038461538461538464