0 0.2764423076923077 0.5072115384615384 0.36899038461538464 0.18028846153846154
0 0.8918269230769231 0.6033653846153846 0.21394230769230768 0.1502403846153846
0 0.6646634615384616 0.27163461538461536 0.22235576923076922 0.12980769230769232
0 0.16346153846153846 0.3269230769230769 0.3269230769230769 0.13942307692307693
0 0.5528846153846154 0.4182692307692308 0.3076923076923077 0.1310096153846154
0 0.44471153846153844 0.1814903846153846 0.38221153846153844 0.1310096153846154
0 0.5144230769230769 0.25841346153846156 0.28125 0.12379807692307693
0 0.2668269230769231 0.8100961538461539 0.2860576923076923 0.12139423076923077
0 0.6983173076923077 0.05048076923076923 0.375 0.10096153846153846
0 0.4651442307692308 0.7788461538461539 0.3449519230769231 0.12139423076923077
0 0.8557692307692307 0.10697115384615384 0.23918269230769232 0.1141826923076923
0 0.8786057692307693 0.8137019230769231 0.23918269230769232 0.11298076923076923
0 0.8605769230769231 0.45072115384615385 0.2764423076923077 0.10817307692307693
0 0.1658653846153846 0.6935096153846154 0.3112980769230769 0.10817307692307693
0 0.7752403846153846 0.6646634615384616 0.265625 0.09975961538461539
0 0.9050480769230769 0.3389423076923077 0.171875 0.09254807692307693
0 0.07692307692307693 0.9591346153846154 0.0985576923076923 0.078125
0 0.4699519230769231 0.8028846153846154 0.3112980769230769 0.0985576923076923
0 0.6033653846153846 0.7644230769230769 0.2127403846153846 0.09014423076923077
0 0.04326923076923077 0.5048076923076923 0.08653846153846154 0.08413461538461539
0 0.8786057692307693 0.8882211538461539 0.23918269230769232 0.09495192307692307
0 0.8028846153846154 0.3701923076923077 0.0889423076923077 0.078125
0 0.021634615384615384 0.06009615384615385 0.04326923076923077 0.057692307692307696
0 0.6021634615384616 0.8473557692307693 0.296875 0.09254807692307693
0 0.46033653846153844 0.5324519230769231 0.14903846153846154 0.08173076923076923
0 0.21754807692307693 0.25721153846153844 0.21153846153846154 0.08653846153846154
0 0.10336538461538461 0.8810096153846154 0.16105769230769232 0.078125
0 0.4074519230769231 0.6442307692307693 0.2403846153846154 0.08173076923076923
0 0.7391826923076923 0.5925480769230769 0.14423076923076922 0.06971153846153846
0 0.46153846153846156 0.7199519230769231 0.2920673076923077 0.0733173076923077
0 0.9254807692307693 0.5661057692307693 0.1466346153846154 0.06610576923076923
0 0.37740384615384615 0.9807692307692307 0.28846153846153844 0.036057692307692304
0 0.7487980769230769 0.9651442307692307 0.2848557692307692 0.056490384615384616