1 0.4483173076923077 0.22355769230769232 0.28125 0.21394230769230768
1 0.6502403846153846 0.2403846153846154 0.19110576923076922 0.18028846153846154
1 0.8125 0.9338942307692307 0.33774038461538464 0.12860576923076922
1 0.9026442307692307 0.6814903846153846 0.1814903846153846 0.15625
1 0.6634615384615384 0.6442307692307693 0.2608173076923077 0.14543269230769232
1 0.8533653846153846 0.07572115384615384 0.29086538461538464 0.12980769230769232
1 0.6105769230769231 0.8461538461538461 0.22355769230769232 0.1346153846153846
1 0.203125 0.6875 0.2536057692307692 0.1346153846153846
1 0.01201923076923077 0.7524038461538461 0.02403846153846154 0.1141826923076923
1 0.040865384615384616 0.921875 0.08173076923076923 0.09375
1 0.019230769230769232 0.6622596153846154 0.037259615384615384 0.0733173076923077