2 0.2668269230769231 0.5072115384615384 0.06850961538461539 0.08653846153846154
2 0.39903846153846156 0.5216346153846154 0.07692307692307693 0.07932692307692307
2 0.1814903846153846 0.5096153846153846 0.0673076923076923 0.07932692307692307
2 0.5324519230769231 0.5168269230769231 0.06610576923076923 0.06971153846153846
2 0.8293269230769231 0.7103365384615384 0.1875 0.07211538461538461
2 0.7307692307692307 0.4987980769230769 0.056490384615384616 0.06370192307692307
2 0.8834134615384616 0.5072115384615384 0.051682692307692304 0.0625
2 0.7776442307692307 0.5096153846153846 0.0625 0.0625
2 0.07932692307692307 0.47475961538461536 0.056490384615384616 0.0625
2 0.5901442307692307 0.5228365384615384 0.06971153846153846 0.0625
2 0.5252403846153846 0.6838942307692307 0.24519230769230768 0.055288461538461536
2 0.019230769230769232 0.4495192307692308 0.036057692307692304 0.046875
2 0.9314903846153846 0.5084134615384616 0.04567307692307692 0.04326923076923077
2 0.8137019230769231 0.5144230769230769 0.05048076923076923 0.040865384615384616
2 0.8485576923076923 0.5120192307692307 0.026442307692307692 0.03245192307692308
2 0.9855769230769231 0.5192307692307693 0.027644230769230768 0.03245192307692308
2 0.6875 0.5192307692307693 0.0673076923076923 0.025240384615384616
2 0.013221153846153846 0.390625 0.019230769230769232 0.040865384615384616