4 0.25721153846153844 0.6887019230769231 0.22956730769230768 0.22956730769230768
4 0.5829326923076923 0.32211538461538464 0.0889423076923077 0.12860576923076922
0 0.47716346153846156 0.40024038461538464 0.03125 0.06971153846153846
0 0.4567307692307692 0.421875 0.03125 0.0625
0 0.44350961538461536 0.3713942307692308 0.040865384615384616 0.05889423076923077
0 0.41466346153846156 0.4411057692307692 0.05048076923076923 0.057692307692307696
0 0.7439903846153846 0.20673076923076922 0.030048076923076924 0.052884615384615384
0 0.4098557692307692 0.49038461538461536 0.0733173076923077 0.055288461538461536
0 0.43028846153846156 0.33653846153846156 0.05048076923076923 0.05048076923076923
0 0.4987980769230769 0.2848557692307692 0.026442307692307692 0.046875
0 0.35096153846153844 0.40865384615384615 0.027644230769230768 0.04326923076923077
0 0.19951923076923078 0.3581730769230769 0.04326923076923077 0.04326923076923077
0 0.44711538461538464 0.23557692307692307 0.016826923076923076 0.026442307692307692
0 0.3401442307692308 0.4807692307692308 0.016826923076923076 0.021634615384615384
0 0.27283653846153844 0.4098557692307692 0.01201923076923077 0.021634615384615384
0 0.2920673076923077 0.4182692307692308 0.025240384615384616 0.014423076923076924
0 0.5757211538461539 0.49038461538461536 0.08173076923076923 0.05048076923076923