0 0.6237980769230769 0.24158653846153846 0.484375 0.25721153846153844
4 0.3112980769230769 0.07692307692307693 0.6213942307692307 0.15264423076923078
0 0.46153846153846156 0.36538461538461536 0.10096153846153846 0.09735576923076923
0 0.2668269230769231 0.8834134615384616 0.1971153846153846 0.0829326923076923
4 0.5961538461538461 0.7211538461538461 0.1875 0.07451923076923077
4 0.4987980769230769 0.6706730769230769 0.14182692307692307 0.07211538461538461
0 0.3269230769230769 0.4362980769230769 0.1466346153846154 0.0625
0 0.3245192307692308 0.47836538461538464 0.06971153846153846 0.057692307692307696
0 0.34975961538461536 0.3894230769230769 0.1201923076923077 0.057692307692307696
0 0.4230769230769231 0.48677884615384615 0.10096153846153846 0.056490384615384616
0 0.03365384615384615 0.4675480769230769 0.0673076923076923 0.052884615384615384
0 0.03125 0.5709134615384616 0.05889423076923077 0.05048076923076923
0 0.05048076923076923 0.6550480769230769 0.09254807692307693 0.052884615384615384
0 0.22596153846153846 0.43028846153846156 0.11057692307692307 0.05048076923076923
0 0.1045673076923077 0.4675480769230769 0.12620192307692307 0.05048076923076923
0 0.1658653846153846 0.5372596153846154 0.1045673076923077 0.05048076923076923
0 0.2091346153846154 0.46875 0.09975961538461539 0.046875
0 0.4855769230769231 0.43509615384615385 0.12139423076923077 0.042067307692307696
0 0.3293269230769231 0.5096153846153846 0.0829326923076923 0.038461538461538464