4 0.6262019230769231 0.6466346153846154 0.14903846153846154 0.4254807692307692
0 0.6850961538461539 0.6899038461538461 0.04326923076923077 0.0625
0 0.7716346153846154 0.7319711538461539 0.11899038461538461 0.0733173076923077
0 0.3425480769230769 0.5612980769230769 0.036057692307692304 0.026442307692307692
0 0.3401442307692308 0.3605769230769231 0.03245192307692308 0.02403846153846154
0 0.0985576923076923 0.4855769230769231 0.04326923076923077 0.025240384615384616
0 0.1346153846153846 0.8137019230769231 0.027644230769230768 0.07211538461538461
0 0.11177884615384616 0.9206730769230769 0.025240384615384616 0.037259615384615384
0 0.2536057692307692 0.8209134615384616 0.021634615384615384 0.019230769230769232
0 0.30408653846153844 0.7175480769230769 0.007211538461538462 0.025240384615384616
0 0.13822115384615385 0.7259615384615384 0.036057692307692304 0.040865384615384616
0 0.11298076923076923 0.7572115384615384 0.038461538461538464 0.057692307692307696
0 0.7872596153846154 0.5757211538461539 0.03485576923076923 0.030048076923076924
0 0.25721153846153844 0.39783653846153844 0.020432692307692308 0.014423076923076924