0 0.5564903846153846 0.4855769230769231 0.14543269230769232 0.0625
0 0.9627403846153846 0.5192307692307693 0.07211538461538461 0.0733173076923077
0 0.38461538461538464 0.30528846153846156 0.13942307692307693 0.06370192307692307
0 0.7451923076923077 0.21995192307692307 0.15985576923076922 0.0733173076923077
0 0.4675480769230769 0.18509615384615385 0.125 0.06129807692307692
0 0.2668269230769231 0.1971153846153846 0.10336538461538461 0.051682692307692304
0 0.32572115384615385 0.21153846153846154 0.06971153846153846 0.056490384615384616
0 0.22956730769230768 0.21995192307692307 0.07211538461538461 0.05048076923076923
0 0.7872596153846154 0.08052884615384616 0.0985576923076923 0.036057692307692304
0 0.23076923076923078 0.11057692307692307 0.06129807692307692 0.042067307692307696
0 0.7776442307692307 0.030048076923076924 0.09495192307692307 0.036057692307692304
0 0.7055288461538461 0.01201923076923077 0.07451923076923077 0.02403846153846154
0 0.3473557692307692 0.39783653846153844 0.078125 0.07692307692307693
0 0.38221153846153844 0.17067307692307693 0.06971153846153846 0.04807692307692308
0 0.5120192307692307 0.09014423076923077 0.057692307692307696 0.04807692307692308
0 0.9723557692307693 0.09134615384615384 0.040865384615384616 0.10336538461538461