2 0.44711538461538464 0.5024038461538461 0.21875 0.11538461538461539
2 0.9399038461538461 0.3076923076923077 0.11778846153846154 0.11538461538461539
2 0.12379807692307693 0.2608173076923077 0.1045673076923077 0.09014423076923077
2 0.7716346153846154 0.22596153846153846 0.078125 0.06129807692307692
2 0.3701923076923077 0.19951923076923078 0.03485576923076923 0.052884615384615384
2 0.6045673076923077 0.22716346153846154 0.057692307692307696 0.05048076923076923
2 0.3894230769230769 0.21394230769230768 0.04326923076923077 0.046875
2 0.4362980769230769 0.2247596153846154 0.04326923076923077 0.042067307692307696
2 0.5228365384615384 0.2283653846153846 0.06850961538461539 0.042067307692307696
2 0.2932692307692308 0.21995192307692307 0.020432692307692308 0.037259615384615384
2 0.6730769230769231 0.23076923076923078 0.056490384615384616 0.037259615384615384
2 0.23076923076923078 0.21033653846153846 0.025240384615384616 0.03125
2 0.2644230769230769 0.2091346153846154 0.030048076923076924 0.03125
2 0.056490384615384616 0.21153846153846154 0.021634615384615384 0.027644230769230768
2 0.1971153846153846 0.22235576923076922 0.03485576923076923 0.026442307692307692