0 0.5769230769230769 0.0889423076923077 0.2548076923076923 0.1778846153846154
0 0.5504807692307693 0.23798076923076922 0.10817307692307693 0.12980769230769232
0 0.7367788461538461 0.23557692307692307 0.13701923076923078 0.1310096153846154
0 0.5144230769230769 0.27884615384615385 0.0733173076923077 0.1201923076923077
0 0.2800480769230769 0.3269230769230769 0.12379807692307693 0.1045673076923077
0 0.6862980769230769 0.5240384615384616 0.1346153846153846 0.09735576923076923
0 0.7740384615384616 0.31490384615384615 0.10096153846153846 0.0889423076923077
0 0.05889423076923077 0.055288461538461536 0.11778846153846154 0.0625
4 0.7067307692307693 0.6189903846153846 0.14543269230769232 0.09014423076923077
4 0.1622596153846154 0.7283653846153846 0.1971153846153846 0.0889423076923077
0 0.7151442307692307 0.35096153846153844 0.09735576923076923 0.07211538461538461
4 0.0733173076923077 0.5420673076923077 0.11899038461538461 0.04807692307692308
6 0.11298076923076923 0.9182692307692307 0.11298076923076923 0.040865384615384616
0 0.16706730769230768 0.6117788461538461 0.12139423076923077 0.040865384615384616
0 0.039663461538461536 0.8798076923076923 0.03245192307692308 0.04807692307692308