4 0.29447115384615385 0.4651442307692308 0.4230769230769231 0.17067307692307693
0 0.609375 0.7379807692307693 0.4639423076923077 0.1466346153846154
0 0.9134615384615384 0.42908653846153844 0.16826923076923078 0.0829326923076923
4 0.9375 0.8064903846153846 0.12139423076923077 0.078125
0 0.6418269230769231 0.5721153846153846 0.2283653846153846 0.07692307692307693
0 0.7992788461538461 0.8004807692307693 0.16105769230769232 0.07451923076923077
0 0.8485576923076923 0.5913461538461539 0.140625 0.06971153846153846
0 0.8425480769230769 0.5168269230769231 0.11778846153846154 0.06850961538461539
0 0.6935096153846154 0.5985576923076923 0.18389423076923078 0.0673076923076923
0 0.21153846153846154 0.9783653846153846 0.25721153846153844 0.040865384615384616
0 0.4651442307692308 0.6213942307692307 0.07692307692307693 0.04807692307692308
0 0.24158653846153846 0.5709134615384616 0.15264423076923078 0.04807692307692308
0 0.06129807692307692 0.8942307692307693 0.109375 0.046875
0 0.5504807692307693 0.6490384615384616 0.04807692307692308 0.042067307692307696
0 0.03365384615384615 0.6538461538461539 0.0625 0.037259615384615384
0 0.3173076923076923 0.6009615384615384 0.09254807692307693 0.036057692307692304
0 0.07451923076923077 0.671875 0.10096153846153846 0.036057692307692304
6 0.05048076923076923 0.9855769230769231 0.08653846153846154 0.026442307692307692