1 0.23557692307692307 0.18028846153846154 0.13581730769230768 0.12139423076923077
1 0.3870192307692308 0.7235576923076923 0.09375 0.1141826923076923
1 0.20793269230769232 0.7055288461538461 0.15745192307692307 0.11778846153846154
1 0.5144230769230769 0.8365384615384616 0.15625 0.11057692307692307
1 0.6995192307692307 0.5817307692307693 0.14423076923076922 0.08413461538461539
1 0.19471153846153846 0.5144230769230769 0.12860576923076922 0.08173076923076923
1 0.6514423076923077 0.7980769230769231 0.12620192307692307 0.078125
1 0.38341346153846156 0.4495192307692308 0.14423076923076922 0.07932692307692307
1 0.33413461538461536 0.41947115384615385 0.1466346153846154 0.07932692307692307
1 0.2956730769230769 0.5060096153846154 0.12379807692307693 0.07692307692307693
1 0.10576923076923077 0.4951923076923077 0.12980769230769232 0.07451923076923077
1 0.23557692307692307 0.8425480769230769 0.140625 0.07692307692307693
1 0.046875 0.8894230769230769 0.04567307692307692 0.0673076923076923
1 0.5432692307692307 0.390625 0.16706730769230768 0.0733173076923077
1 0.013221153846153846 0.5324519230769231 0.026442307692307692 0.0625