0 0.5961538461538461 0.25721153846153844 0.4423076923076923 0.22956730769230768
4 0.2980769230769231 0.0829326923076923 0.5961538461538461 0.1658653846153846
0 0.44471153846153844 0.36899038461538464 0.09014423076923077 0.08774038461538461
0 0.25721153846153844 0.8425480769230769 0.1814903846153846 0.0733173076923077
4 0.5637019230769231 0.6995192307692307 0.171875 0.06610576923076923
4 0.47475961538461536 0.6514423076923077 0.1310096153846154 0.0625
0 0.31971153846153844 0.43149038461538464 0.1346153846153846 0.055288461538461536
0 0.3173076923076923 0.47115384615384615 0.06370192307692307 0.052884615384615384
0 0.34134615384615385 0.3894230769230769 0.11057692307692307 0.051682692307692304
0 0.4074519230769231 0.4807692307692308 0.09375 0.05048076923076923
0 0.038461538461538464 0.453125 0.07692307692307693 0.04567307692307692
0 0.036057692307692304 0.5516826923076923 0.06971153846153846 0.04567307692307692
0 0.052884615384615384 0.6286057692307693 0.09975961538461539 0.04567307692307692
0 0.22596153846153846 0.42427884615384615 0.10096153846153846 0.04567307692307692
0 0.11538461538461539 0.4567307692307692 0.11538461538461539 0.04326923076923077
0 0.17067307692307693 0.5216346153846154 0.09495192307692307 0.04326923076923077
0 0.21033653846153846 0.46033653846153844 0.09014423076923077 0.042067307692307696
0 0.4651442307692308 0.4326923076923077 0.11057692307692307 0.037259615384615384
0 0.31971153846153844 0.4987980769230769 0.07451923076923077 0.03485576923076923