1 0.3701923076923077 0.4206730769230769 0.17548076923076922 0.13581730769230768
1 0.9399038461538461 0.2668269230769231 0.10576923076923077 0.12860576923076922
1 0.052884615384615384 0.49399038461538464 0.1045673076923077 0.12620192307692307
1 0.6141826923076923 0.6177884615384616 0.21153846153846154 0.12860576923076922
1 0.027644230769230768 0.36899038461538464 0.055288461538461536 0.12379807692307693
1 0.39903846153846156 0.5661057692307693 0.21394230769230768 0.125
1 0.23317307692307693 0.7331730769230769 0.23076923076923078 0.11899038461538461
1 0.8365384615384616 0.7427884615384616 0.15264423076923078 0.10096153846153846
1 0.09975961538461539 0.9026442307692307 0.17307692307692307 0.0985576923076923
1 0.5432692307692307 0.7307692307692307 0.1346153846153846 0.09375
1 0.38822115384615385 0.7824519230769231 0.16706730769230768 0.08774038461538461
1 0.07211538461538461 0.3245192307692308 0.14423076923076922 0.08413461538461539
1 0.8870192307692307 0.16706730769230768 0.17668269230769232 0.08173076923076923
1 0.6165865384615384 0.9675480769230769 0.1310096153846154 0.05889423076923077