0 0.41586538461538464 0.12980769230769232 0.11298076923076923 0.21394230769230768
0 0.8485576923076923 0.1502403846153846 0.038461538461538464 0.09975961538461539
0 0.6947115384615384 0.03365384615384615 0.040865384615384616 0.06129807692307692
0 0.6225961538461539 0.2127403846153846 0.0625 0.07932692307692307
0 0.4375 0.6418269230769231 0.05048076923076923 0.06971153846153846
0 0.4338942307692308 0.015625 0.07692307692307693 0.03125
0 0.6646634615384616 0.6081730769230769 0.06370192307692307 0.0673076923076923
0 0.5588942307692307 0.25841346153846156 0.027644230769230768 0.06129807692307692
0 0.7295673076923077 0.027644230769230768 0.03125 0.046875
0 0.7572115384615384 0.2620192307692308 0.026442307692307692 0.05048076923076923
0 0.7644230769230769 0.025240384615384616 0.03125 0.040865384615384616
0 0.5072115384615384 0.29086538461538464 0.027644230769230768 0.04567307692307692
0 0.5552884615384616 0.39903846153846156 0.0625 0.046875
0 0.7079326923076923 0.21875 0.030048076923076924 0.04326923076923077
0 0.8293269230769231 0.2620192307692308 0.026442307692307692 0.042067307692307696
0 0.6478365384615384 0.5396634615384616 0.03485576923076923 0.038461538461538464
0 0.6862980769230769 0.7019230769230769 0.04567307692307692 0.042067307692307696