4 0.5264423076923077 0.7175480769230769 0.71875 0.2620192307692308
0 0.6959134615384616 0.12860576923076922 0.2127403846153846 0.203125
0 0.9194711538461539 0.4891826923076923 0.15745192307692307 0.19110576923076922
0 0.6850961538461539 0.37740384615384615 0.15504807692307693 0.1875
0 0.15865384615384615 0.2620192307692308 0.22596153846153846 0.15985576923076922
0 0.6514423076923077 0.2536057692307692 0.1814903846153846 0.14423076923076922
4 0.10096153846153846 0.5625 0.20192307692307693 0.12860576923076922
0 0.9074519230769231 0.4170673076923077 0.125 0.1045673076923077
0 0.30649038461538464 0.3629807692307692 0.14903846153846154 0.09495192307692307
0 0.5276442307692307 0.3473557692307692 0.109375 0.07451923076923077
0 0.6923076923076923 0.4230769230769231 0.17668269230769232 0.07451923076923077
0 0.41586538461538464 0.375 0.052884615384615384 0.06971153846153846
0 0.3449519230769231 0.6394230769230769 0.14543269230769232 0.06850961538461539
4 0.4651442307692308 0.4423076923076923 0.12860576923076922 0.06129807692307692
0 0.5877403846153846 0.390625 0.15504807692307693 0.05889423076923077
0 0.4050480769230769 0.4855769230769231 0.1346153846153846 0.056490384615384616
0 0.13221153846153846 0.4651442307692308 0.0829326923076923 0.04807692307692308
0 0.328125 0.45072115384615385 0.09975961538461539 0.04567307692307692
0 0.021634615384615384 0.4699519230769231 0.042067307692307696 0.040865384615384616
0 0.08413461538461539 0.4699519230769231 0.06610576923076923 0.038461538461538464
0 0.21033653846153846 0.4963942307692308 0.03485576923076923 0.03485576923076923
0 0.31971153846153844 0.4182692307692308 0.09735576923076923 0.05048076923076923