0 0.3233173076923077 0.09375 0.3317307692307692 0.12860576923076922
4 0.4387019230769231 0.421875 0.3942307692307692 0.11298076923076923
0 0.9170673076923077 0.1814903846153846 0.1622596153846154 0.08413461538461539
0 0.9026442307692307 0.26322115384615385 0.1935096153846154 0.08173076923076923
4 0.7271634615384616 0.5949519230769231 0.1814903846153846 0.0673076923076923
0 0.05889423076923077 0.20552884615384615 0.11778846153846154 0.06009615384615385
0 0.7536057692307693 0.6814903846153846 0.10336538461538461 0.056490384615384616
4 0.49158653846153844 0.6911057692307693 0.05889423076923077 0.037259615384615384
0 0.2980769230769231 0.46153846153846156 0.05048076923076923 0.03125
0 0.4855769230769231 0.33413461538461536 0.06850961538461539 0.030048076923076924
6 0.9507211538461539 0.7764423076923077 0.09495192307692307 0.03125
0 0.734375 0.5036057692307693 0.09735576923076923 0.026442307692307692
0 0.3581730769230769 0.5276442307692307 0.038461538461538464 0.025240384615384616
0 0.6382211538461539 0.44711538461538464 0.07211538461538461 0.025240384615384616
0 0.41346153846153844 0.4411057692307692 0.08413461538461539 0.025240384615384616
0 0.25841346153846156 0.5661057692307693 0.03245192307692308 0.020432692307692308
0 0.33774038461538464 0.5432692307692307 0.037259615384615384 0.019230769230769232
0 0.2980769230769231 0.5697115384615384 0.03125 0.019230769230769232
0 0.38461538461538464 0.5240384615384616 0.006009615384615385 0.019230769230769232
0 0.37259615384615385 0.5697115384615384 0.025240384615384616 0.01201923076923077
0 0.3641826923076923 0.5504807692307693 0.021634615384615384 0.01201923076923077
0 0.31009615384615385 0.5612980769230769 0.026442307692307692 0.009615384615384616
0 0.41346153846153844 0.5697115384615384 0.021634615384615384 0.009615384615384616