0 0.5048076923076923 0.21514423076923078 0.9855769230769231 0.43028846153846156
0 0.8677884615384616 0.2704326923076923 0.2620192307692308 0.2620192307692308
0 0.8088942307692307 0.5072115384615384 0.3798076923076923 0.265625
4 0.3088942307692308 0.49038461538461536 0.6177884615384616 0.2644230769230769
0 0.7043269230769231 0.7704326923076923 0.38461538461538464 0.16346153846153846
0 0.6262019230769231 0.6045673076923077 0.3076923076923077 0.12620192307692307
0 0.06490384615384616 0.4699519230769231 0.12980769230769232 0.09495192307692307
0 0.14182692307692307 0.8293269230769231 0.20673076923076922 0.0985576923076923
0 0.1658653846153846 0.5588942307692307 0.08774038461538461 0.07451923076923077
4 0.3425480769230769 0.8257211538461539 0.10817307692307693 0.07451923076923077
0 0.14423076923076922 0.6177884615384616 0.109375 0.07451923076923077
0 0.3269230769230769 0.6358173076923077 0.13942307692307693 0.06850961538461539
0 0.7824519230769231 0.6682692307692307 0.09495192307692307 0.057692307692307696
0 0.921875 0.9879807692307693 0.078125 0.021634615384615384
0 0.4483173076923077 0.6574519230769231 0.09014423076923077 0.051682692307692304
0 0.6586538461538461 0.6706730769230769 0.07451923076923077 0.04807692307692308
0 0.38100961538461536 0.6947115384615384 0.042067307692307696 0.046875
0 0.53125 0.6838942307692307 0.07692307692307693 0.046875
0 0.36538461538461536 0.6550480769230769 0.109375 0.046875
0 0.9447115384615384 0.7620192307692307 0.06850961538461539 0.038461538461538464
0 0.5432692307692307 0.6658653846153846 0.08653846153846154 0.03125