4 0.3389423076923077 0.5685096153846154 0.19471153846153846 0.14182692307692307
4 0.5108173076923077 0.5324519230769231 0.20432692307692307 0.09254807692307693
0 0.21153846153846154 0.18389423076923078 0.1971153846153846 0.0889423076923077
0 0.9495192307692307 0.2403846153846154 0.0985576923076923 0.08653846153846154
0 0.3762019230769231 0.21995192307692307 0.17548076923076922 0.07692307692307693
0 0.1045673076923077 0.31850961538461536 0.19471153846153846 0.07692307692307693
0 0.07091346153846154 0.2620192307692308 0.12139423076923077 0.06370192307692307
0 0.5168269230769231 0.32091346153846156 0.18028846153846154 0.06370192307692307
0 0.6802884615384616 0.31490384615384615 0.1658653846153846 0.0625
0 0.2824519230769231 0.29927884615384615 0.1778846153846154 0.06129807692307692
0 0.8269230769230769 0.3076923076923077 0.13221153846153846 0.057692307692307696
0 0.9651442307692307 0.2956730769230769 0.0673076923076923 0.05048076923076923
4 0.8137019230769231 0.41346153846153844 0.24278846153846154 0.052884615384615384
0 0.8677884615384616 0.3269230769230769 0.1201923076923077 0.04567307692307692
0 0.7596153846153846 0.2403846153846154 0.1201923076923077 0.04326923076923077
0 0.3317307692307692 0.2608173076923077 0.16105769230769232 0.042067307692307696
0 0.6682692307692307 0.7716346153846154 0.16826923076923078 0.09375