4 0.8810096153846154 0.7800480769230769 0.04567307692307692 0.234375
0 0.46634615384615385 0.6286057692307693 0.09735576923076923 0.16346153846153846
0 0.28846153846153844 0.6634615384615384 0.055288461538461536 0.09735576923076923
0 0.7716346153846154 0.09014423076923077 0.026442307692307692 0.0889423076923077
0 0.7944711538461539 0.10576923076923077 0.026442307692307692 0.0889423076923077
0 0.6069711538461539 0.11177884615384616 0.03125 0.0829326923076923
0 0.8149038461538461 0.05048076923076923 0.030048076923076924 0.07932692307692307
0 0.5612980769230769 0.0829326923076923 0.019230769230769232 0.06971153846153846
0 0.6322115384615384 0.9903846153846154 0.021634615384615384 0.014423076923076924
0 0.11177884615384616 0.4879807692307692 0.037259615384615384 0.052884615384615384
0 0.17548076923076922 0.6947115384615384 0.02403846153846154 0.052884615384615384
0 0.29086538461538464 0.7548076923076923 0.03125 0.040865384615384616
0 0.9651442307692307 0.23197115384615385 0.014423076923076924 0.038461538461538464
0 0.3870192307692308 0.7980769230769231 0.051682692307692304 0.036057692307692304
0 0.4807692307692308 0.2668269230769231 0.014423076923076924 0.030048076923076924
0 0.7079326923076923 0.7668269230769231 0.030048076923076924 0.027644230769230768
0 0.9891826923076923 0.23076923076923078 0.009615384615384616 0.030048076923076924
0 0.8677884615384616 0.28846153846153844 0.016826923076923076 0.020432692307692308
0 0.6454326923076923 0.4963942307692308 0.030048076923076924 0.020432692307692308
0 0.9230769230769231 0.2704326923076923 0.020432692307692308 0.020432692307692308
0 0.29447115384615385 0.7932692307692307 0.04326923076923077 0.015625
0 0.35216346153846156 0.453125 0.03125 0.040865384615384616