1 0.7151442307692307 0.5853365384615384 0.2704326923076923 0.16826923076923078
1 0.33774038461538464 0.6466346153846154 0.2608173076923077 0.13942307692307693
1 0.24519230769230768 0.4699519230769231 0.22355769230769232 0.14903846153846154
1 0.38461538461538464 0.5745192307692307 0.203125 0.09975961538461539
1 0.7608173076923077 0.7740384615384616 0.1622596153846154 0.125
1 0.8918269230769231 0.9170673076923077 0.21394230769230768 0.140625
1 0.4182692307692308 0.8461538461538461 0.21875 0.13581730769230768
1 0.3004807692307692 0.8233173076923077 0.27524038461538464 0.14903846153846154
1 0.18509615384615385 0.7620192307692307 0.22235576923076922 0.11538461538461539
1 0.15985576923076922 0.9170673076923077 0.2776442307692308 0.0889423076923077
1 0.3112980769230769 0.9591346153846154 0.21875 0.07932692307692307
1 0.08413461538461539 0.3425480769230769 0.16826923076923078 0.140625
1 0.31971153846153844 0.16346153846153846 0.3449519230769231 0.13942307692307693
1 0.7680288461538461 0.06129807692307692 0.31971153846153844 0.12259615384615384
1 0.6213942307692307 0.15625 0.2127403846153846 0.1466346153846154
1 0.8798076923076923 0.27283653846153844 0.22235576923076922 0.15625
1 0.8990384615384616 0.11658653846153846 0.1658653846153846 0.1045673076923077
1 0.38221153846153844 0.04326923076923077 0.2644230769230769 0.08653846153846154
1 0.44471153846153844 0.3629807692307692 0.15504807692307693 0.234375
1 0.609375 0.40384615384615385 0.1466346153846154 0.11778846153846154
1 0.0673076923076923 0.11658653846153846 0.1346153846153846 0.19471153846153846
1 0.9302884615384616 0.6490384615384616 0.13701923076923078 0.10817307692307693
1 0.8269230769230769 0.6322115384615384 0.24519230769230768 0.13942307692307693
1 0.5528846153846154 0.6598557692307693 0.24639423076923078 0.12379807692307693
1 0.09254807692307693 0.6237980769230769 0.16826923076923078 0.11899038461538461
1 0.3545673076923077 0.23076923076923078 0.24519230769230768 0.07692307692307693
1 0.36778846153846156 0.33653846153846156 0.08413461538461539 0.046875
1 0.3088942307692308 0.2932692307692308 0.19951923076923078 0.09975961538461539
1 0.01201923076923077 0.6370192307692307 0.01201923076923077 0.0733173076923077
1 0.14182692307692307 0.9819711538461539 0.16346153846153846 0.03245192307692308
1 0.6610576923076923 0.7608173076923077 0.13221153846153846 0.056490384615384616
1 0.9447115384615384 0.6009615384615384 0.10817307692307693 0.07451923076923077