0 0.13701923076923078 0.1141826923076923 0.27403846153846156 0.19951923076923078
0 0.21995192307692307 0.23197115384615385 0.20673076923076922 0.1466346153846154
4 0.33413461538461536 0.47716346153846156 0.36899038461538464 0.13581730769230768
0 0.36658653846153844 0.21995192307692307 0.140625 0.1141826923076923
0 0.36538461538461536 0.8954326923076923 0.3269230769230769 0.12620192307692307
0 0.4495192307692308 0.3161057692307692 0.056490384615384616 0.10336538461538461
0 0.33774038461538464 0.3125 0.04567307692307692 0.09375
4 0.7079326923076923 0.7632211538461539 0.15625 0.09735576923076923
4 0.6442307692307693 0.6237980769230769 0.25961538461538464 0.10336538461538461
4 0.5324519230769231 0.5324519230769231 0.25721153846153844 0.10096153846153846
0 0.01201923076923077 0.3088942307692308 0.02403846153846154 0.08413461538461539
0 0.49759615384615385 0.8449519230769231 0.22956730769230768 0.09375
0 0.453125 0.4182692307692308 0.1045673076923077 0.07451923076923077
0 0.38461538461538464 0.3954326923076923 0.07451923076923077 0.0673076923076923
0 0.16826923076923078 0.49278846153846156 0.10336538461538461 0.0673076923076923
0 0.5637019230769231 0.38221153846153844 0.10096153846153846 0.057692307692307696
0 0.29086538461538464 0.40024038461538464 0.18629807692307693 0.06370192307692307
0 0.4375 0.3870192307692308 0.056490384615384616 0.055288461538461536
0 0.04567307692307692 0.5144230769230769 0.09014423076923077 0.046875
0 0.32211538461538464 0.44711538461538464 0.06610576923076923 0.036057692307692304
0 0.27403846153846156 0.4362980769230769 0.07451923076923077 0.036057692307692304
0 0.27403846153846156 0.4651442307692308 0.06971153846153846 0.03245192307692308
0 0.23798076923076922 0.48677884615384615 0.06610576923076923 0.03125
0 0.2091346153846154 0.5144230769230769 0.056490384615384616 0.03125
0 0.12860576923076922 0.49278846153846156 0.08653846153846154 0.04567307692307692