4 0.8605769230769231 0.7403846153846154 0.046875 0.2247596153846154
0 0.46274038461538464 0.6033653846153846 0.09495192307692307 0.15745192307692307
0 0.2932692307692308 0.6394230769230769 0.052884615384615384 0.09375
0 0.7451923076923077 0.08413461538461539 0.027644230769230768 0.08653846153846154
0 0.7668269230769231 0.09975961538461539 0.026442307692307692 0.08413461538461539
0 0.5889423076923077 0.10817307692307693 0.03125 0.07932692307692307
0 0.7860576923076923 0.04567307692307692 0.030048076923076924 0.07692307692307693
0 0.5432692307692307 0.08173076923076923 0.019230769230769232 0.0673076923076923
0 0.6286057692307693 0.9675480769230769 0.025240384615384616 0.056490384615384616
0 0.12259615384615384 0.47475961538461536 0.036057692307692304 0.051682692307692304
0 0.18629807692307693 0.6706730769230769 0.02403846153846154 0.05048076923076923
0 0.296875 0.7259615384615384 0.03125 0.038461538461538464
0 0.9326923076923077 0.21634615384615385 0.014423076923076924 0.037259615384615384
0 0.3894230769230769 0.7668269230769231 0.05048076923076923 0.03485576923076923
0 0.4699519230769231 0.25721153846153844 0.014423076923076924 0.027644230769230768
0 0.6947115384615384 0.7307692307692307 0.030048076923076924 0.027644230769230768
0 0.9567307692307693 0.21394230769230768 0.01201923076923077 0.025240384615384616
0 0.8401442307692307 0.27283653846153844 0.016826923076923076 0.020432692307692308
0 0.6310096153846154 0.4735576923076923 0.027644230769230768 0.020432692307692308
0 0.8930288461538461 0.2536057692307692 0.019230769230769232 0.019230769230769232
0 0.30288461538461536 0.7620192307692307 0.042067307692307696 0.015625
0 0.35096153846153844 0.4387019230769231 0.03125 0.038461538461538464