0 0.15504807692307693 0.7355769230769231 0.020432692307692308 0.056490384615384616
0 0.4651442307692308 0.4206730769230769 0.016826923076923076 0.04807692307692308
0 0.4098557692307692 0.7896634615384616 0.03125 0.04326923076923077
0 0.14783653846153846 0.8689903846153846 0.014423076923076924 0.042067307692307696
0 0.3317307692307692 0.28725961538461536 0.025240384615384616 0.04326923076923077
0 0.35336538461538464 0.8016826923076923 0.020432692307692308 0.042067307692307696
0 0.39663461538461536 0.2932692307692308 0.026442307692307692 0.04326923076923077
0 0.3737980769230769 0.8509615384615384 0.016826923076923076 0.038461538461538464
0 0.3942307692307692 0.4050480769230769 0.020432692307692308 0.038461538461538464
0 0.43028846153846156 0.2932692307692308 0.03485576923076923 0.037259615384615384
0 0.7379807692307693 0.3425480769230769 0.055288461538461536 0.037259615384615384
0 0.2283653846153846 0.8677884615384616 0.03245192307692308 0.03485576923076923
0 0.47836538461538464 0.37740384615384615 0.021634615384615384 0.03245192307692308
0 0.21875 0.8100961538461539 0.051682692307692304 0.03485576923076923
0 0.6490384615384616 0.328125 0.016826923076923076 0.03125
0 0.4338942307692308 0.35697115384615385 0.019230769230769232 0.03125
0 0.11538461538461539 0.5865384615384616 0.03485576923076923 0.03245192307692308
0 0.5432692307692307 0.23076923076923078 0.026442307692307692 0.03245192307692308
0 0.11899038461538461 0.7307692307692307 0.04326923076923077 0.030048076923076924
0 0.13701923076923078 0.8990384615384616 0.019230769230769232 0.026442307692307692
4 0.4675480769230769 0.13581730769230768 0.0673076923076923 0.027644230769230768
0 0.21875 0.7920673076923077 0.021634615384615384 0.02403846153846154
0 0.18028846153846154 0.4987980769230769 0.02403846153846154 0.021634615384615384
0 0.9723557692307693 0.38221153846153844 0.019230769230769232 0.021634615384615384
0 0.9362980769230769 0.4026442307692308 0.015625 0.020432692307692308
0 0.5072115384615384 0.4266826923076923 0.03125 0.021634615384615384
0 0.4375 0.44350961538461536 0.009615384615384616 0.020432692307692308
0 0.9675480769230769 0.47475961538461536 0.037259615384615384 0.020432692307692308
0 0.23076923076923078 0.5060096153846154 0.019230769230769232 0.020432692307692308
0 0.16706730769230768 0.8930288461538461 0.026442307692307692 0.020432692307692308
0 0.5372596153846154 0.4699519230769231 0.030048076923076924 0.020432692307692308
0 0.4807692307692308 0.4098557692307692 0.021634615384615384 0.019230769230769232
0 0.3269230769230769 0.4951923076923077 0.019230769230769232 0.019230769230769232
0 0.14423076923076922 0.5084134615384616 0.025240384615384616 0.020432692307692308
0 0.4519230769230769 0.5072115384615384 0.021634615384615384 0.019230769230769232
0 0.96875 0.4963942307692308 0.036057692307692304 0.019230769230769232
0 0.3269230769230769 0.39903846153846156 0.014423076923076924 0.019230769230769232
0 0.6454326923076923 0.23076923076923078 0.040865384615384616 0.019230769230769232
0 0.5348557692307693 0.44471153846153844 0.015625 0.016826923076923076
0 0.6959134615384616 0.203125 0.015625 0.015625
0 0.6081730769230769 0.20192307692307693 0.01201923076923077 0.015625
0 0.2956730769230769 0.5132211538461539 0.015625 0.014423076923076924
0 0.6935096153846154 0.3473557692307692 0.019230769230769232 0.014423076923076924
0 0.5793269230769231 0.2800480769230769 0.016826923076923076 0.01201923076923077
0 0.6658653846153846 0.24879807692307693 0.010817307692307692 0.010817307692307692