4 0.4098557692307692 0.5252403846153846 0.2668269230769231 0.15144230769230768
0 0.9254807692307693 0.34975961538461536 0.1466346153846154 0.13701923076923078
4 0.23918269230769232 0.9266826923076923 0.25961538461538464 0.13221153846153846
6 0.6923076923076923 0.4423076923076923 0.06370192307692307 0.0889423076923077
0 0.7295673076923077 0.5216346153846154 0.06850961538461539 0.08774038461538461
0 0.5168269230769231 0.8810096153846154 0.19471153846153846 0.08774038461538461
0 0.9471153846153846 0.4519230769230769 0.10096153846153846 0.0829326923076923
0 0.9735576923076923 0.4110576923076923 0.05048076923076923 0.078125
0 0.9002403846153846 0.5661057692307693 0.09375 0.06971153846153846
0 0.6862980769230769 0.5168269230769231 0.04567307692307692 0.0673076923076923
0 0.6189903846153846 0.5649038461538461 0.040865384615384616 0.06610576923076923
4 0.5276442307692307 0.8040865384615384 0.12379807692307693 0.0673076923076923
0 0.8088942307692307 0.5721153846153846 0.09375 0.06370192307692307
0 0.6009615384615384 0.5024038461538461 0.0625 0.0625
4 0.7716346153846154 0.7355769230769231 0.20793269230769232 0.0625
0 0.9146634615384616 0.6237980769230769 0.10336538461538461 0.046875
0 0.9591346153846154 0.6790865384615384 0.06370192307692307 0.042067307692307696
0 0.8677884615384616 0.5841346153846154 0.10096153846153846 0.042067307692307696