4 0.5685096153846154 0.7487980769230769 0.7764423076923077 0.2956730769230769
0 0.7391826923076923 0.11177884615384616 0.234375 0.22355769230769232
0 0.9495192307692307 0.4987980769230769 0.0985576923076923 0.203125
0 0.7319711538461539 0.3786057692307692 0.16826923076923078 0.20432692307692307
0 0.16466346153846154 0.265625 0.24639423076923078 0.17548076923076922
0 0.6947115384615384 0.24639423076923078 0.1971153846153846 0.15985576923076922
4 0.10817307692307693 0.5889423076923077 0.21514423076923078 0.13942307692307693
0 0.9507211538461539 0.4206730769230769 0.09495192307692307 0.11298076923076923
0 0.32572115384615385 0.3701923076923077 0.16105769230769232 0.10576923076923077
0 0.5625 0.35096153846153844 0.11899038461538461 0.0829326923076923
0 0.7427884615384616 0.42908653846153844 0.19110576923076922 0.08413461538461539
0 0.44471153846153844 0.38221153846153844 0.05889423076923077 0.07451923076923077
0 0.3713942307692308 0.6682692307692307 0.15745192307692307 0.07692307692307693
4 0.4987980769230769 0.4543269230769231 0.13701923076923078 0.0673076923076923
0 0.6286057692307693 0.39663461538461536 0.16706730769230768 0.0673076923076923
0 0.4326923076923077 0.5024038461538461 0.14543269230769232 0.06370192307692307
0 0.140625 0.4855769230769231 0.09014423076923077 0.055288461538461536
0 0.34975961538461536 0.4651442307692308 0.10817307692307693 0.05048076923076923
0 0.021634615384615384 0.49278846153846156 0.04326923076923077 0.04326923076923077
0 0.08774038461538461 0.49038461538461536 0.06971153846153846 0.04326923076923077
0 0.22355769230769232 0.5180288461538461 0.037259615384615384 0.037259615384615384
0 0.34134615384615385 0.43028846153846156 0.10576923076923077 0.055288461538461536