4 0.5504807692307693 0.10336538461538461 0.3317307692307692 0.13942307692307693
4 0.06610576923076923 0.0829326923076923 0.1310096153846154 0.10336538461538461
6 0.7572115384615384 0.46033653846153844 0.24639423076923078 0.0985576923076923
0 0.7548076923076923 0.019230769230769232 0.3317307692307692 0.038461538461538464
6 0.35697115384615385 0.6334134615384616 0.18269230769230768 0.0733173076923077
0 0.78125 0.3317307692307692 0.16346153846153846 0.0625
0 0.1502403846153846 0.016826923076923076 0.12139423076923077 0.015625
0 0.29086538461538464 0.016826923076923076 0.09254807692307693 0.021634615384615384
0 0.4879807692307692 0.4423076923076923 0.22596153846153846 0.057692307692307696
0 0.11658653846153846 0.3269230769230769 0.17067307692307693 0.052884615384615384
0 0.47475961538461536 0.018028846153846152 0.0889423076923077 0.036057692307692304
0 0.38341346153846156 0.054086538461538464 0.0985576923076923 0.046875
0 0.8269230769230769 0.0673076923076923 0.12620192307692307 0.046875
4 0.8341346153846154 0.13822115384615385 0.0829326923076923 0.042067307692307696
0 0.9350961538461539 0.06490384615384616 0.09975961538461539 0.042067307692307696
0 0.5805288461538461 0.1814903846153846 0.040865384615384616 0.037259615384615384
0 0.9543269230769231 0.09495192307692307 0.0625 0.037259615384615384
0 0.5649038461538461 0.019230769230769232 0.057692307692307696 0.037259615384615384
4 0.3317307692307692 0.3629807692307692 0.1622596153846154 0.037259615384615384
0 0.8858173076923077 0.10216346153846154 0.09254807692307693 0.03485576923076923
0 0.7596153846153846 0.11298076923076923 0.07692307692307693 0.03245192307692308
6 0.15264423076923078 0.43509615384615385 0.1310096153846154 0.03245192307692308
6 0.5829326923076923 0.3557692307692308 0.08774038461538461 0.025240384615384616
0 0.9435096153846154 0.1971153846153846 0.056490384615384616 0.02403846153846154