4 0.5949519230769231 0.5216346153846154 0.27403846153846156 0.15745192307692307
0 0.0733173076923077 0.35336538461538464 0.1466346153846154 0.140625
4 0.7740384615384616 0.9230769230769231 0.2644230769230769 0.1346153846153846
6 0.30649038461538464 0.4423076923076923 0.0673076923076923 0.09254807692307693
0 0.2704326923076923 0.5240384615384616 0.06971153846153846 0.0889423076923077
0 0.49278846153846156 0.8822115384615384 0.19831730769230768 0.09254807692307693
0 0.05048076923076923 0.4579326923076923 0.10096153846153846 0.08413461538461539
0 0.025240384615384616 0.41586538461538464 0.05048076923076923 0.07932692307692307
0 0.09975961538461539 0.5709134615384616 0.09495192307692307 0.0733173076923077
0 0.3137019230769231 0.5168269230769231 0.046875 0.06850961538461539
0 0.38221153846153844 0.5661057692307693 0.040865384615384616 0.0673076923076923
4 0.4795673076923077 0.8064903846153846 0.12620192307692307 0.06971153846153846
0 0.19110576923076922 0.5769230769230769 0.09735576923076923 0.0673076923076923
0 0.40024038461538464 0.5012019230769231 0.06370192307692307 0.06370192307692307
4 0.23317307692307693 0.7403846153846154 0.21153846153846154 0.0673076923076923
0 0.08413461538461539 0.6286057692307693 0.1045673076923077 0.04807692307692308
0 0.04326923076923077 0.6862980769230769 0.06370192307692307 0.04326923076923077
0 0.13221153846153846 0.5901442307692307 0.10336538461538461 0.04567307692307692