6 0.5528846153846154 0.7151442307692307 0.2091346153846154 0.09495192307692307
0 0.6646634615384616 0.08052884615384616 0.078125 0.08173076923076923
4 0.6237980769230769 0.21394230769230768 0.1778846153846154 0.056490384615384616
0 0.7223557692307693 0.19951923076923078 0.0625 0.056490384615384616
4 0.2091346153846154 0.30528846153846156 0.0625 0.046875
0 0.9591346153846154 0.09375 0.078125 0.046875
4 0.7620192307692307 0.13822115384615385 0.1814903846153846 0.04326923076923077
0 0.9951923076923077 0.11778846153846154 0.006009615384615385 0.046875
0 0.9182692307692307 0.1310096153846154 0.10576923076923077 0.042067307692307696
4 0.2824519230769231 0.33774038461538464 0.078125 0.042067307692307696
4 0.4362980769230769 0.3401442307692308 0.05889423076923077 0.040865384615384616
6 0.16346153846153846 0.5240384615384616 0.12139423076923077 0.040865384615384616
4 0.4879807692307692 0.4807692307692308 0.20192307692307693 0.037259615384615384
0 0.8665865384615384 0.18870192307692307 0.09735576923076923 0.037259615384615384
0 0.3449519230769231 0.17908653846153846 0.10336538461538461 0.03485576923076923
0 0.4879807692307692 0.20072115384615385 0.09014423076923077 0.03125
0 0.6694711538461539 0.20192307692307693 0.06850961538461539 0.027644230769230768
0 0.7632211538461539 0.17307692307692307 0.09014423076923077 0.027644230769230768
0 0.42788461538461536 0.2536057692307692 0.0829326923076923 0.027644230769230768
4 0.6658653846153846 0.42788461538461536 0.10576923076923077 0.026442307692307692
0 0.29927884615384615 0.23557692307692307 0.09014423076923077 0.026442307692307692
0 0.25600961538461536 0.18389423076923078 0.09014423076923077 0.025240384615384616
0 0.20673076923076922 0.20552884615384615 0.10096153846153846 0.025240384615384616
0 0.47475961538461536 0.23197115384615385 0.08413461538461539 0.025240384615384616
0 0.6286057692307693 0.17668269230769232 0.07211538461538461 0.025240384615384616
0 0.3942307692307692 0.2283653846153846 0.0625 0.02403846153846154
0 0.14302884615384615 0.19831730769230768 0.0733173076923077 0.02403846153846154
0 0.38100961538461536 0.21995192307692307 0.0625 0.021634615384615384
0 0.21153846153846154 0.22596153846153846 0.08413461538461539 0.021634615384615384
0 0.34975961538461536 0.203125 0.07211538461538461 0.021634615384615384
0 0.10336538461538461 0.3449519230769231 0.03485576923076923 0.016826923076923076
0 0.14423076923076922 0.33774038461538464 0.01201923076923077 0.01201923076923077
0 0.06129807692307692 0.3449519230769231 0.010817307692307692 0.010817307692307692