6 0.3004807692307692 0.5793269230769231 0.19110576923076922 0.0889423076923077
0 0.13701923076923078 0.04567307692307692 0.0985576923076923 0.06971153846153846
0 0.20793269230769232 0.09615384615384616 0.09014423076923077 0.06610576923076923
0 0.3088942307692308 0.12860576923076922 0.08173076923076923 0.0625
0 0.16706730769230768 0.014423076923076924 0.13701923076923078 0.028846153846153848
0 0.078125 0.11177884615384616 0.10817307692307693 0.06370192307692307
0 0.06009615384615385 0.025240384615384616 0.0625 0.05048076923076923
6 0.8269230769230769 0.5276442307692307 0.17548076923076922 0.06370192307692307
0 0.47115384615384615 0.1971153846153846 0.10096153846153846 0.056490384615384616
0 0.27283653846153844 0.040865384615384616 0.09495192307692307 0.056490384615384616
4 0.09735576923076923 0.18028846153846154 0.15625 0.0625
0 0.8810096153846154 0.171875 0.10817307692307693 0.052884615384615384
0 0.36538461538461536 0.09615384615384616 0.05889423076923077 0.04807692307692308
0 0.3004807692307692 0.07692307692307693 0.07451923076923077 0.04567307692307692
0 0.6742788461538461 0.31971153846153844 0.09735576923076923 0.046875
0 0.5540865384615384 0.1466346153846154 0.08413461538461539 0.04567307692307692
0 0.390625 0.15144230769230768 0.06129807692307692 0.042067307692307696
0 0.7992788461538461 0.2668269230769231 0.0889423076923077 0.042067307692307696
0 0.7764423076923077 0.18389423076923078 0.06370192307692307 0.040865384615384616
0 0.5769230769230769 0.2283653846153846 0.08173076923076923 0.040865384615384616
0 0.7079326923076923 0.18629807692307693 0.06971153846153846 0.037259615384615384
0 0.47115384615384615 0.140625 0.057692307692307696 0.03485576923076923
0 0.8581730769230769 0.24639423076923078 0.0625 0.03485576923076923
0 0.9134615384615384 0.2247596153846154 0.07211538461538461 0.03485576923076923
0 0.5564903846153846 0.19471153846153846 0.06971153846153846 0.03125
0 0.4519230769230769 0.109375 0.06610576923076923 0.030048076923076924
0 0.6887019230769231 0.15144230769230768 0.08173076923076923 0.030048076923076924
0 0.9002403846153846 0.2932692307692308 0.06129807692307692 0.026442307692307692