4 0.5637019230769231 0.6286057692307693 0.6923076923076923 0.29086538461538464
4 0.6069711538461539 0.3629807692307692 0.7139423076923077 0.25961538461538464
0 0.7247596153846154 0.8605769230769231 0.21394230769230768 0.11778846153846154
0 0.7127403846153846 0.6177884615384616 0.1141826923076923 0.07932692307692307
0 0.20432692307692307 0.16826923076923078 0.20192307692307693 0.078125
4 0.4182692307692308 0.4639423076923077 0.1201923076923077 0.06971153846153846
0 0.06490384615384616 0.17307692307692307 0.0889423076923077 0.06370192307692307
0 0.5709134615384616 0.26322115384615385 0.18269230769230768 0.06971153846153846
0 0.30649038461538464 0.1814903846153846 0.11057692307692307 0.06129807692307692
0 0.9651442307692307 0.31009615384615385 0.06610576923076923 0.06129807692307692
0 0.5036057692307693 0.19951923076923078 0.16706730769230768 0.06370192307692307
0 0.6237980769230769 0.20793269230769232 0.11899038461538461 0.057692307692307696
0 0.3918269230769231 0.22956730769230768 0.1935096153846154 0.0625
0 0.6622596153846154 0.25600961538461536 0.125 0.051682692307692304
0 0.054086538461538464 0.1971153846153846 0.06971153846153846 0.04807692307692308
0 0.4639423076923077 0.1658653846153846 0.15625 0.052884615384615384
0 0.14423076923076922 0.07091346153846154 0.13701923076923078 0.05048076923076923
0 0.6887019230769231 0.3485576923076923 0.16105769230769232 0.051682692307692304