4 0.5745192307692307 0.5949519230769231 0.12860576923076922 0.4230769230769231
0 0.6310096153846154 0.6442307692307693 0.040865384615384616 0.06129807692307692
0 0.7151442307692307 0.6935096153846154 0.11778846153846154 0.0673076923076923
0 0.2980769230769231 0.4831730769230769 0.036057692307692304 0.026442307692307692
0 0.3137019230769231 0.28125 0.03245192307692308 0.021634615384615384
0 0.057692307692307696 0.38461538461538464 0.04326923076923077 0.021634615384615384
0 0.06610576923076923 0.71875 0.025240384615384616 0.07211538461538461
0 0.03365384615384615 0.8257211538461539 0.02403846153846154 0.037259615384615384
0 0.18509615384615385 0.7379807692307693 0.020432692307692308 0.019230769230769232
0 0.2439903846153846 0.6370192307692307 0.006009615384615385 0.025240384615384616
0 0.07692307692307693 0.6310096153846154 0.03485576923076923 0.040865384615384616
0 0.04807692307692308 0.6622596153846154 0.037259615384615384 0.056490384615384616
0 0.7439903846153846 0.5372596153846154 0.03245192307692308 0.027644230769230768
0 0.22596153846153846 0.3112980769230769 0.019230769230769232 0.014423076923076924