1 0.7043269230769231 0.2980769230769231 0.10336538461538461 0.07211538461538461
1 0.6141826923076923 0.35216346153846156 0.1045673076923077 0.06129807692307692
1 0.2980769230769231 0.28966346153846156 0.11778846153846154 0.056490384615384616
1 0.2920673076923077 0.6730769230769231 0.08774038461538461 0.052884615384615384
1 0.3557692307692308 0.35697115384615385 0.12620192307692307 0.055288461538461536
1 0.8413461538461539 0.4855769230769231 0.08413461538461539 0.051682692307692304
1 0.5024038461538461 0.09495192307692307 0.10817307692307693 0.052884615384615384
1 0.08413461538461539 0.1502403846153846 0.12139423076923077 0.051682692307692304
1 0.8942307692307693 0.3473557692307692 0.09014423076923077 0.05048076923076923
1 0.39663461538461536 0.29086538461538464 0.06971153846153846 0.046875
1 0.14182692307692307 0.6334134615384616 0.07211538461538461 0.04807692307692308
1 0.16947115384615385 0.7848557692307693 0.09375 0.04807692307692308
1 0.8810096153846154 0.6322115384615384 0.09975961538461539 0.04567307692307692
1 0.8858173076923077 0.5841346153846154 0.09735576923076923 0.04567307692307692
1 0.6899038461538461 0.9747596153846154 0.05889423076923077 0.040865384615384616
1 0.5144230769230769 0.8737980769230769 0.06610576923076923 0.040865384615384616
1 0.6466346153846154 0.23076923076923078 0.08413461538461539 0.040865384615384616
1 0.037259615384615384 0.6923076923076923 0.038461538461538464 0.037259615384615384
1 0.08052884615384616 0.7355769230769231 0.04567307692307692 0.037259615384615384
1 0.03245192307692308 0.1814903846153846 0.02403846153846154 0.036057692307692304
1 0.08052884615384616 0.2800480769230769 0.0733173076923077 0.038461538461538464
1 0.6021634615384616 0.5204326923076923 0.07692307692307693 0.036057692307692304
1 0.4338942307692308 0.4254807692307692 0.08173076923076923 0.036057692307692304
1 0.40024038461538464 0.9819711538461539 0.09014423076923077 0.030048076923076924
1 0.9387019230769231 0.4387019230769231 0.10817307692307693 0.03245192307692308
1 0.5829326923076923 0.01201923076923077 0.0829326923076923 0.019230769230769232