0 0.25721153846153844 0.0985576923076923 0.10817307692307693 0.18269230769230768
4 0.6502403846153846 0.5108173076923077 0.2620192307692308 0.15144230769230768
0 0.43149038461538464 0.18389423076923078 0.171875 0.1466346153846154
0 0.12860576923076922 0.28966346153846156 0.08173076923076923 0.08173076923076923
4 0.27163461538461536 0.6069711538461539 0.125 0.078125
0 0.21875 0.38461538461538464 0.14423076923076922 0.07451923076923077
4 0.06129807692307692 0.703125 0.11057692307692307 0.07211538461538461
0 0.021634615384615384 0.39663461538461536 0.04326923076923077 0.06971153846153846
0 0.30649038461538464 0.3449519230769231 0.17067307692307693 0.06370192307692307
0 0.03485576923076923 0.32211538461538464 0.06850961538461539 0.06129807692307692
0 0.06370192307692307 0.4387019230769231 0.05889423076923077 0.052884615384615384
0 0.06370192307692307 0.36658653846153844 0.07932692307692307 0.046875
0 0.20192307692307693 0.2692307692307692 0.06971153846153846 0.037259615384615384
0 0.16947115384615385 0.3004807692307692 0.0733173076923077 0.037259615384615384
0 0.1141826923076923 0.08173076923076923 0.12860576923076922 0.140625