0 0.36778846153846156 0.8449519230769231 0.07932692307692307 0.09375
0 0.3317307692307692 0.7788461538461539 0.06610576923076923 0.09495192307692307
0 0.3125 0.7439903846153846 0.057692307692307696 0.09975961538461539
0 0.2692307692307692 0.7043269230769231 0.03485576923076923 0.08173076923076923
0 0.44350961538461536 0.7355769230769231 0.0733173076923077 0.1045673076923077
0 0.47596153846153844 0.6622596153846154 0.06370192307692307 0.09014423076923077
0 0.40024038461538464 0.6706730769230769 0.0733173076923077 0.09495192307692307
0 0.36899038461538464 0.7115384615384616 0.04807692307692308 0.052884615384615384
0 0.4795673076923077 0.53125 0.078125 0.10576923076923077
0 0.5528846153846154 0.38100961538461536 0.09735576923076923 0.140625
0 0.5036057692307693 0.41586538461538464 0.06129807692307692 0.06610576923076923
0 0.38341346153846156 0.453125 0.06971153846153846 0.0625
0 0.42788461538461536 0.3629807692307692 0.056490384615384616 0.08173076923076923
0 0.39903846153846156 0.31850961538461536 0.06971153846153846 0.08653846153846154
0 0.5408653846153846 0.17668269230769232 0.06610576923076923 0.10336538461538461
0 0.49038461538461536 0.08173076923076923 0.0889423076923077 0.16346153846153846
0 0.4206730769230769 0.7752403846153846 0.06129807692307692 0.026442307692307692
0 0.4831730769230769 0.33653846153846156 0.07211538461538461 0.052884615384615384
0 0.5096153846153846 0.12379807692307693 0.04807692307692308 0.07692307692307693