4 0.4206730769230769 0.6430288461538461 0.7043269230769231 0.27524038461538464
4 0.38461538461538464 0.36899038461538464 0.7283653846153846 0.24278846153846154
0 0.24639423076923078 0.8762019230769231 0.21754807692307693 0.11298076923076923
0 0.2668269230769231 0.6274038461538461 0.1141826923076923 0.078125
0 0.8052884615384616 0.18389423076923078 0.20432692307692307 0.0733173076923077
4 0.5745192307692307 0.4795673076923077 0.12139423076923077 0.06850961538461539
0 0.9471153846153846 0.1935096153846154 0.08774038461538461 0.0625
0 0.42427884615384615 0.2668269230769231 0.18629807692307693 0.0673076923076923
0 0.6995192307692307 0.1935096153846154 0.11057692307692307 0.05889423076923077
0 0.026442307692307692 0.3004807692307692 0.052884615384615384 0.05889423076923077
0 0.49759615384615385 0.20552884615384615 0.17067307692307693 0.06129807692307692
0 0.37259615384615385 0.2091346153846154 0.1201923076923077 0.056490384615384616
0 0.6105769230769231 0.2403846153846154 0.19831730769230768 0.057692307692307696
0 0.33052884615384615 0.25721153846153844 0.12620192307692307 0.05048076923076923
0 0.9567307692307693 0.21875 0.0673076923076923 0.046875
0 0.5384615384615384 0.17067307692307693 0.15985576923076922 0.04807692307692308
0 0.8689903846153846 0.08533653846153846 0.13942307692307693 0.046875
0 0.3004807692307692 0.35096153846153844 0.16346153846153846 0.046875