2 0.5360576923076923 0.7980769230769231 0.11298076923076923 0.10336538461538461
2 0.3485576923076923 0.5420673076923077 0.08173076923076923 0.0985576923076923
2 0.29086538461538464 0.5456730769230769 0.08653846153846154 0.09735576923076923
2 0.6995192307692307 0.4879807692307692 0.06610576923076923 0.07692307692307693
2 0.13942307692307693 0.5661057692307693 0.06610576923076923 0.07451923076923077
2 0.6105769230769231 0.49399038461538464 0.046875 0.052884615384615384
2 0.9050480769230769 0.47115384615384615 0.04807692307692308 0.051682692307692304
2 0.6754807692307693 0.4831730769230769 0.025240384615384616 0.04807692307692308
2 0.056490384615384616 0.5372596153846154 0.046875 0.05048076923076923
2 0.6394230769230769 0.4879807692307692 0.027644230769230768 0.046875
2 0.8545673076923077 0.4831730769230769 0.046875 0.040865384615384616
2 0.6622596153846154 0.4254807692307692 0.03125 0.037259615384615384
2 0.796875 0.4567307692307692 0.06370192307692307 0.027644230769230768
2 0.8677884615384616 0.8028846153846154 0.2620192307692308 0.12980769230769232