2 0.3737980769230769 0.41346153846153844 0.3713942307692308 0.16826923076923078
2 0.9879807692307693 0.22115384615384615 0.021634615384615384 0.13942307692307693
2 0.9399038461538461 0.10576923076923077 0.11057692307692307 0.10576923076923077
2 0.18269230769230768 0.09375 0.08653846153846154 0.0985576923076923
2 0.5168269230769231 0.07692307692307693 0.0625 0.078125
2 0.8365384615384616 0.10216346153846154 0.057692307692307696 0.06370192307692307
2 0.5769230769230769 0.09254807692307693 0.052884615384615384 0.06370192307692307
2 0.1310096153846154 0.0733173076923077 0.06850961538461539 0.06370192307692307
2 0.7019230769230769 0.052884615384615384 0.03125 0.051682692307692304
2 0.6706730769230769 0.06370192307692307 0.038461538461538464 0.05048076923076923
2 0.5709134615384616 0.019230769230769232 0.04567307692307692 0.03485576923076923
2 0.7379807692307693 0.11057692307692307 0.0733173076923077 0.042067307692307696
2 0.3870192307692308 0.07692307692307693 0.03245192307692308 0.025240384615384616