0 0.1466346153846154 0.19110576923076922 0.10576923076923077 0.08774038461538461
4 0.0673076923076923 0.33774038461538464 0.12139423076923077 0.07692307692307693
6 0.65625 0.5240384615384616 0.1875 0.0733173076923077
4 0.2956730769230769 0.06850961538461539 0.09495192307692307 0.06850961538461539
4 0.07211538461538461 0.04927884615384615 0.10336538461538461 0.06850961538461539
0 0.25 0.02283653846153846 0.14423076923076922 0.04567307692307692
0 0.5348557692307693 0.07211538461538461 0.051682692307692304 0.052884615384615384
0 0.19471153846153846 0.3894230769230769 0.06610576923076923 0.052884615384615384
6 0.25721153846153844 0.47475961538461536 0.14903846153846154 0.055288461538461536
0 0.41225961538461536 0.07692307692307693 0.09495192307692307 0.05048076923076923
0 0.25 0.016826923076923076 0.10336538461538461 0.03245192307692308
0 0.5600961538461539 0.17548076923076922 0.08173076923076923 0.04567307692307692
0 0.4206730769230769 0.18629807692307693 0.05889423076923077 0.042067307692307696
0 0.6286057692307693 0.18870192307692307 0.06850961538461539 0.04326923076923077
0 0.5012019230769231 0.11057692307692307 0.07211538461538461 0.042067307692307696
0 0.41225961538461536 0.10697115384615384 0.07692307692307693 0.040865384615384616
0 0.4495192307692308 0.03365384615384615 0.10336538461538461 0.038461538461538464
0 0.8413461538461539 0.11057692307692307 0.11298076923076923 0.038461538461538464
0 0.6862980769230769 0.08774038461538461 0.10096153846153846 0.038461538461538464
0 0.9387019230769231 0.11778846153846154 0.06129807692307692 0.036057692307692304
0 0.6778846153846154 0.1502403846153846 0.09735576923076923 0.037259615384615384
0 0.5192307692307693 0.036057692307692304 0.0733173076923077 0.036057692307692304
0 0.6057692307692307 0.10336538461538461 0.09014423076923077 0.036057692307692304
0 0.8533653846153846 0.203125 0.10576923076923077 0.037259615384615384
0 0.171875 0.4254807692307692 0.042067307692307696 0.03245192307692308
0 0.9182692307692307 0.15264423076923078 0.06850961538461539 0.03485576923076923
0 0.7572115384615384 0.14903846153846154 0.07211538461538461 0.03245192307692308
0 0.7944711538461539 0.1814903846153846 0.10576923076923077 0.03485576923076923
0 0.5564903846153846 0.34975961538461536 0.0673076923076923 0.03125
0 0.6911057692307693 0.11057692307692307 0.09975961538461539 0.030048076923076924