0 0.140625 0.7644230769230769 0.09735576923076923 0.15625
0 0.6826923076923077 0.2764423076923077 0.06129807692307692 0.051682692307692304
0 0.5829326923076923 0.2920673076923077 0.05048076923076923 0.040865384615384616
0 0.7475961538461539 0.13942307692307693 0.0829326923076923 0.037259615384615384
0 0.7355769230769231 0.19951923076923078 0.07211538461538461 0.036057692307692304
0 0.7536057692307693 0.22956730769230768 0.051682692307692304 0.037259615384615384
0 0.6598557692307693 0.15384615384615385 0.038461538461538464 0.027644230769230768
0 0.8209134615384616 0.11899038461538461 0.03245192307692308 0.026442307692307692
0 0.40024038461538464 0.21153846153846154 0.05048076923076923 0.03485576923076923
0 0.40024038461538464 0.13701923076923078 0.052884615384615384 0.03125
0 0.2956730769230769 0.31850961538461536 0.05889423076923077 0.038461538461538464
0 0.33774038461538464 0.3557692307692308 0.06129807692307692 0.04567307692307692
0 0.25721153846153844 0.29447115384615385 0.030048076923076924 0.037259615384615384
0 0.09735576923076923 0.2860576923076923 0.030048076923076924 0.051682692307692304
0 0.042067307692307696 0.3293269230769231 0.055288461538461536 0.038461538461538464
0 0.05889423076923077 0.4026442307692308 0.1045673076923077 0.08653846153846154
0 0.15745192307692307 0.47716346153846156 0.030048076923076924 0.02403846153846154
0 0.9146634615384616 0.25600961538461536 0.056490384615384616 0.036057692307692304
0 0.8365384615384616 0.7067307692307693 0.0829326923076923 0.09375
0 0.7932692307692307 0.5853365384615384 0.07932692307692307 0.1045673076923077
0 0.8245192307692307 0.5372596153846154 0.052884615384615384 0.06370192307692307
0 0.6887019230769231 0.8052884615384616 0.06370192307692307 0.08774038461538461
0 0.7235576923076923 0.7271634615384616 0.0733173076923077 0.08173076923076923
0 0.7367788461538461 0.6586538461538461 0.06370192307692307 0.07451923076923077
0 0.7115384615384616 0.5985576923076923 0.06610576923076923 0.10336538461538461
0 0.5853365384615384 0.7872596153846154 0.11778846153846154 0.14182692307692307
0 0.5120192307692307 0.7115384615384616 0.10576923076923077 0.10817307692307693
0 0.4411057692307692 0.7572115384615384 0.10336538461538461 0.12379807692307693
0 0.36177884615384615 0.7908653846153846 0.125 0.13701923076923078
0 0.28365384615384615 0.6778846153846154 0.11057692307692307 0.1141826923076923
0 0.36778846153846156 0.6730769230769231 0.10576923076923077 0.12860576923076922
0 0.43990384615384615 0.6598557692307693 0.09014423076923077 0.11298076923076923
0 0.4879807692307692 0.5709134615384616 0.109375 0.12139423076923077
0 0.6310096153846154 0.6286057692307693 0.06971153846153846 0.1045673076923077
0 0.6141826923076923 0.7043269230769231 0.09495192307692307 0.1141826923076923
0 0.5877403846153846 0.6081730769230769 0.078125 0.10096153846153846
0 0.6189903846153846 0.5072115384615384 0.1141826923076923 0.11778846153846154
0 0.6850961538461539 0.5036057692307693 0.07451923076923077 0.08413461538461539
0 0.37259615384615385 0.5204326923076923 0.10096153846153846 0.1045673076923077
0 0.3858173076923077 0.5961538461538461 0.08774038461538461 0.0889423076923077
0 0.2980769230769231 0.5901442307692307 0.12379807692307693 0.12980769230769232
0 0.23798076923076922 0.4182692307692308 0.13942307692307693 0.056490384615384616
0 0.9146634615384616 0.3269230769230769 0.06370192307692307 0.0625
6 0.5108173076923077 0.37740384615384615 0.2848557692307692 0.1201923076923077