0 0.5300480769230769 0.5072115384615384 0.1466346153846154 0.06129807692307692
0 0.9543269230769231 0.5480769230769231 0.08774038461538461 0.07211538461538461
0 0.3557692307692308 0.31850961538461536 0.14182692307692307 0.0625
0 0.7283653846153846 0.23677884615384615 0.1622596153846154 0.07211538461538461
0 0.44350961538461536 0.19591346153846154 0.12860576923076922 0.06129807692307692
0 0.23677884615384615 0.20552884615384615 0.1045673076923077 0.05048076923076923
0 0.2956730769230769 0.21995192307692307 0.07211538461538461 0.056490384615384616
0 0.1971153846153846 0.2283653846153846 0.07211538461538461 0.05048076923076923
0 0.7740384615384616 0.09375 0.09975961538461539 0.03485576923076923
0 0.19951923076923078 0.11538461538461539 0.0625 0.042067307692307696
0 0.765625 0.04326923076923077 0.09735576923076923 0.03485576923076923
0 0.6935096153846154 0.016826923076923076 0.07451923076923077 0.03365384615384615
0 0.31490384615384615 0.41346153846153844 0.078125 0.078125
0 0.3545673076923077 0.17908653846153846 0.07211538461538461 0.04807692307692308
0 0.49158653846153844 0.09975961538461539 0.05889423076923077 0.05048076923076923
0 0.9723557692307693 0.11057692307692307 0.052884615384615384 0.10576923076923077