6 0.2668269230769231 0.5625 0.1971153846153846 0.09254807692307693
0 0.09735576923076923 0.02403846153846154 0.10336538461538461 0.04807692307692308
0 0.17067307692307693 0.0625 0.09375 0.0673076923076923
0 0.27403846153846156 0.09615384615384616 0.08413461538461539 0.06370192307692307
0 0.05889423076923077 0.08052884615384616 0.06610576923076923 0.06370192307692307
6 0.8100961538461539 0.5096153846153846 0.1814903846153846 0.06610576923076923
0 0.4423076923076923 0.16826923076923078 0.1045673076923077 0.057692307692307696
0 0.23798076923076922 0.018028846153846152 0.09975961538461539 0.036057692307692304
4 0.07932692307692307 0.1502403846153846 0.11538461538461539 0.06129807692307692
0 0.8653846153846154 0.14182692307692307 0.11057692307692307 0.055288461538461536
0 0.3329326923076923 0.0625 0.0625 0.051682692307692304
0 0.2668269230769231 0.04326923076923077 0.07692307692307693 0.046875
0 0.6526442307692307 0.2932692307692308 0.09975961538461539 0.04807692307692308
0 0.5276442307692307 0.1141826923076923 0.08774038461538461 0.046875
0 0.359375 0.11899038461538461 0.0625 0.04326923076923077
0 0.7824519230769231 0.2403846153846154 0.09254807692307693 0.042067307692307696
0 0.7584134615384616 0.15384615384615385 0.06610576923076923 0.040865384615384616
0 0.5528846153846154 0.20072115384615385 0.08413461538461539 0.042067307692307696
0 0.6862980769230769 0.15504807692307693 0.0733173076923077 0.038461538461538464
0 0.44350961538461536 0.109375 0.05889423076923077 0.037259615384615384
0 0.8425480769230769 0.21875 0.06610576923076923 0.036057692307692304
0 0.8990384615384616 0.19591346153846154 0.07451923076923077 0.036057692307692304
0 0.53125 0.16466346153846154 0.07211538461538461 0.03245192307692308
0 0.4230769230769231 0.07692307692307693 0.0673076923076923 0.03125
0 0.6682692307692307 0.11899038461538461 0.08413461538461539 0.03125
0 0.8870192307692307 0.2668269230769231 0.0625 0.027644230769230768