6 0.1658653846153846 0.4831730769230769 0.11538461538461539 0.35336538461538464
0 0.5060096153846154 0.7728365384615384 0.057692307692307696 0.2704326923076923
0 0.6742788461538461 0.6442307692307693 0.08173076923076923 0.24639423076923078
0 0.6105769230769231 0.6105769230769231 0.055288461538461536 0.23317307692307693
0 0.6141826923076923 0.6971153846153846 0.078125 0.21153846153846154
0 0.9158653846153846 0.40625 0.09735576923076923 0.15745192307692307
0 0.8137019230769231 0.5276442307692307 0.09254807692307693 0.14423076923076922
0 0.9495192307692307 0.19110576923076922 0.027644230769230768 0.11298076923076923
0 0.2848557692307692 0.7692307692307693 0.02403846153846154 0.0673076923076923
0 0.12259615384615384 0.6971153846153846 0.04807692307692308 0.057692307692307696
0 0.3329326923076923 0.7704326923076923 0.014423076923076924 0.057692307692307696
0 0.11298076923076923 0.6442307692307693 0.021634615384615384 0.046875
0 0.20552884615384615 0.6502403846153846 0.021634615384615384 0.040865384615384616
0 0.1658653846153846 0.7211538461538461 0.015625 0.03485576923076923
0 0.23197115384615385 0.6490384615384616 0.014423076923076924 0.03485576923076923
4 0.39663461538461536 0.7932692307692307 0.07932692307692307 0.4110576923076923