0 0.1141826923076923 0.6057692307692307 0.1201923076923077 0.078125
0 0.03245192307692308 0.5456730769230769 0.0625 0.07211538461538461
0 0.31971153846153844 0.6057692307692307 0.125 0.052884615384615384
0 0.21634615384615385 0.23076923076923078 0.12139423076923077 0.051682692307692304
0 0.27403846153846156 0.17908653846153846 0.14543269230769232 0.05048076923076923
0 0.06850961538461539 0.2800480769230769 0.1346153846153846 0.046875
0 0.5552884615384616 0.4519230769230769 0.07932692307692307 0.03485576923076923
0 0.4567307692307692 0.4855769230769231 0.08173076923076923 0.027644230769230768
0 0.5384615384615384 0.41586538461538464 0.0625 0.025240384615384616
0 0.4387019230769231 0.4026442307692308 0.03485576923076923 0.007211538461538462
6 0.5877403846153846 0.3786057692307692 0.40024038461538464 0.08774038461538461