0 0.08052884615384616 0.109375 0.16105769230769232 0.18389423076923078
4 0.5661057692307693 0.5721153846153846 0.4891826923076923 0.1935096153846154
4 0.7572115384615384 0.9362980769230769 0.4230769230769231 0.12379807692307693
0 0.8713942307692307 0.3004807692307692 0.20192307692307693 0.12379807692307693
0 0.6838942307692307 0.3798076923076923 0.18629807692307693 0.09375
0 0.04447115384615385 0.3449519230769231 0.0889423076923077 0.09254807692307693
0 0.9375 0.32091346153846156 0.10817307692307693 0.08173076923076923
0 0.23557692307692307 0.4483173076923077 0.22235576923076922 0.0829326923076923
0 0.052884615384615384 0.4579326923076923 0.10576923076923077 0.07451923076923077
0 0.9747596153846154 0.4254807692307692 0.04326923076923077 0.06850961538461539
0 0.8713942307692307 0.3737980769230769 0.20192307692307693 0.07211538461538461
0 0.41346153846153844 0.43028846153846156 0.15625 0.06129807692307692
0 0.4206730769230769 0.38461538461538464 0.1622596153846154 0.05889423076923077
0 0.2956730769230769 0.36538461538461536 0.15144230769230768 0.05048076923076923