0 0.9134615384615384 0.6586538461538461 0.1310096153846154 0.08774038461538461
0 0.9819711538461539 0.5985576923076923 0.027644230769230768 0.078125
0 0.6971153846153846 0.6466346153846154 0.13581730769230768 0.0625
0 0.8269230769230769 0.25721153846153844 0.1310096153846154 0.06129807692307692
0 0.7692307692307693 0.19951923076923078 0.15625 0.0625
0 0.9519230769230769 0.3173076923076923 0.09254807692307693 0.056490384615384616
0 0.4579326923076923 0.4723557692307692 0.08653846153846154 0.038461538461538464
0 0.5588942307692307 0.5120192307692307 0.08774038461538461 0.03245192307692308
0 0.47716346153846156 0.4338942307692308 0.0673076923076923 0.027644230769230768
0 0.5829326923076923 0.4266826923076923 0.036057692307692304 0.010817307692307692
6 0.42788461538461536 0.39302884615384615 0.4266826923076923 0.11538461538461539