4 0.9014423076923077 0.3942307692307692 0.1935096153846154 0.09735576923076923
0 0.06370192307692307 0.32572115384615385 0.12740384615384615 0.09375
4 0.8533653846153846 0.5877403846153846 0.2800480769230769 0.08774038461538461
0 0.14423076923076922 0.9074519230769231 0.08653846153846154 0.07932692307692307
4 0.11778846153846154 0.6153846153846154 0.20192307692307693 0.08173076923076923
0 0.24639423076923078 0.3762019230769231 0.18389423076923078 0.05889423076923077
0 0.31971153846153844 0.35336538461538464 0.19471153846153846 0.057692307692307696
0 0.4699519230769231 0.4807692307692308 0.11778846153846154 0.051682692307692304
0 0.3088942307692308 0.5480769230769231 0.19230769230769232 0.051682692307692304
0 0.040865384615384616 0.45913461538461536 0.08173076923076923 0.051682692307692304
0 0.39663461538461536 0.4110576923076923 0.1622596153846154 0.05048076923076923
0 0.36778846153846156 0.47475961538461536 0.14543269230769232 0.04807692307692308
0 0.20673076923076922 0.42427884615384615 0.13701923076923078 0.042067307692307696
0 0.1310096153846154 0.44711538461538464 0.11899038461538461 0.040865384615384616
0 0.46274038461538464 0.43028846153846156 0.08653846153846154 0.038461538461538464
4 0.6838942307692307 0.6911057692307693 0.3076923076923077 0.12139423076923077