1 0.6213942307692307 0.41586538461538464 0.17668269230769232 0.13701923076923078
1 0.04927884615384615 0.31490384615384615 0.0985576923076923 0.12980769230769232
1 0.9435096153846154 0.46153846153846156 0.109375 0.12860576923076922
1 0.39663461538461536 0.6322115384615384 0.21153846153846154 0.1310096153846154
1 0.9615384615384616 0.33533653846153844 0.06610576923076923 0.12139423076923077
1 0.6045673076923077 0.5625 0.21394230769230768 0.12620192307692307
1 0.7836538461538461 0.7139423076923077 0.23076923076923078 0.12139423076923077
1 0.18629807692307693 0.7764423076923077 0.15504807692307693 0.10336538461538461
1 0.9206730769230769 0.8713942307692307 0.15504807692307693 0.10336538461538461
1 0.47475961538461536 0.7391826923076923 0.1346153846153846 0.09495192307692307
1 0.6346153846153846 0.7764423076923077 0.16826923076923078 0.0889423076923077
1 0.9098557692307693 0.2956730769230769 0.14423076923076922 0.08413461538461539
1 0.08774038461538461 0.21033653846153846 0.17548076923076922 0.08653846153846154
1 0.42427884615384615 0.9747596153846154 0.13221153846153846 0.04807692307692308