0 0.41947115384615385 0.24158653846153846 0.11298076923076923 0.1935096153846154
0 0.7259615384615384 0.30528846153846156 0.1778846153846154 0.18028846153846154
0 0.44471153846153844 0.8990384615384616 0.11057692307692307 0.17668269230769232
0 0.025240384615384616 0.1310096153846154 0.05048076923076923 0.16105769230769232
0 0.3954326923076923 0.44471153846153844 0.0733173076923077 0.140625
0 0.6574519230769231 0.9074519230769231 0.10336538461538461 0.10817307692307693
0 0.34134615384615385 0.8737980769230769 0.1658653846153846 0.10576923076923077
0 0.11298076923076923 0.9495192307692307 0.08653846153846154 0.09975961538461539
0 0.16826923076923078 0.9338942307692307 0.06610576923076923 0.10576923076923077
0 0.030048076923076924 0.7127403846153846 0.04326923076923077 0.09735576923076923
0 0.3088942307692308 0.4110576923076923 0.04807692307692308 0.08413461538461539
0 0.042067307692307696 0.38461538461538464 0.04807692307692308 0.06610576923076923
0 0.042067307692307696 0.016826923076923076 0.051682692307692304 0.03125