0 0.27163461538461536 0.4879807692307692 0.35336538461538464 0.17668269230769232
0 0.8617788461538461 0.6730769230769231 0.25721153846153844 0.14903846153846154
0 0.671875 0.32211538461538464 0.2127403846153846 0.12860576923076922
0 0.18028846153846154 0.3004807692307692 0.33413461538461536 0.13701923076923078
0 0.5432692307692307 0.44591346153846156 0.2956730769230769 0.12980769230769232
0 0.47836538461538464 0.20673076923076922 0.36538461538461536 0.1310096153846154
0 0.5324519230769231 0.28966346153846156 0.2692307692307692 0.12139423076923077
0 0.21514423076923078 0.7716346153846154 0.27403846153846156 0.12139423076923077
0 0.7379807692307693 0.10817307692307693 0.3581730769230769 0.12620192307692307
0 0.4074519230769231 0.7716346153846154 0.3317307692307692 0.1201923076923077
0 0.8810096153846154 0.19951923076923078 0.23557692307692307 0.11778846153846154
0 0.8245192307692307 0.8713942307692307 0.2932692307692308 0.1141826923076923
0 0.8473557692307693 0.5240384615384616 0.3016826923076923 0.11298076923076923
0 0.14423076923076922 0.6490384615384616 0.28725961538461536 0.109375
0 0.7175480769230769 0.7115384615384616 0.2548076923076923 0.0985576923076923
0 0.9014423076923077 0.4254807692307692 0.1935096153846154 0.09495192307692307
0 0.03245192307692308 0.8882211538461539 0.06370192307692307 0.08653846153846154
0 0.40865384615384615 0.7944711538461539 0.296875 0.0985576923076923
0 0.5408653846153846 0.7788461538461539 0.203125 0.09014423076923077
0 0.04567307692307692 0.4495192307692308 0.09134615384615384 0.08173076923076923
0 0.8161057692307693 0.9411057692307693 0.2980769230769231 0.09735576923076923
0 0.7872596153846154 0.4375 0.08653846153846154 0.07692307692307693
0 0.07932692307692307 0.027644230769230768 0.08413461538461539 0.055288461538461536
0 0.5264423076923077 0.8581730769230769 0.2824519230769231 0.09254807692307693
0 0.43990384615384615 0.5396634615384616 0.14182692307692307 0.07932692307692307
0 0.25240384615384615 0.2439903846153846 0.20192307692307693 0.08413461538461539
0 0.06610576923076923 0.8149038461538461 0.1310096153846154 0.07932692307692307
0 0.3737980769230769 0.6370192307692307 0.22956730769230768 0.08173076923076923
0 0.6935096153846154 0.6370192307692307 0.13701923076923078 0.06850961538461539
0 0.41346153846153844 0.7163461538461539 0.2800480769230769 0.07451923076923077
0 0.8966346153846154 0.6418269230769231 0.1875 0.0673076923076923
0 0.2932692307692308 0.9615384615384616 0.27524038461538464 0.06610576923076923
0 0.6478365384615384 0.9783653846153846 0.27403846153846156 0.038461538461538464
0 0.04567307692307692 0.08653846153846154 0.027644230769230768 0.052884615384615384