0 0.4855769230769231 0.19110576923076922 0.9651442307692307 0.38221153846153844
0 0.8605769230769231 0.22235576923076922 0.27524038461538464 0.24879807692307693
0 0.8088942307692307 0.47115384615384615 0.3786057692307692 0.24519230769230768
4 0.30288461538461536 0.49278846153846156 0.6057692307692307 0.2283653846153846
0 0.7175480769230769 0.7487980769230769 0.3858173076923077 0.14182692307692307
0 0.6274038461538461 0.5841346153846154 0.3112980769230769 0.109375
0 0.051682692307692304 0.4855769230769231 0.10336538461538461 0.08774038461538461
0 0.1466346153846154 0.8485576923076923 0.20793269230769232 0.08653846153846154
0 0.1502403846153846 0.5697115384615384 0.08413461538461539 0.07211538461538461
4 0.35216346153846156 0.8317307692307693 0.10576923076923077 0.06971153846153846
0 0.13221153846153846 0.6322115384615384 0.10817307692307693 0.06850961538461539
0 0.32211538461538464 0.6382211538461539 0.13942307692307693 0.06129807692307692
0 0.7908653846153846 0.6394230769230769 0.09495192307692307 0.052884615384615384
0 0.9567307692307693 0.9711538461538461 0.07211538461538461 0.04807692307692308
0 0.4483173076923077 0.6514423076923077 0.09014423076923077 0.04567307692307692
0 0.6646634615384616 0.6502403846153846 0.0733173076923077 0.04567307692307692
0 0.38221153846153844 0.6935096153846154 0.040865384615384616 0.04326923076923077
0 0.5348557692307693 0.6730769230769231 0.07451923076923077 0.04326923076923077
0 0.3629807692307692 0.6550480769230769 0.109375 0.040865384615384616
0 0.9627403846153846 0.7235576923076923 0.06370192307692307 0.036057692307692304
0 0.546875 0.6526442307692307 0.08653846153846154 0.026442307692307692