0 0.7704326923076923 0.4338942307692308 0.18870192307692307 0.33653846153846156
0 0.7379807692307693 0.8581730769230769 0.18389423076923078 0.2776442307692308
0 0.8473557692307693 0.33653846153846156 0.2091346153846154 0.2608173076923077
0 0.5901442307692307 0.5372596153846154 0.1310096153846154 0.23798076923076922
0 0.9050480769230769 0.5576923076923077 0.1502403846153846 0.23557692307692307
0 0.1045673076923077 0.4495192307692308 0.2091346153846154 0.22235576923076922
0 0.8822115384615384 0.9014423076923077 0.16826923076923078 0.18629807692307693
0 0.3317307692307692 0.7319711538461539 0.2091346153846154 0.19230769230769232
0 0.09495192307692307 0.5336538461538461 0.18629807692307693 0.12860576923076922
0 0.375 0.9362980769230769 0.23557692307692307 0.12139423076923077
4 0.24278846153846154 0.31971153846153844 0.28125 0.6346153846153846