6 0.4519230769230769 0.7283653846153846 0.21995192307692307 0.10336538461538461
0 0.3473557692307692 0.06009615384615385 0.08173076923076923 0.08653846153846154
4 0.3870192307692308 0.20072115384615385 0.1875 0.06370192307692307
0 0.28365384615384615 0.18389423076923078 0.0673076923076923 0.06129807692307692
4 0.8185096153846154 0.30528846153846156 0.06610576923076923 0.05048076923076923
0 0.04326923076923077 0.06971153846153846 0.0733173076923077 0.05048076923076923
4 0.24278846153846154 0.11899038461538461 0.19110576923076922 0.04807692307692308
0 0.08052884615384616 0.10817307692307693 0.11057692307692307 0.046875
4 0.7427884615384616 0.33653846153846156 0.08173076923076923 0.04567307692307692
4 0.5817307692307693 0.33774038461538464 0.0625 0.04567307692307692
6 0.8629807692307693 0.5348557692307693 0.12620192307692307 0.04326923076923077
4 0.5252403846153846 0.4831730769230769 0.21153846153846154 0.042067307692307696
0 0.13221153846153846 0.17067307692307693 0.10096153846153846 0.040865384615384616
0 0.6790865384615384 0.16947115384615385 0.109375 0.037259615384615384
0 0.5300480769230769 0.18990384615384615 0.09495192307692307 0.03485576923076923
0 0.3401442307692308 0.18629807692307693 0.0733173076923077 0.03125
0 0.24278846153846154 0.15625 0.09735576923076923 0.03125
0 0.5913461538461539 0.24639423076923078 0.08774038461538461 0.03125
4 0.3389423076923077 0.42427884615384615 0.11298076923076923 0.030048076923076924
0 0.7259615384615384 0.22956730769230768 0.09375 0.030048076923076924
0 0.7716346153846154 0.17668269230769232 0.09495192307692307 0.030048076923076924
0 0.8245192307692307 0.19951923076923078 0.10576923076923077 0.030048076923076924
0 0.5432692307692307 0.22235576923076922 0.08774038461538461 0.027644230769230768
0 0.38221153846153844 0.1622596153846154 0.07451923076923077 0.026442307692307692
0 0.6274038461538461 0.22115384615384615 0.06370192307692307 0.025240384615384616
0 0.8918269230769231 0.1935096153846154 0.078125 0.025240384615384616
0 0.640625 0.21153846153846154 0.06610576923076923 0.025240384615384616
0 0.8185096153846154 0.22235576923076922 0.0889423076923077 0.025240384615384616
0 0.6754807692307693 0.19471153846153846 0.07451923076923077 0.02403846153846154
0 0.9278846153846154 0.3473557692307692 0.037259615384615384 0.019230769230769232
0 0.8882211538461539 0.3401442307692308 0.01201923076923077 0.01201923076923077
0 0.9723557692307693 0.3485576923076923 0.01201923076923077 0.01201923076923077