0 0.33653846153846156 0.17427884615384615 0.5216346153846154 0.3485576923076923
0 0.5552884615384616 0.5661057692307693 0.2536057692307692 0.2620192307692308
0 0.8257211538461539 0.7608173076923077 0.265625 0.21514423076923078
0 0.6850961538461539 0.36778846153846156 0.14903846153846154 0.2127403846153846
0 0.019230769230769232 0.6502403846153846 0.038461538461538464 0.0829326923076923
0 0.34134615384615385 0.6237980769230769 0.0625 0.07211538461538461
0 0.21153846153846154 0.6069711538461539 0.078125 0.06971153846153846
0 0.4254807692307692 0.6598557692307693 0.078125 0.057692307692307696
0 0.2439903846153846 0.6754807692307693 0.0985576923076923 0.057692307692307696
0 0.09014423076923077 0.6622596153846154 0.09375 0.04326923076923077
0 0.2644230769230769 0.6009615384615384 0.0625 0.042067307692307696
0 0.03485576923076923 0.6730769230769231 0.06850961538461539 0.04567307692307692