0 0.2536057692307692 0.47115384615384615 0.056490384615384616 0.03245192307692308
0 0.109375 0.4963942307692308 0.020432692307692308 0.027644230769230768
0 0.40024038461538464 0.43028846153846156 0.010817307692307692 0.027644230769230768
0 0.44591346153846156 0.33533653846153844 0.0673076923076923 0.046875
0 0.8317307692307693 0.3245192307692308 0.040865384615384616 0.03485576923076923
0 0.8112980769230769 0.5324519230769231 0.038461538461538464 0.0673076923076923
0 0.8810096153846154 0.4543269230769231 0.030048076923076924 0.025240384615384616
0 0.8966346153846154 0.27524038461538464 0.03125 0.02403846153846154
0 0.6177884615384616 0.59375 0.036057692307692304 0.03245192307692308
0 0.8533653846153846 0.8786057692307693 0.036057692307692304 0.042067307692307696
0 0.9026442307692307 0.7199519230769231 0.038461538461538464 0.027644230769230768
0 0.3737980769230769 0.7019230769230769 0.027644230769230768 0.026442307692307692
0 0.7127403846153846 0.2127403846153846 0.021634615384615384 0.020432692307692308
0 0.9651442307692307 0.31850961538461536 0.019230769230769232 0.026442307692307692
0 0.7355769230769231 0.15985576923076922 0.020432692307692308 0.014423076923076924
0 0.9495192307692307 0.5240384615384616 0.014423076923076924 0.03245192307692308
0 0.25721153846153844 0.7067307692307693 0.016826923076923076 0.036057692307692304
0 0.9579326923076923 0.18028846153846154 0.009615384615384616 0.027644230769230768
4 0.3161057692307692 0.27524038461538464 0.07451923076923077 0.14423076923076922