0 0.12139423076923077 0.18990384615384615 0.10336538461538461 0.08413461538461539
4 0.055288461538461536 0.34134615384615385 0.1045673076923077 0.0733173076923077
6 0.6490384615384616 0.5072115384615384 0.1875 0.0673076923076923
4 0.2692307692307692 0.06129807692307692 0.09375 0.06610576923076923
4 0.05048076923076923 0.04927884615384615 0.08774038461538461 0.06370192307692307
0 0.21995192307692307 0.019230769230769232 0.14423076923076922 0.037259615384615384
0 0.5096153846153846 0.056490384615384616 0.05048076923076923 0.052884615384615384
0 0.1778846153846154 0.3894230769230769 0.06370192307692307 0.051682692307692304
6 0.24519230769230768 0.47115384615384615 0.1502403846153846 0.051682692307692304
0 0.3858173076923077 0.06490384615384616 0.09375 0.046875
0 0.22115384615384615 0.013221153846153846 0.1045673076923077 0.026442307692307692
0 0.5396634615384616 0.15985576923076922 0.08173076923076923 0.042067307692307696
0 0.39903846153846156 0.17548076923076922 0.057692307692307696 0.040865384615384616
0 0.6081730769230769 0.17067307692307693 0.0673076923076923 0.040865384615384616
0 0.47836538461538464 0.09735576923076923 0.07211538461538461 0.040865384615384616
0 0.3870192307692308 0.09615384615384616 0.07451923076923077 0.038461538461538464
0 0.4230769230769231 0.020432692307692308 0.10336538461538461 0.037259615384615384
0 0.8209134615384616 0.08413461538461539 0.11298076923076923 0.036057692307692304
0 0.6646634615384616 0.06610576923076923 0.10096153846153846 0.036057692307692304
0 0.9194711538461539 0.08774038461538461 0.05889423076923077 0.03485576923076923
0 0.6574519230769231 0.1310096153846154 0.09495192307692307 0.03485576923076923
0 0.49278846153846156 0.021634615384615384 0.07211538461538461 0.03485576923076923
0 0.5817307692307693 0.08653846153846154 0.09014423076923077 0.03485576923076923
0 0.8377403846153846 0.17668269230769232 0.10817307692307693 0.03245192307692308
0 0.15745192307692307 0.4254807692307692 0.040865384615384616 0.03125
0 0.9002403846153846 0.12379807692307693 0.0673076923076923 0.03125
0 0.7379807692307693 0.12620192307692307 0.07211538461538461 0.03125
0 0.7764423076923077 0.15865384615384615 0.10817307692307693 0.03125
0 0.5420673076923077 0.33533653846153844 0.0673076923076923 0.030048076923076924
0 0.6694711538461539 0.0889423076923077 0.09975961538461539 0.026442307692307692