0 0.44471153846153844 0.3858173076923077 0.8894230769230769 0.6418269230769231
0 0.5661057692307693 0.4879807692307692 0.7019230769230769 0.4338942307692308
0 0.38461538461538464 0.7439903846153846 0.17307692307692307 0.1875
0 0.1466346153846154 0.359375 0.2860576923076923 0.1622596153846154
0 0.9591346153846154 0.6911057692307693 0.0673076923076923 0.125
4 0.484375 0.8293269230769231 0.13701923076923078 0.10576923076923077
0 0.9026442307692307 0.8064903846153846 0.0625 0.10096153846153846
0 0.5793269230769231 0.6754807692307693 0.057692307692307696 0.0985576923076923
0 0.037259615384615384 0.2932692307692308 0.057692307692307696 0.09495192307692307
0 0.5793269230769231 0.71875 0.10096153846153846 0.08774038461538461
0 0.8197115384615384 0.8028846153846154 0.09735576923076923 0.0673076923076923
0 0.8161057692307693 0.7560096153846154 0.09014423076923077 0.06610576923076923
0 0.34975961538461536 0.6418269230769231 0.13221153846153846 0.056490384615384616
0 0.22716346153846154 0.17427884615384615 0.43149038461538464 0.24639423076923078