4 0.484375 0.11298076923076923 0.30649038461538464 0.13221153846153846
4 0.9338942307692307 0.10336538461538461 0.12980769230769232 0.09735576923076923
6 0.28725961538461536 0.4375 0.2283653846153846 0.09375
0 0.29927884615384615 0.027644230769230768 0.30528846153846156 0.055288461538461536
6 0.6526442307692307 0.6021634615384616 0.16826923076923078 0.06971153846153846
0 0.2692307692307692 0.31971153846153844 0.15144230769230768 0.05889423076923077
0 0.8533653846153846 0.03245192307692308 0.11298076923076923 0.03485576923076923
0 0.7247596153846154 0.028846153846153848 0.08774038461538461 0.040865384615384616
0 0.5360576923076923 0.4254807692307692 0.20793269230769232 0.056490384615384616
0 0.8786057692307693 0.3245192307692308 0.15625 0.051682692307692304
0 0.5552884615384616 0.030048076923076924 0.08173076923076923 0.04567307692307692
0 0.6370192307692307 0.06971153846153846 0.09254807692307693 0.04326923076923077
0 0.23076923076923078 0.07572115384615384 0.11538461538461539 0.04326923076923077
0 0.05048076923076923 0.18990384615384615 0.055288461538461536 0.038461538461538464
4 0.2247596153846154 0.140625 0.078125 0.040865384615384616
0 0.1310096153846154 0.07091346153846154 0.09495192307692307 0.038461538461538464
0 0.055288461538461536 0.06490384615384616 0.0673076923076923 0.037259615384615384
0 0.45552884615384615 0.18389423076923078 0.038461538461538464 0.03485576923076923
0 0.09014423076923077 0.0985576923076923 0.10576923076923077 0.037259615384615384
0 0.47115384615384615 0.03365384615384615 0.052884615384615384 0.03485576923076923
4 0.6802884615384616 0.3545673076923077 0.14903846153846154 0.036057692307692304
0 0.1778846153846154 0.10817307692307693 0.08413461538461539 0.03245192307692308
0 0.2920673076923077 0.11899038461538461 0.06971153846153846 0.03125
0 0.9639423076923077 0.030048076923076924 0.06850961538461539 0.015625
6 0.8449519230769231 0.42427884615384615 0.1201923076923077 0.03125
6 0.4495192307692308 0.34375 0.08173076923076923 0.025240384615384616
0 0.12139423076923077 0.1935096153846154 0.051682692307692304 0.02403846153846154
0 0.02403846153846154 0.1971153846153846 0.019230769230769232 0.021634615384615384