2 0.2127403846153846 0.27884615384615385 0.11298076923076923 0.12139423076923077
2 0.17307692307692307 0.2776442307692308 0.051682692307692304 0.0985576923076923
2 0.7980769230769231 0.39663461538461536 0.07211538461538461 0.08774038461538461
2 0.9242788461538461 0.4098557692307692 0.06971153846153846 0.07692307692307693
2 0.9795673076923077 0.4206730769230769 0.037259615384615384 0.06370192307692307
2 0.6213942307692307 0.3858173076923077 0.040865384615384616 0.05889423076923077
2 0.38461538461538464 0.5168269230769231 0.21995192307692307 0.06971153846153846
2 0.6502403846153846 0.3786057692307692 0.05889423076923077 0.056490384615384616
2 0.5949519230769231 0.38221153846153844 0.037259615384615384 0.052884615384615384
2 0.42908653846153844 0.33413461538461536 0.07211538461538461 0.055288461538461536
2 0.34134615384615385 0.31971153846153844 0.051682692307692304 0.05048076923076923
2 0.45913461538461536 0.34375 0.046875 0.04326923076923077
2 0.3918269230769231 0.3401442307692308 0.04807692307692308 0.042067307692307696