0 0.19951923076923078 0.8894230769230769 0.23317307692307693 0.2091346153846154
0 0.4807692307692308 0.8677884615384616 0.234375 0.1935096153846154
0 0.6995192307692307 0.6670673076923077 0.4254807692307692 0.1875
0 0.6262019230769231 0.10817307692307693 0.3173076923076923 0.16826923076923078
0 0.5072115384615384 0.8497596153846154 0.25 0.16826923076923078
0 0.9146634615384616 0.546875 0.16706730769230768 0.1466346153846154
0 0.27163461538461536 0.5120192307692307 0.21514423076923078 0.1310096153846154
0 0.8581730769230769 0.30408653846153844 0.28125 0.12980769230769232
0 0.4519230769230769 0.6899038461538461 0.11057692307692307 0.11899038461538461
0 0.3449519230769231 0.38100961538461536 0.19471153846153846 0.11298076923076923
0 0.20432692307692307 0.3762019230769231 0.1935096153846154 0.109375
0 0.055288461538461536 0.7572115384615384 0.109375 0.10336538461538461
0 0.4050480769230769 0.35336538461538464 0.2644230769230769 0.10336538461538461
0 0.9206730769230769 0.1814903846153846 0.15625 0.10336538461538461
0 0.8125 0.3557692307692308 0.3004807692307692 0.09975961538461539
0 0.13221153846153846 0.734375 0.12139423076923077 0.09735576923076923
0 0.5600961538461539 0.7704326923076923 0.4026442307692308 0.09735576923076923
0 0.7620192307692307 0.9543269230769231 0.2247596153846154 0.09014423076923077
0 0.5240384615384616 0.2536057692307692 0.22235576923076922 0.09254807692307693
0 0.2668269230769231 0.6490384615384616 0.1814903846153846 0.09014423076923077
0 0.9675480769230769 0.8125 0.0625 0.09014423076923077
0 0.04567307692307692 0.1466346153846154 0.09014423076923077 0.0889423076923077
0 0.5204326923076923 0.5384615384615384 0.2403846153846154 0.078125
0 0.36658653846153844 0.2956730769230769 0.23557692307692307 0.07692307692307693
0 0.8197115384615384 0.03245192307692308 0.3557692307692308 0.06490384615384616
0 0.11899038461538461 0.5504807692307693 0.16346153846153846 0.0673076923076923
0 0.014423076923076924 0.8365384615384616 0.028846153846153848 0.0673076923076923
0 0.07932692307692307 0.25600961538461536 0.051682692307692304 0.06370192307692307
0 0.04567307692307692 0.4170673076923077 0.09014423076923077 0.0625
0 0.11177884615384616 0.5012019230769231 0.15264423076923078 0.06129807692307692
0 0.14302884615384615 0.3449519230769231 0.1310096153846154 0.05889423076923077
0 0.5060096153846154 0.028846153846153848 0.22235576923076922 0.052884615384615384
0 0.05048076923076923 0.5757211538461539 0.10096153846153846 0.051682692307692304
0 0.020432692307692308 0.014423076923076924 0.040865384615384616 0.028846153846153848
0 0.2644230769230769 0.01201923076923077 0.08173076923076923 0.02403846153846154
0 0.2247596153846154 0.1466346153846154 0.2403846153846154 0.08774038461538461