1 0.8870192307692307 0.12139423076923077 0.171875 0.1346153846153846
1 0.84375 0.7091346153846154 0.15504807692307693 0.12860576923076922
1 0.1346153846153846 0.4519230769230769 0.15144230769230768 0.1141826923076923
1 0.9158653846153846 0.4026442307692308 0.15625 0.10096153846153846
1 0.5360576923076923 0.7007211538461539 0.1778846153846154 0.09735576923076923
1 0.7055288461538461 0.8713942307692307 0.09495192307692307 0.09495192307692307
1 0.8737980769230769 0.48197115384615385 0.1502403846153846 0.09014423076923077
1 0.5480769230769231 0.5168269230769231 0.12980769230769232 0.0889423076923077
1 0.04807692307692308 0.24158653846153846 0.08774038461538461 0.08774038461538461
1 0.4963942307692308 0.8774038461538461 0.14543269230769232 0.07932692307692307
1 0.3449519230769231 0.9423076923076923 0.11899038461538461 0.07451923076923077
1 0.8365384615384616 0.9362980769230769 0.15745192307692307 0.07451923076923077
1 0.4411057692307692 0.5132211538461539 0.15144230769230768 0.06850961538461539
1 0.6574519230769231 0.5444711538461539 0.14423076923076922 0.057692307692307696
1 0.32211538461538464 0.5216346153846154 0.12620192307692307 0.051682692307692304