0 0.2091346153846154 0.19110576923076922 0.16105769230769232 0.1935096153846154
0 0.2764423076923077 0.35336538461538464 0.2824519230769231 0.140625
4 0.46274038461538464 0.6009615384615384 0.3557692307692308 0.14182692307692307
0 0.09975961538461539 0.5288461538461539 0.08173076923076923 0.09495192307692307
0 0.8810096153846154 0.3629807692307692 0.22355769230769232 0.10096153846153846
0 0.055288461538461536 0.46153846153846156 0.11057692307692307 0.09254807692307693
4 0.40384615384615385 0.7067307692307693 0.25 0.0889423076923077
0 0.9495192307692307 0.47475961538461536 0.09735576923076923 0.06610576923076923
0 0.021634615384615384 0.5348557692307693 0.04326923076923077 0.0625
0 0.625 0.41586538461538464 0.171875 0.06129807692307692
0 0.3762019230769231 0.4326923076923077 0.15985576923076922 0.057692307692307696
0 0.23557692307692307 0.5036057692307693 0.16706730769230768 0.057692307692307696
0 0.10697115384615384 0.5372596153846154 0.1466346153846154 0.056490384615384616
0 0.4110576923076923 0.4951923076923077 0.15745192307692307 0.056490384615384616
0 0.8088942307692307 0.43149038461538464 0.18028846153846154 0.057692307692307696
0 0.8269230769230769 0.4074519230769231 0.13581730769230768 0.052884615384615384
0 0.6971153846153846 0.4362980769230769 0.13221153846153846 0.051682692307692304
0 0.5961538461538461 0.23918269230769232 0.3629807692307692 0.15625