6 0.5120192307692307 0.14182692307692307 0.09495192307692307 0.2127403846153846
0 0.02283653846153846 0.33052884615384615 0.04326923076923077 0.12139423076923077
0 0.2536057692307692 0.31850961538461536 0.02403846153846154 0.0889423076923077
0 0.6862980769230769 0.32572115384615385 0.021634615384615384 0.08413461538461539
0 0.4098557692307692 0.18870192307692307 0.020432692307692308 0.06850961538461539
0 0.7403846153846154 0.7980769230769231 0.03125 0.052884615384615384
0 0.014423076923076924 0.4411057692307692 0.014423076923076924 0.052884615384615384
0 0.3894230769230769 0.9026442307692307 0.019230769230769232 0.040865384615384616
0 0.7872596153846154 0.8737980769230769 0.03125 0.040865384615384616
0 0.18028846153846154 0.9110576923076923 0.015625 0.037259615384615384
0 0.2127403846153846 0.5324519230769231 0.03485576923076923 0.037259615384615384
0 0.010817307692307692 0.90625 0.019230769230769232 0.036057692307692304
0 0.08173076923076923 0.9639423076923077 0.019230769230769232 0.03485576923076923
0 0.421875 0.390625 0.01201923076923077 0.03485576923076923
0 0.14302884615384615 0.8846153846153846 0.015625 0.03485576923076923
0 0.5829326923076923 0.2956730769230769 0.006009615384615385 0.027644230769230768
0 0.47836538461538464 0.31850961538461536 0.015625 0.025240384615384616
0 0.3545673076923077 0.8221153846153846 0.01201923076923077 0.020432692307692308
0 0.43149038461538464 0.33533653846153844 0.010817307692307692 0.019230769230769232
0 0.36899038461538464 0.8966346153846154 0.016826923076923076 0.019230769230769232
0 0.5637019230769231 0.3786057692307692 0.009615384615384616 0.010817307692307692
6 0.6923076923076923 0.47836538461538464 0.06850961538461539 0.21875