2 0.3798076923076923 0.4543269230769231 0.3425480769230769 0.14182692307692307
2 0.9675480769230769 0.24278846153846154 0.06129807692307692 0.13221153846153846
2 0.8930288461538461 0.13942307692307693 0.09975961538461539 0.09375
2 0.18509615384615385 0.16466346153846154 0.07451923076923077 0.08774038461538461
2 0.4963942307692308 0.13221153846153846 0.055288461538461536 0.06971153846153846
2 0.9783653846153846 0.14543269230769232 0.038461538461538464 0.07211538461538461
2 0.796875 0.140625 0.051682692307692304 0.05889423076923077
2 0.5540865384615384 0.14423076923076922 0.046875 0.05889423076923077
2 0.1346153846153846 0.14783653846153846 0.0625 0.057692307692307696
2 0.6682692307692307 0.09975961538461539 0.026442307692307692 0.046875
2 0.6394230769230769 0.11177884615384616 0.03485576923076923 0.04567307692307692
2 0.5456730769230769 0.06971153846153846 0.038461538461538464 0.038461538461538464
2 0.7055288461538461 0.15264423076923078 0.0673076923076923 0.036057692307692304
2 0.3762019230769231 0.13822115384615385 0.03125 0.021634615384615384