0 0.5564903846153846 0.36899038461538464 0.8846153846153846 0.6598557692307693
0 0.44350961538461536 0.4651442307692308 0.734375 0.4483173076923077
0 0.6081730769230769 0.75 0.1814903846153846 0.19471153846153846
0 0.8713942307692307 0.36778846153846156 0.2536057692307692 0.16706730769230768
0 0.02283653846153846 0.6430288461538461 0.04567307692307692 0.12620192307692307
4 0.4963942307692308 0.8317307692307693 0.14423076923076922 0.109375
0 0.05889423076923077 0.7704326923076923 0.06370192307692307 0.10576923076923077
0 0.4098557692307692 0.6598557692307693 0.05889423076923077 0.10336538461538461
0 0.9927884615384616 0.3076923076923077 0.01201923076923077 0.09975961538461539
0 0.4074519230769231 0.7055288461538461 0.10576923076923077 0.09014423076923077
0 0.14423076923076922 0.7740384615384616 0.10096153846153846 0.06971153846153846
0 0.15384615384615385 0.7247596153846154 0.09495192307692307 0.06850961538461539
0 0.6550480769230769 0.6466346153846154 0.13942307692307693 0.057692307692307696
0 0.7992788461538461 0.16466346153846154 0.39903846153846156 0.2548076923076923