0 0.4891826923076923 0.21033653846153846 0.9783653846153846 0.4206730769230769
0 0.8449519230769231 0.1814903846153846 0.27524038461538464 0.27524038461538464
0 0.8125 0.44350961538461536 0.3713942307692308 0.2800480769230769
4 0.3161057692307692 0.5192307692307693 0.6310096153846154 0.2776442307692308
0 0.7668269230769231 0.7379807692307693 0.4098557692307692 0.17307692307692307
0 0.6550480769230769 0.5769230769230769 0.328125 0.13581730769230768
0 0.055288461538461536 0.5384615384615384 0.11057692307692307 0.09975961538461539
0 0.18870192307692307 0.9026442307692307 0.21995192307692307 0.10336538461538461
0 0.16346153846153846 0.6153846153846154 0.09254807692307693 0.07932692307692307
4 0.39903846153846156 0.8629807692307693 0.1141826923076923 0.07932692307692307
0 0.15144230769230768 0.6802884615384616 0.11778846153846154 0.07932692307692307
0 0.3473557692307692 0.6658653846153846 0.14903846153846154 0.0733173076923077
0 0.8317307692307693 0.6177884615384616 0.10096153846153846 0.06129807692307692
0 0.47836538461538464 0.6658653846153846 0.09735576923076923 0.055288461538461536
0 0.7019230769230769 0.6418269230769231 0.07932692307692307 0.051682692307692304
0 0.41466346153846156 0.7175480769230769 0.04567307692307692 0.04807692307692308
0 0.5697115384615384 0.6790865384615384 0.08173076923076923 0.05048076923076923
0 0.390625 0.6802884615384616 0.11538461538461539 0.05048076923076923
0 0.9891826923076923 0.6862980769230769 0.019230769230769232 0.038461538461538464
0 0.5793269230769231 0.6574519230769231 0.09014423076923077 0.03245192307692308