6 0.3918269230769231 0.4411057692307692 0.057692307692307696 0.1502403846153846
4 0.3786057692307692 0.6382211538461539 0.042067307692307696 0.1346153846153846
0 0.6935096153846154 0.8125 0.015625 0.10576923076923077
0 0.6310096153846154 0.8846153846153846 0.019230769230769232 0.10576923076923077
0 0.5072115384615384 0.7007211538461539 0.026442307692307692 0.09375
0 0.5204326923076923 0.44350961538461536 0.02403846153846154 0.06610576923076923
0 0.44350961538461536 0.7175480769230769 0.01201923076923077 0.04567307692307692
0 0.4699519230769231 0.6153846153846154 0.01201923076923077 0.040865384615384616
0 0.5456730769230769 0.7872596153846154 0.03125 0.030048076923076924
0 0.5745192307692307 0.7644230769230769 0.019230769230769232 0.025240384615384616
0 0.3557692307692308 0.8870192307692307 0.006009615384615385 0.02403846153846154
0 0.33653846153846156 0.9134615384615384 0.009615384615384616 0.021634615384615384
0 0.6009615384615384 0.9699519230769231 0.016826923076923076 0.021634615384615384
0 0.2644230769230769 0.7572115384615384 0.006009615384615385 0.019230769230769232
0 0.5012019230769231 0.5925480769230769 0.015625 0.019230769230769232
0 0.3269230769230769 0.8846153846153846 0.007211538461538462 0.019230769230769232
0 0.49158653846153844 0.4362980769230769 0.021634615384615384 0.016826923076923076
0 0.2764423076923077 0.7175480769230769 0.004807692307692308 0.014423076923076924
0 0.36538461538461536 0.84375 0.009615384615384616 0.010817307692307692
0 0.3870192307692308 0.8713942307692307 0.009615384615384616 0.010817307692307692