4 0.6670673076923077 0.5997596153846154 0.109375 0.3858173076923077
4 0.5673076923076923 0.6213942307692307 0.09375 0.3798076923076923
4 0.5480769230769231 0.19471153846153846 0.10096153846153846 0.34975961538461536
0 0.15625 0.9459134615384616 0.05048076923076923 0.0733173076923077
0 0.8293269230769231 0.9086538461538461 0.03485576923076923 0.057692307692307696
0 0.1875 0.8846153846153846 0.040865384615384616 0.03485576923076923
0 0.22115384615384615 0.8317307692307693 0.04326923076923077 0.03245192307692308
0 0.24639423076923078 0.7019230769230769 0.025240384615384616 0.027644230769230768
0 0.18509615384615385 0.5793269230769231 0.051682692307692304 0.02403846153846154
0 0.020432692307692308 0.5985576923076923 0.019230769230769232 0.015625
4 0.22596153846153846 0.47115384615384615 0.16105769230769232 0.21153846153846154