0 0.4567307692307692 0.5036057692307693 0.1502403846153846 0.06370192307692307
0 0.037259615384615384 0.5372596153846154 0.0733173076923077 0.0733173076923077
0 0.6346153846153846 0.3161057692307692 0.14543269230769232 0.0673076923076923
0 0.2620192307692308 0.2283653846153846 0.1658653846153846 0.07451923076923077
0 0.5492788461538461 0.19230769230769232 0.12980769230769232 0.06370192307692307
0 0.7572115384615384 0.20432692307692307 0.10576923076923077 0.052884615384615384
0 0.6971153846153846 0.21875 0.07211538461538461 0.05889423076923077
0 0.7956730769230769 0.22956730769230768 0.07451923076923077 0.051682692307692304
0 0.21754807692307693 0.08413461538461539 0.10096153846153846 0.037259615384615384
0 0.7956730769230769 0.11538461538461539 0.0625 0.04326923076923077
0 0.22716346153846154 0.03245192307692308 0.0985576923076923 0.037259615384615384
0 0.30288461538461536 0.01201923076923077 0.07692307692307693 0.02403846153846154
0 0.6754807692307693 0.41225961538461536 0.08173076923076923 0.07932692307692307
0 0.6382211538461539 0.17668269230769232 0.0733173076923077 0.05048076923076923
0 0.5024038461538461 0.09495192307692307 0.06129807692307692 0.05048076923076923
0 0.027644230769230768 0.09495192307692307 0.040865384615384616 0.10817307692307693