0 0.8052884615384616 0.5408653846153846 0.3317307692307692 0.16826923076923078
0 0.13341346153846154 0.47596153846153844 0.2668269230769231 0.16706730769230768
0 0.5877403846153846 0.5949519230769231 0.19230769230769232 0.15625
4 0.5372596153846154 0.10576923076923077 0.8485576923076923 0.18028846153846154
0 0.17908653846153846 0.6262019230769231 0.34975961538461536 0.14903846153846154
0 0.0889423076923077 0.3004807692307692 0.16346153846153846 0.13221153846153846
0 0.17307692307692307 0.4098557692307692 0.3125 0.12620192307692307
0 0.4579326923076923 0.2956730769230769 0.2608173076923077 0.1141826923076923
0 0.5276442307692307 0.4026442307692308 0.2824519230769231 0.11057692307692307
0 0.4375 0.47836538461538464 0.2283653846153846 0.10576923076923077
0 0.7427884615384616 0.38822115384615385 0.2764423076923077 0.10817307692307693
0 0.8401442307692307 0.2800480769230769 0.171875 0.0733173076923077
0 0.20552884615384615 0.20192307692307693 0.11057692307692307 0.06129807692307692
0 0.8557692307692307 0.140625 0.0733173076923077 0.046875
0 0.9375 0.07211538461538461 0.052884615384615384 0.040865384615384616
0 0.7620192307692307 0.07091346153846154 0.06610576923076923 0.03125
0 0.28365384615384615 0.06610576923076923 0.07451923076923077 0.026442307692307692
0 0.6754807692307693 0.09495192307692307 0.0625 0.021634615384615384