0 0.7692307692307693 0.15625 0.1466346153846154 0.18028846153846154
0 0.7091346153846154 0.3112980769230769 0.2644230769230769 0.125
4 0.5396634615384616 0.5528846153846154 0.33653846153846156 0.12379807692307693
0 0.8822115384615384 0.4723557692307692 0.07451923076923077 0.08774038461538461
0 0.12740384615384615 0.3389423076923077 0.2247596153846154 0.08774038461538461
0 0.9338942307692307 0.4074519230769231 0.12860576923076922 0.08653846153846154
4 0.5997596153846154 0.6502403846153846 0.234375 0.07692307692307693
0 0.05889423076923077 0.4483173076923077 0.11778846153846154 0.05889423076923077
0 0.9675480769230769 0.47475961538461536 0.06129807692307692 0.057692307692307696
0 0.38100961538461536 0.38221153846153844 0.1622596153846154 0.051682692307692304
0 0.6177884615384616 0.3894230769230769 0.1502403846153846 0.05048076923076923
0 0.7524038461538461 0.4519230769230769 0.15745192307692307 0.05048076923076923
0 0.875 0.4795673076923077 0.13942307692307693 0.05048076923076923
0 0.5865384615384616 0.4495192307692308 0.14903846153846154 0.04807692307692308
0 0.20673076923076922 0.4026442307692308 0.16826923076923078 0.04807692307692308
0 0.18870192307692307 0.38100961538461536 0.12860576923076922 0.04567307692307692
0 0.3112980769230769 0.4050480769230769 0.12379807692307693 0.04326923076923077
0 0.01201923076923077 0.3605769230769231 0.015625 0.040865384615384616
0 0.4026442307692308 0.2127403846153846 0.3401442307692308 0.13581730769230768