4 0.6766826923076923 0.5841346153846154 0.6442307692307693 0.5096153846153846
0 0.7403846153846154 0.31490384615384615 0.1658653846153846 0.10096153846153846
0 0.2860576923076923 0.8629807692307693 0.2512019230769231 0.08774038461538461
0 0.8617788461538461 0.9278846153846154 0.21995192307692307 0.078125
4 0.5540865384615384 0.6550480769230769 0.14423076923076922 0.06850961538461539
0 0.23317307692307693 0.4423076923076923 0.21754807692307693 0.06850961538461539
0 0.9471153846153846 0.375 0.10336538461538461 0.06610576923076923
0 0.40024038461538464 0.5649038461538461 0.057692307692307696 0.046875
4 0.5168269230769231 0.7247596153846154 0.14543269230769232 0.05048076923076923
0 0.0625 0.6634615384615384 0.11899038461538461 0.04326923076923077
0 0.11658653846153846 0.4699519230769231 0.046875 0.037259615384615384
0 0.36778846153846156 0.5528846153846154 0.10336538461538461 0.038461538461538464
0 0.1935096153846154 0.5649038461538461 0.12379807692307693 0.037259615384615384
0 0.1502403846153846 0.5372596153846154 0.11899038461538461 0.037259615384615384
0 0.27283653846153844 0.515625 0.10336538461538461 0.036057692307692304
0 0.4699519230769231 0.5504807692307693 0.07932692307692307 0.03485576923076923
0 0.23918269230769232 0.5120192307692307 0.0733173076923077 0.03245192307692308
0 0.3713942307692308 0.5036057692307693 0.07211538461538461 0.03245192307692308
0 0.05048076923076923 0.5180288461538461 0.055288461538461536 0.030048076923076924
0 0.515625 0.5324519230769231 0.11298076923076923 0.030048076923076924
0 0.0985576923076923 0.5168269230769231 0.06129807692307692 0.026442307692307692
0 0.23197115384615385 0.48197115384615385 0.04567307692307692 0.026442307692307692
0 0.39663461538461536 0.48677884615384615 0.0625 0.025240384615384616