0 0.1141826923076923 0.6177884615384616 0.12379807692307693 0.08173076923076923
0 0.03245192307692308 0.5612980769230769 0.06129807692307692 0.07451923076923077
0 0.31971153846153844 0.6105769230769231 0.12860576923076922 0.057692307692307696
0 0.203125 0.23798076923076922 0.12379807692307693 0.056490384615384616
0 0.25961538461538464 0.18389423076923078 0.14903846153846154 0.056490384615384616
0 0.06370192307692307 0.2932692307692308 0.12620192307692307 0.052884615384615384
0 0.5528846153846154 0.4483173076923077 0.08173076923076923 0.036057692307692304
0 0.4543269230769231 0.484375 0.0829326923076923 0.030048076923076924
0 0.5336538461538461 0.41225961538461536 0.06370192307692307 0.026442307692307692
0 0.4338942307692308 0.4026442307692308 0.03485576923076923 0.009615384615384616
6 0.5817307692307693 0.3737980769230769 0.4050480769230769 0.10096153846153846