4 0.8100961538461539 0.6814903846153846 0.3137019230769231 0.1622596153846154
4 0.5048076923076923 0.4074519230769231 0.234375 0.1466346153846154
4 0.4891826923076923 0.5552884615384616 0.17067307692307693 0.12620192307692307
0 0.7367788461538461 0.16947115384615385 0.18028846153846154 0.08413461538461539
0 0.26802884615384615 0.09975961538461539 0.1622596153846154 0.07451923076923077
4 0.42788461538461536 0.6394230769230769 0.24278846153846154 0.06850961538461539
0 0.234375 0.1502403846153846 0.16346153846153846 0.056490384615384616
0 0.078125 0.09014423076923077 0.1045673076923077 0.051682692307692304
0 0.056490384615384616 0.16466346153846154 0.06971153846153846 0.04567307692307692
0 0.09495192307692307 0.0829326923076923 0.1346153846153846 0.038461538461538464
0 0.08533653846153846 0.03485576923076923 0.11057692307692307 0.055288461538461536