0 0.7752403846153846 0.42788461538461536 0.19471153846153846 0.3473557692307692
0 0.7283653846153846 0.859375 0.19230769230769232 0.2776442307692308
0 0.859375 0.33052884615384615 0.21514423076923078 0.2704326923076923
0 0.5865384615384616 0.5288461538461539 0.13581730769230768 0.24519230769230768
0 0.9122596153846154 0.5612980769230769 0.15504807692307693 0.2439903846153846
0 0.0985576923076923 0.4206730769230769 0.19471153846153846 0.22596153846153846
0 0.8762019230769231 0.9074519230769231 0.17668269230769232 0.1814903846153846
0 0.3125 0.7211538461538461 0.21754807692307693 0.19831730769230768
0 0.08653846153846154 0.5072115384615384 0.171875 0.1310096153846154
0 0.34975961538461536 0.9338942307692307 0.2439903846153846 0.125
4 0.234375 0.31009615384615385 0.29086538461538464 0.6201923076923077