0 0.10096153846153846 0.6754807692307693 0.1346153846153846 0.09254807692307693
0 0.026442307692307692 0.6177884615384616 0.040865384615384616 0.07932692307692307
0 0.31850961538461536 0.6550480769230769 0.13701923076923078 0.06850961538461539
0 0.17548076923076922 0.2692307692307692 0.13221153846153846 0.06610576923076923
0 0.23076923076923078 0.2091346153846154 0.15745192307692307 0.0673076923076923
0 0.04927884615384615 0.33533653846153844 0.0985576923076923 0.06129807692307692
0 0.5540865384615384 0.4723557692307692 0.08774038461538461 0.042067307692307696
0 0.4519230769230769 0.5144230769230769 0.0889423076923077 0.036057692307692304
0 0.5324519230769231 0.43509615384615385 0.0673076923076923 0.03125
0 0.4254807692307692 0.43028846153846156 0.036057692307692304 0.010817307692307692
6 0.5817307692307693 0.390625 0.43149038461538464 0.12980769230769232