0 0.3317307692307692 0.07091346153846154 0.3545673076923077 0.14182692307692307
4 0.4338942307692308 0.41346153846153844 0.4170673076923077 0.13942307692307693
0 0.9290865384615384 0.18870192307692307 0.13942307692307693 0.09495192307692307
0 0.9098557692307693 0.27524038461538464 0.1778846153846154 0.09735576923076923
4 0.7247596153846154 0.6105769230769231 0.1935096153846154 0.07932692307692307
0 0.06370192307692307 0.16947115384615385 0.09735576923076923 0.06850961538461539
0 0.7463942307692307 0.7019230769230769 0.11057692307692307 0.06370192307692307
4 0.4735576923076923 0.6995192307692307 0.06610576923076923 0.042067307692307696
0 0.28365384615384615 0.44711538461538464 0.055288461538461536 0.036057692307692304
0 0.4879807692307692 0.32572115384615385 0.0733173076923077 0.03485576923076923
6 0.9411057692307693 0.8112980769230769 0.08653846153846154 0.03485576923076923
0 0.7355769230769231 0.5168269230769231 0.10336538461538461 0.03245192307692308
0 0.3425480769230769 0.5204326923076923 0.042067307692307696 0.027644230769230768
0 0.6394230769230769 0.4519230769230769 0.07451923076923077 0.030048076923076924
0 0.40625 0.4326923076923077 0.0889423076923077 0.030048076923076924
0 0.23798076923076922 0.5552884615384616 0.036057692307692304 0.02403846153846154
0 0.31971153846153844 0.5360576923076923 0.042067307692307696 0.021634615384615384
0 0.2776442307692308 0.5600961538461539 0.03485576923076923 0.021634615384615384
0 0.3713942307692308 0.5168269230769231 0.009615384615384616 0.019230769230769232
0 0.3557692307692308 0.5649038461538461 0.025240384615384616 0.014423076923076924
0 0.3473557692307692 0.5432692307692307 0.02403846153846154 0.01201923076923077
0 0.29086538461538464 0.5528846153846154 0.027644230769230768 0.010817307692307692
0 0.39903846153846156 0.5673076923076923 0.02403846153846154 0.010817307692307692