0 0.8521634615384616 0.18629807692307693 0.10576923076923077 0.08774038461538461
4 0.9314903846153846 0.33413461538461536 0.12379807692307693 0.07692307692307693
6 0.3401442307692308 0.5216346153846154 0.1875 0.0733173076923077
4 0.7019230769230769 0.06370192307692307 0.09495192307692307 0.06850961538461539
4 0.9254807692307693 0.04447115384615385 0.1045673076923077 0.06850961538461539
0 0.7487980769230769 0.021634615384615384 0.14543269230769232 0.042067307692307696
0 0.46153846153846156 0.06850961538461539 0.051682692307692304 0.055288461538461536
0 0.8040865384615384 0.3870192307692308 0.06610576923076923 0.052884615384615384
6 0.7391826923076923 0.47115384615384615 0.1502403846153846 0.055288461538461536
0 0.5853365384615384 0.07211538461538461 0.09495192307692307 0.05048076923076923
0 0.7463942307692307 0.014423076923076924 0.10336538461538461 0.028846153846153848
0 0.4362980769230769 0.17067307692307693 0.0829326923076923 0.04567307692307692
0 0.5769230769230769 0.1814903846153846 0.05889423076923077 0.042067307692307696
0 0.36778846153846156 0.18389423076923078 0.06850961538461539 0.04326923076923077
0 0.4951923076923077 0.10697115384615384 0.07211538461538461 0.042067307692307696
0 0.5853365384615384 0.10336538461538461 0.07692307692307693 0.040865384615384616
0 0.5456730769230769 0.027644230769230768 0.10336538461538461 0.040865384615384616
0 0.15264423076923078 0.10697115384615384 0.11298076923076923 0.038461538461538464
0 0.3088942307692308 0.08173076923076923 0.10336538461538461 0.038461538461538464
0 0.055288461538461536 0.11298076923076923 0.06129807692307692 0.036057692307692304
0 0.3173076923076923 0.1466346153846154 0.09735576923076923 0.037259615384615384
0 0.47836538461538464 0.03125 0.0733173076923077 0.036057692307692304
0 0.390625 0.09975961538461539 0.09014423076923077 0.036057692307692304
0 0.13942307692307693 0.19951923076923078 0.10817307692307693 0.037259615384615384
0 0.8257211538461539 0.421875 0.042067307692307696 0.03245192307692308
0 0.07572115384615384 0.14903846153846154 0.06850961538461539 0.03485576923076923
0 0.23798076923076922 0.14423076923076922 0.0733173076923077 0.03245192307692308
0 0.20072115384615385 0.1778846153846154 0.10817307692307693 0.036057692307692304
0 0.4411057692307692 0.3449519230769231 0.0673076923076923 0.03125
0 0.30408653846153844 0.1045673076923077 0.10096153846153846 0.030048076923076924