4 0.5276442307692307 0.46875 0.17307692307692307 0.1201923076923077
0 0.09014423076923077 0.10336538461538461 0.18028846153846154 0.1201923076923077
4 0.8028846153846154 0.5745192307692307 0.3942307692307692 0.11778846153846154
0 0.2956730769230769 0.17427884615384615 0.17067307692307693 0.10096153846153846
4 0.9447115384615384 0.4338942307692308 0.10817307692307693 0.08653846153846154
0 0.11658653846153846 0.13942307692307693 0.1875 0.078125
0 0.8052884615384616 0.22956730769230768 0.23076923076923078 0.06971153846153846
0 0.4831730769230769 0.1935096153846154 0.19230769230769232 0.06370192307692307
0 0.29447115384615385 0.2247596153846154 0.21754807692307693 0.06129807692307692
0 0.18389423076923078 0.030048076923076924 0.17067307692307693 0.06009615384615385
0 0.7740384615384616 0.15264423076923078 0.1778846153846154 0.052884615384615384
4 0.7620192307692307 0.30649038461538464 0.2439903846153846 0.051682692307692304
0 0.5685096153846154 0.22235576923076922 0.1622596153846154 0.04807692307692308
0 0.8521634615384616 0.17427884615384615 0.1502403846153846 0.04567307692307692
0 0.4206730769230769 0.02283653846153846 0.09495192307692307 0.04567307692307692