0 0.9855769230769231 0.20432692307692307 0.025240384615384616 0.027644230769230768
0 0.859375 0.29447115384615385 0.051682692307692304 0.10576923076923077
0 0.8028846153846154 0.4182692307692308 0.07211538461538461 0.0889423076923077
0 0.7860576923076923 0.4074519230769231 0.052884615384615384 0.09975961538461539
0 0.7199519230769231 0.3918269230769231 0.04807692307692308 0.08653846153846154
0 0.7463942307692307 0.5384615384615384 0.0673076923076923 0.08774038461538461
0 0.6213942307692307 0.4807692307692308 0.07692307692307693 0.109375
0 0.6418269230769231 0.5048076923076923 0.06971153846153846 0.08413461538461539
0 0.5637019230769231 0.5372596153846154 0.0889423076923077 0.10336538461538461
0 0.5552884615384616 0.43990384615384615 0.06129807692307692 0.037259615384615384
0 0.47115384615384615 0.5036057692307693 0.040865384615384616 0.08413461538461539
0 0.359375 0.5012019230769231 0.12980769230769232 0.08774038461538461
0 0.2800480769230769 0.6766826923076923 0.08413461538461539 0.11778846153846154
0 0.07451923076923077 0.7487980769230769 0.06610576923076923 0.06129807692307692
0 0.01201923076923077 0.6382211538461539 0.02403846153846154 0.08653846153846154
0 0.2620192307692308 0.3557692307692308 0.05048076923076923 0.109375
0 0.17548076923076922 0.43149038461538464 0.0673076923076923 0.10817307692307693
0 0.5769230769230769 0.5721153846153846 0.06129807692307692 0.07451923076923077