4 0.3293269230769231 0.4567307692307692 0.4639423076923077 0.19951923076923078
0 0.6490384615384616 0.7752403846153846 0.5060096153846154 0.17668269230769232
0 0.9519230769230769 0.46153846153846156 0.09254807692307693 0.09254807692307693
4 0.9567307692307693 0.8701923076923077 0.052884615384615384 0.0829326923076923
0 0.6947115384615384 0.5985576923076923 0.25 0.09014423076923077
0 0.8485576923076923 0.8569711538461539 0.17668269230769232 0.08774038461538461
0 0.9182692307692307 0.6346153846153846 0.15504807692307693 0.07932692307692307
0 0.9182692307692307 0.5552884615384616 0.12860576923076922 0.078125
0 0.75 0.6298076923076923 0.203125 0.07932692307692307
0 0.5012019230769231 0.6382211538461539 0.08413461538461539 0.056490384615384616
0 0.26322115384615385 0.5661057692307693 0.16706730769230768 0.057692307692307696
0 0.052884615384615384 0.9026442307692307 0.1045673076923077 0.055288461538461536
0 0.5925480769230769 0.6730769230769231 0.055288461538461536 0.04807692307692308
0 0.03485576923076923 0.6418269230769231 0.06850961538461539 0.04326923076923077
0 0.3425480769230769 0.6045673076923077 0.10096153846153846 0.042067307692307696
0 0.07451923076923077 0.6622596153846154 0.11298076923076923 0.042067307692307696