0 0.4807692307692308 0.28846153846153844 0.5841346153846154 0.4182692307692308
0 0.5649038461538461 0.12620192307692307 0.4230769230769231 0.2512019230769231
4 0.4050480769230769 0.6009615384615384 0.36778846153846156 0.19831730769230768
4 0.7980769230769231 0.9098557692307693 0.4014423076923077 0.1778846153846154
0 0.7944711538461539 0.4831730769230769 0.28846153846153844 0.171875
0 0.08533653846153846 0.34975961538461536 0.17067307692307693 0.13701923076923078
0 0.9435096153846154 0.34975961538461536 0.109375 0.13221153846153846
0 0.8245192307692307 0.3894230769230769 0.10576923076923077 0.11899038461538461
0 0.9254807692307693 0.41586538461538464 0.14543269230769232 0.10817307692307693
0 0.5865384615384616 0.41346153846153844 0.234375 0.09495192307692307
0 0.9350961538461539 0.5168269230769231 0.12620192307692307 0.09375
0 0.5949519230769231 0.4651442307692308 0.12860576923076922 0.06850961538461539
0 0.5168269230769231 0.7512019230769231 0.1814903846153846 0.06850961538461539
4 0.34615384615384615 0.7355769230769231 0.08774038461538461 0.05889423076923077
0 0.6971153846153846 0.5949519230769231 0.171875 0.057692307692307696
0 0.12620192307692307 0.5841346153846154 0.12860576923076922 0.051682692307692304
0 0.34975961538461536 0.5637019230769231 0.08413461538461539 0.040865384615384616
0 0.03485576923076923 0.5697115384615384 0.0673076923076923 0.042067307692307696
0 0.28966346153846156 0.5733173076923077 0.06850961538461539 0.03485576923076923
0 0.22235576923076922 0.5745192307692307 0.0625 0.03125
4 0.8629807692307693 0.1466346153846154 0.2692307692307692 0.2932692307692308