0 0.171875 0.8581730769230769 0.15625 0.10336538461538461
4 0.3137019230769231 0.41346153846153844 0.171875 0.078125
0 0.36177884615384615 0.052884615384615384 0.109375 0.07211538461538461
0 0.037259615384615384 0.1658653846153846 0.0733173076923077 0.0733173076923077
4 0.4014423076923077 0.5721153846153846 0.20432692307692307 0.06370192307692307
4 0.7692307692307693 0.4543269230769231 0.2403846153846154 0.06610576923076923
0 0.4387019230769231 0.051682692307692304 0.14423076923076922 0.0625
0 0.4206730769230769 0.4723557692307692 0.1622596153846154 0.0625
0 0.0733173076923077 0.5889423076923077 0.14423076923076922 0.05889423076923077
0 0.44471153846153844 0.20432692307692307 0.1201923076923077 0.046875
0 0.036057692307692304 0.4110576923076923 0.07211538461538461 0.046875
0 0.3641826923076923 0.1778846153846154 0.10817307692307693 0.038461538461538464
0 0.4483173076923077 0.01201923076923077 0.14423076923076922 0.02403846153846154
0 0.9855769230769231 0.2860576923076923 0.021634615384615384 0.07451923076923077