2 0.1778846153846154 0.27884615384615385 0.11298076923076923 0.12139423076923077
2 0.13701923076923078 0.2800480769230769 0.05048076923076923 0.09975961538461539
2 0.7848557692307693 0.3786057692307692 0.06971153846153846 0.08774038461538461
2 0.9134615384615384 0.38822115384615385 0.06850961538461539 0.078125
2 0.9759615384615384 0.39783653846153844 0.04326923076923077 0.06370192307692307
2 0.6033653846153846 0.375 0.038461538461538464 0.06129807692307692
2 0.3641826923076923 0.5180288461538461 0.2247596153846154 0.06610576923076923
2 0.6310096153846154 0.36658653846153844 0.05889423076923077 0.056490384615384616
2 0.5745192307692307 0.37259615384615385 0.037259615384615384 0.055288461538461536
2 0.4026442307692308 0.328125 0.07211538461538461 0.055288461538461536
2 0.3125 0.3161057692307692 0.051682692307692304 0.05048076923076923
2 0.4338942307692308 0.33653846153846156 0.046875 0.04326923076923077
2 0.36538461538461536 0.33653846153846156 0.04807692307692308 0.042067307692307696