4 0.4411057692307692 0.5096153846153846 0.28125 0.15264423076923078
0 0.953125 0.30288461538461536 0.09014423076923077 0.13942307692307693
4 0.27524038461538464 0.9375 0.27163461538461536 0.1201923076923077
6 0.7403846153846154 0.4098557692307692 0.06610576923076923 0.09375
0 0.7824519230769231 0.49278846153846156 0.06971153846153846 0.09014423076923077
0 0.5685096153846154 0.8846153846153846 0.20673076923076922 0.08774038461538461
0 0.9783653846153846 0.41225961538461536 0.038461538461538464 0.0829326923076923
0 0.9579326923076923 0.5348557692307693 0.0829326923076923 0.07211538461538461
0 0.7355769230769231 0.4891826923076923 0.04567307692307692 0.06850961538461539
0 0.6658653846153846 0.5432692307692307 0.040865384615384616 0.06850961538461539
4 0.5769230769230769 0.8028846153846154 0.12980769230769232 0.0673076923076923
0 0.8689903846153846 0.5456730769230769 0.0985576923076923 0.06610576923076923
0 0.6442307692307693 0.47716346153846156 0.06370192307692307 0.06370192307692307
4 0.8353365384615384 0.7199519230769231 0.21995192307692307 0.05889423076923077
0 0.9639423076923077 0.5949519230769231 0.0673076923076923 0.04567307692307692
0 0.9314903846153846 0.5552884615384616 0.10576923076923077 0.042067307692307696