1 0.6947115384615384 0.5829326923076923 0.2668269230769231 0.17067307692307693
1 0.3245192307692308 0.6490384615384616 0.25961538461538464 0.14182692307692307
1 0.2283653846153846 0.47836538461538464 0.22355769230769232 0.1502403846153846
1 0.36899038461538464 0.578125 0.20192307692307693 0.10096153846153846
1 0.7427884615384616 0.7680288461538461 0.1622596153846154 0.125
1 0.8834134615384616 0.9074519230769231 0.22956730769230768 0.1466346153846154
1 0.4074519230769231 0.8449519230769231 0.21754807692307693 0.13581730769230768
1 0.28966346153846156 0.8245192307692307 0.27403846153846156 0.1502403846153846
1 0.17548076923076922 0.765625 0.21995192307692307 0.11778846153846154
1 0.15865384615384615 0.9194711538461539 0.2644230769230769 0.09014423076923077
1 0.30288461538461536 0.9567307692307693 0.21754807692307693 0.0829326923076923
1 0.07692307692307693 0.3545673076923077 0.15264423076923078 0.140625
1 0.2980769230769231 0.17548076923076922 0.3401442307692308 0.14182692307692307
1 0.7379807692307693 0.06610576923076923 0.3173076923076923 0.1310096153846154
1 0.59375 0.16346153846153846 0.21153846153846154 0.14903846153846154
1 0.8629807692307693 0.27163461538461536 0.2403846153846154 0.15625
1 0.8798076923076923 0.11899038461538461 0.19230769230769232 0.11057692307692307
1 0.3557692307692308 0.04807692307692308 0.25961538461538464 0.09615384615384616
1 0.42427884615384615 0.36899038461538464 0.15625 0.23076923076923078
1 0.5865384615384616 0.40625 0.1466346153846154 0.11778846153846154
1 0.057692307692307696 0.12860576923076922 0.11538461538461539 0.20432692307692307
1 0.9182692307692307 0.640625 0.16105769230769232 0.109375
1 0.8052884615384616 0.6286057692307693 0.2439903846153846 0.140625
1 0.5348557692307693 0.6598557692307693 0.2439903846153846 0.125
1 0.08653846153846154 0.6310096153846154 0.16105769230769232 0.11899038461538461
1 0.3329326923076923 0.2403846153846154 0.24278846153846154 0.07932692307692307
1 0.3485576923076923 0.3449519230769231 0.08413461538461539 0.046875
1 0.28966346153846156 0.30288461538461536 0.19831730769230768 0.10096153846153846
1 0.13581730769230768 0.9807692307692307 0.1622596153846154 0.03485576923076923
1 0.6442307692307693 0.7572115384615384 0.1310096153846154 0.057692307692307696
1 0.9326923076923077 0.5925480769230769 0.1310096153846154 0.0733173076923077