0 0.5564903846153846 0.4050480769230769 0.08653846153846154 0.056490384615384616
0 0.5841346153846154 0.5300480769230769 0.07211538461538461 0.057692307692307696
0 0.5408653846153846 0.6021634615384616 0.09254807692307693 0.06610576923076923
0 0.2536057692307692 0.6826923076923077 0.1346153846153846 0.07692307692307693
0 0.25961538461538464 0.5793269230769231 0.1141826923076923 0.0829326923076923
0 0.2800480769230769 0.5985576923076923 0.10817307692307693 0.08413461538461539
0 0.5060096153846154 0.7259615384615384 0.0889423076923077 0.05048076923076923
0 0.3004807692307692 0.9170673076923077 0.1346153846153846 0.11298076923076923
0 0.8798076923076923 0.4230769230769231 0.234375 0.1814903846153846
0 0.8341346153846154 0.3245192307692308 0.20793269230769232 0.13221153846153846
0 0.6622596153846154 0.5048076923076923 0.0625 0.05889423076923077
0 0.6478365384615384 0.6105769230769231 0.09375 0.06370192307692307
0 0.4338942307692308 0.5120192307692307 0.09375 0.0625
0 0.4026442307692308 0.4495192307692308 0.07932692307692307 0.06850961538461539
0 0.05889423076923077 0.6682692307692307 0.09975961538461539 0.078125
0 0.4182692307692308 0.6081730769230769 0.06370192307692307 0.040865384615384616
0 0.5396634615384616 0.4675480769230769 0.07932692307692307 0.06610576923076923
0 0.31490384615384615 0.5384615384615384 0.08653846153846154 0.04807692307692308
0 0.6778846153846154 0.5877403846153846 0.057692307692307696 0.046875
0 0.7668269230769231 0.5516826923076923 0.1045673076923077 0.057692307692307696
0 0.6802884615384616 0.5204326923076923 0.06971153846153846 0.052884615384615384
0 0.6105769230769231 0.40625 0.0625 0.04807692307692308
0 0.8473557692307693 0.23557692307692307 0.046875 0.07692307692307693
0 0.6334134615384616 0.30649038461538464 0.18269230769230768 0.09975961538461539
0 0.30528846153846156 0.36658653846153844 0.03485576923076923 0.038461538461538464
0 0.7560096153846154 0.4519230769230769 0.07692307692307693 0.037259615384615384
0 0.15504807692307693 0.8377403846153846 0.040865384615384616 0.08653846153846154
0 0.19591346153846154 0.8557692307692307 0.038461538461538464 0.07932692307692307
0 0.24879807692307693 0.9627403846153846 0.08653846153846154 0.06129807692307692
0 0.7271634615384616 0.35336538461538464 0.056490384615384616 0.055288461538461536
0 0.7692307692307693 0.36658653846153844 0.06971153846153846 0.040865384615384616
0 0.08413461538461539 0.6887019230769231 0.05048076923076923 0.055288461538461536
0 0.052884615384615384 0.7824519230769231 0.042067307692307696 0.05889423076923077
0 0.46634615384615385 0.4651442307692308 0.027644230769230768 0.030048076923076924
0 0.43028846153846156 0.4987980769230769 0.052884615384615384 0.038461538461538464
0 0.3161057692307692 0.5216346153846154 0.09375 0.109375
0 0.7355769230769231 0.6213942307692307 0.0625 0.05048076923076923
0 0.4987980769230769 0.2608173076923077 0.036057692307692304 0.038461538461538464
0 0.5252403846153846 0.26322115384615385 0.03125 0.025240384615384616
0 0.5348557692307693 0.2932692307692308 0.038461538461538464 0.040865384615384616