1 0.6574519230769231 0.5793269230769231 0.3161057692307692 0.16826923076923078
1 0.09975961538461539 0.8173076923076923 0.19951923076923078 0.1502403846153846
1 0.03245192307692308 0.1935096153846154 0.03125 0.12980769230769232
1 0.8689903846153846 0.5901442307692307 0.25600961538461536 0.12620192307692307
1 0.16346153846153846 0.5588942307692307 0.30528846153846156 0.12860576923076922
1 0.06850961538461539 0.7247596153846154 0.13581730769230768 0.11899038461538461
1 0.5997596153846154 0.8173076923076923 0.18629807692307693 0.1045673076923077
1 0.02403846153846154 0.5144230769230769 0.04807692307692308 0.09375
1 0.40384615384615385 0.8185096153846154 0.15985576923076922 0.07211538461538461
1 0.32091346153846156 0.6586538461538461 0.1466346153846154 0.06370192307692307
1 0.47836538461538464 0.8028846153846154 0.12379807692307693 0.05889423076923077
1 0.36538461538461536 0.7884615384615384 0.09375 0.056490384615384616
1 0.04807692307692308 0.9362980769230769 0.09495192307692307 0.06971153846153846