0 0.7668269230769231 0.4411057692307692 0.19110576923076922 0.3317307692307692
0 0.7139423076923077 0.8569711538461539 0.1875 0.2824519230769231
0 0.8473557692307693 0.34975961538461536 0.2091346153846154 0.25961538461538464
0 0.5853365384615384 0.5324519230769231 0.13221153846153846 0.234375
0 0.8918269230769231 0.5697115384615384 0.15144230769230768 0.23317307692307693
0 0.109375 0.421875 0.21875 0.21995192307692307
0 0.8509615384615384 0.9050480769230769 0.171875 0.1875
0 0.32211538461538464 0.7103365384615384 0.2091346153846154 0.19230769230769232
0 0.09735576923076923 0.5048076923076923 0.1935096153846154 0.1310096153846154
0 0.35336538461538464 0.9122596153846154 0.23317307692307693 0.12379807692307693
4 0.25600961538461536 0.3076923076923077 0.28725961538461536 0.6153846153846154