0 0.6322115384615384 0.14182692307692307 0.0625 0.16346153846153846
0 0.6995192307692307 0.6838942307692307 0.051682692307692304 0.13581730769230768
0 0.6730769230769231 0.17067307692307693 0.07211538461538461 0.13581730769230768
0 0.7956730769230769 0.5612980769230769 0.04567307692307692 0.13221153846153846
0 0.8052884615384616 0.6502403846153846 0.08774038461538461 0.125
0 0.8317307692307693 0.5829326923076923 0.04807692307692308 0.11057692307692307
0 0.7620192307692307 0.5300480769230769 0.056490384615384616 0.109375
0 0.9735576923076923 0.625 0.042067307692307696 0.10576923076923077
0 0.4567307692307692 0.4519230769230769 0.04567307692307692 0.10336538461538461
0 0.8918269230769231 0.6382211538461539 0.04567307692307692 0.10336538461538461
0 0.6682692307692307 0.49399038461538464 0.08774038461538461 0.09975961538461539
0 0.6706730769230769 0.3473557692307692 0.052884615384615384 0.09495192307692307
0 0.8762019230769231 0.7536057692307693 0.052884615384615384 0.09375
0 0.9266826923076923 0.8713942307692307 0.05048076923076923 0.09375
0 0.6286057692307693 0.40024038461538464 0.046875 0.09375
0 0.7512019230769231 0.9266826923076923 0.04326923076923077 0.09254807692307693
0 0.9302884615384616 0.7620192307692307 0.03485576923076923 0.09014423076923077
0 0.8954326923076923 0.6935096153846154 0.040865384615384616 0.09014423076923077
0 0.7163461538461539 0.6129807692307693 0.03485576923076923 0.0889423076923077
0 0.8689903846153846 0.6911057692307693 0.03245192307692308 0.0829326923076923
0 0.7331730769230769 0.36538461538461536 0.0733173076923077 0.07211538461538461
0 0.6177884615384616 0.28846153846153844 0.055288461538461536 0.06850961538461539
0 0.8617788461538461 0.9555288461538461 0.036057692307692304 0.042067307692307696
0 0.7355769230769231 0.19831730769230768 0.027644230769230768 0.0625
0 0.8317307692307693 0.9230769230769231 0.046875 0.05889423076923077
0 0.5721153846153846 0.12139423076923077 0.037259615384615384 0.05889423076923077
0 0.9002403846153846 0.05889423076923077 0.026442307692307692 0.046875