0 0.6610576923076923 0.12620192307692307 0.052884615384615384 0.15745192307692307
0 0.6802884615384616 0.6634615384615384 0.04326923076923077 0.1310096153846154
0 0.6971153846153846 0.15865384615384615 0.0625 0.12980769230769232
0 0.7848557692307693 0.5504807692307693 0.037259615384615384 0.12860576923076922
0 0.7860576923076923 0.6394230769230769 0.07932692307692307 0.11899038461538461
0 0.8173076923076923 0.5745192307692307 0.042067307692307696 0.10576923076923077
0 0.7548076923076923 0.5192307692307693 0.05048076923076923 0.10576923076923077
0 0.9519230769230769 0.6298076923076923 0.036057692307692304 0.10336538461538461
0 0.46153846153846156 0.41586538461538464 0.038461538461538464 0.0985576923076923
0 0.8713942307692307 0.6346153846153846 0.040865384615384616 0.0985576923076923
0 0.6658653846153846 0.47475961538461536 0.08173076923076923 0.09375
0 0.6802884615384616 0.3317307692307692 0.04807692307692308 0.09254807692307693
0 0.8473557692307693 0.7463942307692307 0.046875 0.09014423076923077
0 0.8846153846153846 0.8677884615384616 0.04326923076923077 0.09014423076923077
0 0.6346153846153846 0.3798076923076923 0.040865384615384616 0.09014423076923077
0 0.7091346153846154 0.90625 0.037259615384615384 0.08774038461538461
0 0.8978365384615384 0.7608173076923077 0.030048076923076924 0.08774038461538461
0 0.8701923076923077 0.6899038461538461 0.036057692307692304 0.08774038461538461
0 0.7019230769230769 0.5961538461538461 0.027644230769230768 0.08653846153846154
0 0.8449519230769231 0.6838942307692307 0.027644230769230768 0.07932692307692307
0 0.7403846153846154 0.3545673076923077 0.06850961538461539 0.06850961538461539
0 0.6322115384615384 0.2692307692307692 0.051682692307692304 0.06610576923076923
0 0.8149038461538461 0.9555288461538461 0.03245192307692308 0.06370192307692307
0 0.7560096153846154 0.19110576923076922 0.025240384615384616 0.06129807692307692
0 0.7884615384615384 0.9098557692307693 0.04326923076923077 0.056490384615384616
0 0.6033653846153846 0.10096153846153846 0.03485576923076923 0.056490384615384616
0 0.9278846153846154 0.9783653846153846 0.026442307692307692 0.040865384615384616
0 0.9302884615384616 0.06850961538461539 0.02403846153846154 0.04567307692307692