2 0.4423076923076923 0.5733173076923077 0.11899038461538461 0.09975961538461539
2 0.17307692307692307 0.4855769230769231 0.06610576923076923 0.09014423076923077
2 0.578125 0.5336538461538461 0.07211538461538461 0.08653846153846154
2 0.3557692307692308 0.5240384615384616 0.03485576923076923 0.06850961538461539
2 0.24879807692307693 0.48197115384615385 0.0625 0.0625
2 0.3088942307692308 0.4963942307692308 0.04326923076923077 0.052884615384615384
2 0.9495192307692307 0.5564903846153846 0.07932692307692307 0.04326923076923077
2 0.7403846153846154 0.5564903846153846 0.040865384615384616 0.037259615384615384
2 0.06490384615384616 0.5036057692307693 0.027644230769230768 0.036057692307692304
2 0.9086538461538461 0.4963942307692308 0.037259615384615384 0.03485576923076923
2 0.016826923076923076 0.5120192307692307 0.03245192307692308 0.03245192307692308
2 0.008413461538461538 0.46033653846153844 0.015625 0.026442307692307692
2 0.8185096153846154 0.5120192307692307 0.019230769230769232 0.02403846153846154