0 0.6201923076923077 0.5901442307692307 0.3329326923076923 0.18269230769230768
0 0.3942307692307692 0.5324519230769231 0.3112980769230769 0.17067307692307693
0 0.47596153846153844 0.30408653846153844 0.17668269230769232 0.1502403846153846
0 0.4254807692307692 0.4014423076923077 0.20673076923076922 0.14903846153846154
0 0.13221153846153846 0.5769230769230769 0.19951923076923078 0.13942307692307693
0 0.90625 0.5360576923076923 0.18389423076923078 0.140625
0 0.6971153846153846 0.46274038461538464 0.13581730769230768 0.125
0 0.6322115384615384 0.38461538461538464 0.16826923076923078 0.1201923076923077
0 0.140625 0.3161057692307692 0.18389423076923078 0.12139423076923077
0 0.2536057692307692 0.30408653846153844 0.1466346153846154 0.11778846153846154
0 0.8725961538461539 0.44471153846153844 0.17548076923076922 0.11899038461538461
0 0.17908653846153846 0.41947115384615385 0.23918269230769232 0.11899038461538461
0 0.06610576923076923 0.2956730769230769 0.1045673076923077 0.1045673076923077
0 0.12259615384615384 0.4795673076923077 0.2127403846153846 0.109375
0 0.7283653846153846 0.3004807692307692 0.11298076923076923 0.09975961538461539
0 0.4014423076923077 0.27403846153846156 0.14903846153846154 0.10336538461538461
4 0.9206730769230769 0.15504807692307693 0.15625 0.09495192307692307
0 0.5865384615384616 0.07211538461538461 0.09375 0.04807692307692308
0 0.125 0.010817307692307692 0.09975961538461539 0.021634615384615384
0 0.36538461538461536 0.04326923076923077 0.05048076923076923 0.030048076923076924