0 0.8569711538461539 0.24879807692307693 0.030048076923076924 0.07692307692307693
0 0.3088942307692308 0.7992788461538461 0.0829326923076923 0.07692307692307693
0 0.328125 0.25721153846153844 0.06129807692307692 0.07451923076923077
0 0.051682692307692304 0.5552884615384616 0.027644230769230768 0.05889423076923077
0 0.35697115384615385 0.3641826923076923 0.052884615384615384 0.052884615384615384
0 0.5324519230769231 0.30528846153846156 0.025240384615384616 0.04807692307692308
0 0.7271634615384616 0.34615384615384615 0.014423076923076924 0.046875
0 0.2980769230769231 0.18028846153846154 0.016826923076923076 0.04567307692307692
0 0.7752403846153846 0.2247596153846154 0.020432692307692308 0.04326923076923077
0 0.6971153846153846 0.1466346153846154 0.020432692307692308 0.038461538461538464
0 0.6598557692307693 0.02403846153846154 0.030048076923076924 0.037259615384615384
0 0.7884615384615384 0.2920673076923077 0.030048076923076924 0.03245192307692308
0 0.47596153846153844 0.17548076923076922 0.04807692307692308 0.026442307692307692
0 0.7860576923076923 0.5060096153846154 0.042067307692307696 0.025240384615384616
0 0.4963942307692308 0.25841346153846156 0.04326923076923077 0.02403846153846154
0 0.7319711538461539 0.4206730769230769 0.038461538461538464 0.02403846153846154
0 0.1141826923076923 0.17908653846153846 0.027644230769230768 0.021634615384615384
0 0.09735576923076923 0.13942307692307693 0.016826923076923076 0.010817307692307692
6 0.38461538461538464 0.6177884615384616 0.328125 0.4723557692307692