2 0.5540865384615384 0.5420673076923077 0.12620192307692307 0.10817307692307693
2 0.8221153846153846 0.43990384615384615 0.07211538461538461 0.09735576923076923
2 0.41346153846153844 0.5096153846153846 0.078125 0.09014423076923077
2 0.6370192307692307 0.4879807692307692 0.037259615384615384 0.0733173076923077
2 0.7451923076923077 0.4387019230769231 0.0673076923076923 0.06850961538461539
2 0.6862980769230769 0.4579326923076923 0.046875 0.056490384615384616
2 0.038461538461538464 0.5528846153846154 0.07451923076923077 0.04807692307692308
2 0.24639423076923078 0.5408653846153846 0.04326923076923077 0.040865384615384616
2 0.9338942307692307 0.45072115384615385 0.03125 0.037259615384615384
2 0.07211538461538461 0.4891826923076923 0.038461538461538464 0.037259615384615384
2 0.9819711538461539 0.4579326923076923 0.03245192307692308 0.03485576923076923
2 0.9879807692307693 0.40384615384615385 0.014423076923076924 0.027644230769230768
2 0.1658653846153846 0.5 0.020432692307692308 0.025240384615384616