1 0.29927884615384615 0.2620192307692308 0.1778846153846154 0.171875
1 0.28846153846153844 0.7427884615384616 0.2439903846153846 0.171875
1 0.3762019230769231 0.5216346153846154 0.20673076923076922 0.13701923076923078
1 0.7752403846153846 0.5048076923076923 0.28846153846153844 0.12139423076923077
1 0.17668269230769232 0.3870192307692308 0.2127403846153846 0.11298076923076923
1 0.49399038461538464 0.7824519230769231 0.2127403846153846 0.09975961538461539
1 0.8942307692307693 0.5793269230769231 0.171875 0.0733173076923077
1 0.13822115384615385 0.7079326923076923 0.10336538461538461 0.06370192307692307
1 0.7716346153846154 0.8521634615384616 0.19110576923076922 0.06370192307692307
1 0.5552884615384616 0.890625 0.1346153846153846 0.06129807692307692
1 0.8942307692307693 0.7980769230769231 0.13581730769230768 0.05889423076923077
1 0.7536057692307693 0.9290865384615384 0.1778846153846154 0.052884615384615384
1 0.6310096153846154 0.7319711538461539 0.22235576923076922 0.04807692307692308
1 0.9519230769230769 0.5588942307692307 0.09495192307692307 0.1346153846153846