4 0.09014423076923077 0.3918269230769231 0.1778846153846154 0.09254807692307693
0 0.9146634615384616 0.328125 0.16706730769230768 0.09375
4 0.1346153846153846 0.5793269230769231 0.2692307692307692 0.08413461538461539
0 0.8161057692307693 0.8870192307692307 0.0829326923076923 0.07692307692307693
4 0.8413461538461539 0.6045673076923077 0.1935096153846154 0.078125
0 0.7175480769230769 0.3762019230769231 0.17668269230769232 0.056490384615384616
0 0.6478365384615384 0.35336538461538464 0.1875 0.056490384615384616
0 0.5036057692307693 0.47596153846153844 0.1141826923076923 0.05048076923076923
0 0.6574519230769231 0.5408653846153846 0.18389423076923078 0.05048076923076923
0 0.9387019230769231 0.4543269230769231 0.1201923076923077 0.052884615384615384
0 0.5733173076923077 0.4098557692307692 0.15625 0.046875
0 0.6009615384615384 0.4699519230769231 0.13942307692307693 0.046875
0 0.7560096153846154 0.4206730769230769 0.13221153846153846 0.038461538461538464
0 0.828125 0.44350961538461536 0.1141826923076923 0.038461538461538464
0 0.5096153846153846 0.4266826923076923 0.0829326923076923 0.037259615384615384
0 0.9879807692307693 0.4050480769230769 0.021634615384615384 0.036057692307692304
4 0.2956730769230769 0.6778846153846154 0.296875 0.11778846153846154