4 0.39903846153846156 0.6033653846153846 0.12620192307692307 0.39663461538461536
0 0.3449519230769231 0.6466346153846154 0.038461538461538464 0.057692307692307696
0 0.2644230769230769 0.6887019230769231 0.109375 0.06370192307692307
0 0.6622596153846154 0.5144230769230769 0.03485576923076923 0.025240384615384616
0 0.6586538461538461 0.3245192307692308 0.030048076923076924 0.021634615384615384
0 0.8894230769230769 0.4338942307692308 0.040865384615384616 0.021634615384615384
0 0.8665865384615384 0.7439903846153846 0.025240384615384616 0.06610576923076923
0 0.8918269230769231 0.8449519230769231 0.021634615384615384 0.03485576923076923
0 0.7560096153846154 0.7560096153846154 0.020432692307692308 0.016826923076923076
0 0.7043269230769231 0.6598557692307693 0.007211538461538462 0.02403846153846154
0 0.8605769230769231 0.6622596153846154 0.03245192307692308 0.037259615384615384
0 0.8858173076923077 0.6911057692307693 0.036057692307692304 0.052884615384615384
0 0.24519230769230768 0.5420673076923077 0.03125 0.027644230769230768
0 0.7379807692307693 0.35697115384615385 0.016826923076923076 0.01201923076923077