2 0.5673076923076923 0.6802884615384616 0.33653846153846156 0.23557692307692307
2 0.5697115384615384 0.46875 0.05889423076923077 0.0985576923076923
2 0.6730769230769231 0.46153846153846156 0.05048076923076923 0.09375
2 0.4074519230769231 0.5336538461538461 0.051682692307692304 0.07692307692307693
2 0.8689903846153846 0.41225961538461536 0.04567307692307692 0.07692307692307693
2 0.6346153846153846 0.47115384615384615 0.037259615384615384 0.06850961538461539
2 0.5096153846153846 0.4963942307692308 0.042067307692307696 0.06850961538461539
2 0.49278846153846156 0.4951923076923077 0.027644230769230768 0.057692307692307696
2 0.796875 0.43990384615384615 0.030048076923076924 0.057692307692307696
2 0.7872596153846154 0.43028846153846156 0.030048076923076924 0.052884615384615384
2 0.7259615384615384 0.4675480769230769 0.016826923076923076 0.040865384615384616
2 0.7512019230769231 0.4639423076923077 0.027644230769230768 0.03485576923076923
2 0.8810096153846154 0.3713942307692308 0.030048076923076924 0.055288461538461536